str14_ctwo.png 347476 1151 965 486
str14_ctwo.png 347759 1152 399 645
str14_ctwo.png 348109 1153 415 590
str14_ctwo.png 348976 1154 1477 565
str14_ctwo.png 349412 1155 356 565
str14_ctwo.png 349545 1156 425 616
str14_ctwo.png 349665 1157 329 622
str14_ctwo.png 349849 1158 301 597
str14_ctwo.png 350049 1159 306 523
str14_ctwo.png 350299 1160 294 536
str14_ctwo.png 350549 1161 380 721
str14_ctwo.png 350733 1162 371 679
str14_ctwo.png 350982 1163 1560 598
str14_ctwo.png 351183 1164 1461 597
str14_ctwo.png 351451 1165 1444 588
str14_ctwo.png 352450 1166 1448 588
#1
str14_ctwo.png 416746 1427 772 420
str14_ctwo.png 417029 1428 403 500
str14_ctwo.png 417379 1429 333 494
str14_ctwo.png 417479 1430 339 478
str14_ctwo.png 417662 1431 328 529
str14_ctwo.png 418095 1432 1507 510
str14_ctwo.png 418263 1433 1432 511
str14_ctwo.png 418496 1434 1436 438
str14_ctwo.png 418796 1435 1440 409
str14_ctwo.png 418929 1436 1441 619
str14_ctwo.png 419163 1437 1421 678
str14_ctwo.png 419513 1438 1441 453
str14_ctwo.png 419746 1439 1432 374
str14_ctwo.png 420129 1440 318 518
str14_ctwo.png 420212 1441 381 528
str14_ctwo.png 420546 1442 326 539
str14_ctwo.png 420829 1443 452 555
str14_ctwo.png 421029 1444 459 545
str14_ctwo.png 421329 1445 392 446
str14_ctwo.png 421562 1446 364 440
#2
str14_ctwo.png 343216 953 433 481
str14_ctwo.png 344199 954 1430 411
str14_ctwo.png 344466 955 1422 420
str14_ctwo.png 345683 956 1393 436
str14_ctwo.png 345950 957 1430 466
str14_ctwo.png 346150 958 1423 471
str14_ctwo.png 346333 959 1427 472
str14_ctwo.png 346416 960 1419 463
str14_ctwo.png 346667 961 1404 411
str14_ctwo.png 346833 962 1419 460
str14_ctwo.png 347116 963 418 525
#3
str14_ctwo.png 382393 1247 910 392
str14_ctwo.png 382693 1248 434 506
str14_ctwo.png 382793 1249 478 480
str14_ctwo.png 382959 1250 482 496
str14_ctwo.png 383443 1251 1491 499
str14_ctwo.png 383610 1252 1438 472
str14_ctwo.png 383776 1253 1455 452
str14_ctwo.png 384510 1254 1470 420
str14_ctwo.png 385110 1255 1486 357
str14_ctwo.png 385343 1256 1503 313
str14_ctwo.png 385743 1257 1496 575
str14_ctwo.png 385910 1258 1479 566
str14_ctwo.png 386764 1259 1456 478
str14_ctwo.png 387064 1260 1423 478
#4
str14_ctwo.png 385448 1002 940 527
str14_ctwo.png 385681 1003 453 539
str14_ctwo.png 385881 1004 481 505
str14_ctwo.png 386882 1005 400 628
str14_ctwo.png 386968 1006 432 577
str14_ctwo.png 387219 1007 406 642
str14_ctwo.png 387519 1008 426 469
str14_ctwo.png 387702 1009 474 525
str14_ctwo.png 387852 1010 377 535
str14_ctwo.png 388102 1011 357 441
str14_ctwo.png 388502 1012 1485 511
str14_ctwo.png 389990 1013 458 499
str14_ctwo.png 390173 1014 460 492
str14_ctwo.png 390340 1015 464 506
#5
str14_ctwo.png 373725 965 875 366
str14_ctwo.png 374643 966 537 440
str14_ctwo.png 374977 967 1459 527
str14_ctwo.png 375127 968 1493 408
str14_ctwo.png 375277 969 1488 381
str14_ctwo.png 375360 970 1494 336
str14_ctwo.png 375660 971 1499 462
str14_ctwo.png 376027 972 1498 589
str14_ctwo.png 376260 973 1491 599
str14_ctwo.png 376494 974 1481 441
str14_ctwo.png 377426 975 509 512
str14_ctwo.png 377693 976 469 454
str14_ctwo.png 377943 977 504 419
str14_ctwo.png 378110 978 438 461
#6
str14_ctwo.png 420103 1036 914 549
str14_ctwo.png 420503 1037 427 531
str14_ctwo.png 421220 1038 1492 403
str14_ctwo.png 421454 1039 1468 369
str14_ctwo.png 421704 1040 1458 384
str14_ctwo.png 421954 1041 376 513
str14_ctwo.png 422070 1042 400 537
str14_ctwo.png 422470 1043 366 519
str14_ctwo.png 423187 1044 403 658
str14_ctwo.png 423821 1045 769 413
str14_ctwo.png 423942 1046 783 438
str14_ctwo.png 424125 1047 466 554
str14_ctwo.png 424591 1048 445 577
#7
str14_ctwo.png 316434 758 941 528
str14_ctwo.png 316786 759 435 519
str14_ctwo.png 317069 760 1416 520
str14_ctwo.png 317220 761 1444 356
str14_ctwo.png 317686 762 424 520
str14_ctwo.png 317920 763 429 535
str14_ctwo.png 318036 764 358 476
str14_ctwo.png 318153 765 394 491
str14_ctwo.png 318768 766 363 529
str14_ctwo.png 319005 767 413 495
str14_ctwo.png 319676 768 451 512
str14_ctwo.png 319981 769 459 536
str14_ctwo.png 320181 770 483 628
str14_ctwo.png 320486 771 465 564
str14_ctwo.png 321079 772 1207 531
str14_ctwo.png 321196 773 1247 522
#8
str14_ctwo.png 385131 1156 999 452
str14_ctwo.png 385348 1157 491 487
str14_ctwo.png 385614 1158 499 473
str14_ctwo.png 385864 1159 1536 537
str14_ctwo.png 385982 1160 1430 524
str14_ctwo.png 386115 1161 1467 424
str14_ctwo.png 386515 1162 1452 581
str14_ctwo.png 386898 1163 1439 358
str14_ctwo.png 387248 1164 338 577
str14_ctwo.png 387348 1165 318 549
str14_ctwo.png 387664 1166 334 498
str14_ctwo.png 388481 1167 305 605
str14_ctwo.png 388681 1168 291 601
str14_ctwo.png 388881 1169 359 534
str14_ctwo.png 389348 1170 297 655
str14_ctwo.png 389448 1171 283 648
str14_ctwo.png 389965 1172 304 520
#9
str14_ctwo.png 364119 785 462 572
str14_ctwo.png 365152 786 1372 556
str14_ctwo.png 365453 787 1441 480
str14_ctwo.png 365669 788 1441 478
str14_ctwo.png 366219 789 475 583
str14_ctwo.png 366868 790 452 537
#10
str14_ctwo.png 340882 1040 520 582
str14_ctwo.png 341513 1041 1546 640
str14_ctwo.png 341735 1042 1479 460
str14_ctwo.png 342038 1043 479 587
str14_ctwo.png 342193 1044 537 554
str14_ctwo.png 342326 1045 504 569
str14_ctwo.png 342609 1046 466 641
str14_ctwo.png 342809 1047 666 547
str14_ctwo.png 343259 1048 870 499
str14_ctwo.png 343526 1049 877 467
str14_ctwo.png 344118 1050 882 464
str14_ctwo.png 344475 1051 559 584
str14_ctwo.png 345009 1052 1468 581
str14_ctwo.png 345259 1053 1447 544
#11
str14_ctwo.png 382992 1092 489 428
str14_ctwo.png 383242 1093 431 504
str14_ctwo.png 383559 1094 392 408
str14_ctwo.png 384426 1095 1505 506
str14_ctwo.png 385192 1096 377 430
str14_ctwo.png 386126 1097 441 389
str14_ctwo.png 386576 1098 537 546
str14_ctwo.png 386742 1099 589 562
str14_ctwo.png 387059 1100 399 605
str14_ctwo.png 387788 1101 368 486
#12
str14_ctwo.png 416970 1197 1064 416
str14_ctwo.png 417284 1198 1370 454
str14_ctwo.png 417518 1199 1421 452
str14_ctwo.png 417950 1200 462 515
str14_ctwo.png 418051 1201 395 455
str14_ctwo.png 418485 1202 381 494
str14_ctwo.png 419035 1203 1412 485
str14_ctwo.png 419135 1204 1433 442
str14_ctwo.png 419552 1205 971 426
str14_ctwo.png 419890 1206 334 408
str14_ctwo.png 419992 1207 388 422
str14_ctwo.png 420342 1208 823 1022
str14_ctwo.png 421259 1211 563 437
str14_ctwo.png 421759 1212 1319 463
str14_ctwo.png 421893 1213 1266 440
#13
str14_ctwo.png 362521 972 502 489
str14_ctwo.png 362687 973 410 517
str14_ctwo.png 363287 974 355 501
str14_ctwo.png 363821 975 1406 497
str14_ctwo.png 364121 976 1411 406
str14_ctwo.png 365204 977 435 514
str14_ctwo.png 365538 978 288 495
str14_ctwo.png 365654 979 354 524
#14
str14_ctwo.png 478227 1332 944 429
str14_ctwo.png 478828 1333 444 436
str14_ctwo.png 478964 1334 438 417
str14_ctwo.png 479164 1335 375 433
str14_ctwo.png 479907 1336 396 432
str14_ctwo.png 480111 1337 379 538
str14_ctwo.png 480661 1338 454 489
str14_ctwo.png 480778 1339 465 462
str14_ctwo.png 481079 1340 1526 432
str14_ctwo.png 481245 1341 1486 355
str14_ctwo.png 481762 1342 377 472
str14_ctwo.png 481928 1343 472 458
str14_ctwo.png 482145 1344 392 489
str14_ctwo.png 482228 1345 389 496
str14_ctwo.png 482845 1346 1030 306
#15
str14_ctwo.png 351185 1165 458 565
str14_ctwo.png 351701 1166 451 566
str14_ctwo.png 352201 1167 438 551
str14_ctwo.png 352501 1168 416 585
str14_ctwo.png 353002 1169 1441 583
str14_ctwo.png 353386 1170 1448 487
str14_ctwo.png 353602 1171 1439 411
str14_ctwo.png 353802 1172 445 530
str14_ctwo.png 354036 1173 438 564
str14_ctwo.png 354453 1174 371 585
str14_ctwo.png 354720 1175 1412 574
str14_ctwo.png 354870 1176 1374 572
str14_ctwo.png 355187 1177 1435 514
str14_ctwo.png 355654 1178 1429 560
#16
str14_ctwo.png 367097 1019 570 558
str14_ctwo.png 367297 1020 496 598
str14_ctwo.png 367513 1021 501 575
str14_ctwo.png 368347 1022 400 485
str14_ctwo.png 368547 1023 242 542
str14_ctwo.png 368730 1024 163 551
str14_ctwo.png 368980 1025 182 537
str14_ctwo.png 369647 1026 1504 379
str14_ctwo.png 369747 1027 1498 440
str14_ctwo.png 370364 1028 1501 411
str14_ctwo.png 370647 1029 1454 436
str14_ctwo.png 370764 1030 1472 402
str14_ctwo.png 371147 1031 1465 413
str14_ctwo.png 371247 1032 1476 431
str14_ctwo.png 371464 1033 1468 459
str14_ctwo.png 371631 1034 1475 444
str14_ctwo.png 371847 1035 391 551
str14_ctwo.png 372080 1036 289 537
#17
str14_ctwo.png 416896 1158 914 450
str14_ctwo.png 417196 1159 350 505
str14_ctwo.png 417345 1160 475 500
str14_ctwo.png 417746 1161 452 464
str14_ctwo.png 418016 1162 1105 475
str14_ctwo.png 418367 1163 1420 448
str14_ctwo.png 418517 1164 1421 472
str14_ctwo.png 418667 1165 1125 516
str14_ctwo.png 419150 1166 1453 477
str14_ctwo.png 420090 1167 314 500
str14_ctwo.png 420262 1168 430 507
str14_ctwo.png 420495 1169 462 505
str14_ctwo.png 420745 1170 393 516
str14_ctwo.png 421478 1171 433 524
str14_ctwo.png 421845 1172 446 500
#18
str14_ctwo.png 346795 1041 451 566
str14_ctwo.png 347761 1042 465 558
str14_ctwo.png 348378 1043 1451 557
str14_ctwo.png 348895 1044 422 568
str14_ctwo.png 349161 1045 469 561
str14_ctwo.png 350244 1046 1343 538
str14_ctwo.png 350411 1047 1444 540
str14_ctwo.png 350811 1048 1439 496
str14_ctwo.png 351411 1049 471 585
#19
str14_ctwo.png 329542 1155 1162 409
str14_ctwo.png 329729 1156 582 548
str14_ctwo.png 330063 1157 467 597
str14_ctwo.png 330196 1158 473 533
str14_ctwo.png 330380 1159 1431 452
str14_ctwo.png 330647 1160 1450 476
str14_ctwo.png 330831 1161 449 509
str14_ctwo.png 331063 1162 472 525
str14_ctwo.png 331680 1163 1483 473
str14_ctwo.png 331798 1164 1451 511
str14_ctwo.png 332581 1165 1439 435
str14_ctwo.png 332998 1166 1463 537
str14_ctwo.png 333198 1167 1457 562
str14_ctwo.png 333382 1168 456 519
str14_ctwo.png 333598 1169 486 519
str14_ctwo.png 333849 1170 430 525
str14_ctwo.png 334165 1171 457 536
#20
str14_ctwo.png 328960 1017 798 446
str14_ctwo.png 329030 1018 801 427
str14_ctwo.png 329213 1019 446 515
str14_ctwo.png 329596 1020 448 516
str14_ctwo.png 329763 1021 403 604
str14_ctwo.png 330180 1022 1454 541
str14_ctwo.png 330363 1023 1463 403
str14_ctwo.png 330530 1024 1442 396
str14_ctwo.png 330747 1025 1449 562
str14_ctwo.png 331130 1026 1446 771
str14_ctwo.png 331297 1027 1469 697
str14_ctwo.png 331530 1028 1474 421
str14_ctwo.png 331997 1029 447 530
str14_ctwo.png 332097 1030 462 550
str14_ctwo.png 332280 1031 400 465
str14_ctwo.png 332463 1032 424 472
str14_ctwo.png 332913 1033 408 615
str14_ctwo.png 333029 1034 413 713
str14_ctwo.png 333263 1035 464 626
str14_ctwo.png 333646 1036 412 509
#21
str14_ctwo.png 341757 1052 353 516
str14_ctwo.png 341873 1053 393 495
str14_ctwo.png 342356 1054 339 494
str14_ctwo.png 342606 1055 397 501
str14_ctwo.png 343256 1056 363 479
str14_ctwo.png 343506 1057 458 490
str14_ctwo.png 343706 1058 413 507
str14_ctwo.png 343940 1059 437 521
str14_ctwo.png 344323 1060 1421 514
str14_ctwo.png 344457 1061 1450 425
str14_ctwo.png 344690 1062 1456 377
str14_ctwo.png 344923 1063 1468 568
str14_ctwo.png 345190 1064 1430 642
str14_ctwo.png 345540 1065 1453 561
str14_ctwo.png 345907 1066 1432 420
#22
str14_ctwo.png 320055 985 958 439
str14_ctwo.png 320288 986 454 492
str14_ctwo.png 321122 987 435 491
str14_ctwo.png 321555 988 1458 552
str14_ctwo.png 321773 989 1465 419
str14_ctwo.png 321906 990 1454 412
str14_ctwo.png 322106 991 1493 520
str14_ctwo.png 322939 992 1465 450
str14_ctwo.png 323039 993 1469 406
str14_ctwo.png 323722 994 448 498
str14_ctwo.png 324022 995 368 502
str14_ctwo.png 324372 996 457 545
#23
str14_ctwo.png 407573 1315 1483 510
str14_ctwo.png 407793 1316 1482 467
str14_ctwo.png 408123 1317 1464 491
str14_ctwo.png 408312 1318 1487 578
str14_ctwo.png 408612 1319 441 593
str14_ctwo.png 408728 1320 413 610
str14_ctwo.png 408845 1321 387 526
str14_ctwo.png 408961 1322 423 510
str14_ctwo.png 409178 1323 456 507
str14_ctwo.png 409328 1324 479 514
str14_ctwo.png 410011 1325 407 438
str14_ctwo.png 410211 1326 349 436
str14_ctwo.png 410511 1327 377 578
str14_ctwo.png 410861 1328 369 665
str14_ctwo.png 411061 1329 395 687
str14_ctwo.png 411444 1330 482 644
str14_ctwo.png 411711 1331 543 622
str14_ctwo.png 411961 1332 468 521
#24
str14_ctwo.png 316075 946 371 466
str14_ctwo.png 316324 947 1555 459
str14_ctwo.png 316641 948 1484 402
str14_ctwo.png 317024 949 471 461
str14_ctwo.png 317408 950 1483 429
str14_ctwo.png 319009 951 1440 469
str14_ctwo.png 319242 952 1435 451
str14_ctwo.png 319525 953 1426 459
str14_ctwo.png 320176 954 1523 468
str14_ctwo.png 320383 955 1504 495
#25
str14_ctwo.png 342921 1019 993 520
str14_ctwo.png 342988 1020 994 498
str14_ctwo.png 343138 1021 1016 513
str14_ctwo.png 343372 1022 1038 417
str14_ctwo.png 343555 1023 1030 505
str14_ctwo.png 343888 1024 1030 482
str14_ctwo.png 344338 1025 999 479
str14_ctwo.png 344605 1026 1059 433
str14_ctwo.png 344772 1027 1064 457
str14_ctwo.png 344938 1028 1058 461
str14_ctwo.png 345238 1029 1076 437
str14_ctwo.png 345421 1030 988 482
str14_ctwo.png 345605 1031 996 522
str14_ctwo.png 345738 1032 1022 491
str14_ctwo.png 346272 1033 1008 453
str14_ctwo.png 346488 1034 998 479
str14_ctwo.png 346672 1035 990 495
str14_ctwo.png 347038 1036 942 526
str14_ctwo.png 347371 1037 943 520
str14_ctwo.png 347571 1038 1009 480
str14_ctwo.png 347755 1039 964 473
#26
str14_ctwo.png 390333 1238 994 572
str14_ctwo.png 390566 1239 501 580
str14_ctwo.png 390716 1240 446 582
str14_ctwo.png 391016 1241 1497 480
str14_ctwo.png 391150 1242 1426 507
str14_ctwo.png 391300 1243 1458 443
str14_ctwo.png 392371 1244 456 549
str14_ctwo.png 392638 1245 471 558
str14_ctwo.png 392923 1246 452 517
str14_ctwo.png 393494 1247 489 491
str14_ctwo.png 393794 1248 421 539
str14_ctwo.png 393961 1249 428 536
str14_ctwo.png 394731 1250 447 552
str14_ctwo.png 395000 1251 478 538
#27
str14_ctwo.png 334159 1046 1028 424
str14_ctwo.png 334442 1047 563 484
str14_ctwo.png 334692 1048 482 535
str14_ctwo.png 334958 1049 353 548
str14_ctwo.png 335158 1050 370 525
str14_ctwo.png 335292 1051 400 454
str14_ctwo.png 336042 1052 1418 499
str14_ctwo.png 336426 1053 1439 467
str14_ctwo.png 336742 1054 1426 467
str14_ctwo.png 336826 1055 1422 508
str14_ctwo.png 337326 1056 1457 503
str14_ctwo.png 337609 1057 466 553
str14_ctwo.png 337859 1058 461 516
str14_ctwo.png 338309 1059 473 508
str14_ctwo.png 338675 1060 1522 473
str14_ctwo.png 338792 1061 1388 484
str14_ctwo.png 339059 1062 1456 517
str14_ctwo.png 339176 1063 1419 499
#28
str14_ctwo.png 448243 1328 376 464
str14_ctwo.png 448392 1329 414 458
str14_ctwo.png 448559 1330 1529 458
str14_ctwo.png 448726 1331 1485 444
str14_ctwo.png 449126 1332 1469 383
str14_ctwo.png 449709 1333 1482 414
str14_ctwo.png 449945 1334 394 494
str14_ctwo.png 450144 1335 443 497
str14_ctwo.png 450444 1336 432 452
str14_ctwo.png 450678 1337 439 471
str14_ctwo.png 450811 1338 464 537
str14_ctwo.png 451044 1339 630 615
str14_ctwo.png 451345 1340 920 552
str14_ctwo.png 451694 1341 598 475
str14_ctwo.png 451911 1342 483 458
str14_ctwo.png 452327 1343 847 517
str14_ctwo.png 452528 1344 480 472
str14_ctwo.png 452861 1345 484 505
#29
str14_ctwo.png 381136 1128 450 554
str14_ctwo.png 381403 1129 1426 533
str14_ctwo.png 381503 1130 1372 539
str14_ctwo.png 381586 1131 1434 543
str14_ctwo.png 381836 1132 1448 405
str14_ctwo.png 382203 1133 396 518
str14_ctwo.png 382303 1134 453 546
str14_ctwo.png 382536 1135 1475 535
str14_ctwo.png 382637 1136 1429 529
str14_ctwo.png 382836 1137 1433 432
str14_ctwo.png 383237 1138 422 549
str14_ctwo.png 383487 1139 465 544
str14_ctwo.png 384674 1140 1402 440
str14_ctwo.png 385007 1141 371 601
str14_ctwo.png 385223 1142 430 504
str14_ctwo.png 385840 1143 481 523
#30
str14_ctwo.png 365277 1183 1321 576
str14_ctwo.png 365427 1184 1447 530
str14_ctwo.png 365644 1185 1460 426
str14_ctwo.png 365877 1186 521 526
str14_ctwo.png 366060 1187 469 548
str14_ctwo.png 366910 1188 1441 486
str14_ctwo.png 367511 1189 1085 542
str14_ctwo.png 367779 1190 416 587
str14_ctwo.png 368511 1191 1348 585
str14_ctwo.png 369545 1192 925 568
str14_ctwo.png 370012 1193 470 575
#31
str14_ctwo.png 360557 1154 402 523
str14_ctwo.png 360723 1155 431 525
str14_ctwo.png 360940 1156 402 514
str14_ctwo.png 361190 1157 1393 470
str14_ctwo.png 361374 1158 1434 449
str14_ctwo.png 361691 1159 433 502
str14_ctwo.png 361907 1160 455 513
str14_ctwo.png 362274 1161 428 468
str14_ctwo.png 362991 1162 1280 475
str14_ctwo.png 363225 1163 493 480
str14_ctwo.png 363792 1164 437 503
str14_ctwo.png 364128 1165 431 476
str14_ctwo.png 364929 1166 1427 438
#32
str14_ctwo.png 363326 1216 968 448
str14_ctwo.png 363492 1217 484 503
str14_ctwo.png 364226 1218 1453 395
str14_ctwo.png 364493 1219 1454 470
str14_ctwo.png 364944 1220 1431 405
str14_ctwo.png 365144 1221 488 470
str14_ctwo.png 365346 1222 471 492
str14_ctwo.png 365613 1223 398 522
str14_ctwo.png 365913 1224 475 528
str14_ctwo.png 366163 1225 392 653
str14_ctwo.png 366579 1226 497 518
str14_ctwo.png 367063 1227 417 382
str14_ctwo.png 367263 1228 390 404
str14_ctwo.png 367829 1229 1409 461
str14_ctwo.png 368014 1230 1433 448
#33
str14_ctwo.png 441246 1119 1471 417
str14_ctwo.png 441329 1120 1421 417
str14_ctwo.png 441513 1121 1483 291
str14_ctwo.png 441729 1122 1469 311
str14_ctwo.png 442112 1123 409 348
str14_ctwo.png 442245 1124 380 338
str14_ctwo.png 442596 1125 1460 411
str14_ctwo.png 443196 1126 1471 515
str14_ctwo.png 443313 1127 1475 487
str14_ctwo.png 443546 1128 687 486
str14_ctwo.png 443729 1129 385 436
str14_ctwo.png 443979 1130 1232 383
str14_ctwo.png 444212 1131 898 368
str14_ctwo.png 444979 1132 1489 278
str14_ctwo.png 445513 1133 1480 292
str14_ctwo.png 445813 1134 1487 265
#34
str14_ctwo.png 348993 993 788 444
str14_ctwo.png 349159 994 448 504
str14_ctwo.png 349292 995 474 508
str14_ctwo.png 349642 996 1455 560
str14_ctwo.png 349826 997 1453 494
str14_ctwo.png 350600 998 546 558
str14_ctwo.png 350933 999 490 553
str14_ctwo.png 351300 1000 1056 683
str14_ctwo.png 353383 1006 1132 541
str14_ctwo.png 353700 1007 1024 555
#35
str14_ctwo.png 354409 1156 1389 471
str14_ctwo.png 354643 1157 1414 467
str14_ctwo.png 355060 1158 424 525
str14_ctwo.png 355476 1159 338 539
str14_ctwo.png 356010 1160 457 541
str14_ctwo.png 356697 1161 1449 490
str14_ctwo.png 356947 1162 1427 460
str14_ctwo.png 357447 1163 1439 453
str14_ctwo.png 357917 1164 346 526
str14_ctwo.png 358067 1165 393 548
str14_ctwo.png 358183 1166 339 618
str14_ctwo.png 358433 1167 445 521
#36
str14_ctwo.png 382429 1166 486 509
str14_ctwo.png 382679 1167 483 491
str14_ctwo.png 382946 1168 1385 484
str14_ctwo.png 383446 1169 1492 499
str14_ctwo.png 383982 1170 419 509
str14_ctwo.png 384132 1171 420 484
str14_ctwo.png 384465 1172 425 500
str14_ctwo.png 384882 1173 1321 474
str14_ctwo.png 385232 1174 1539 485
str14_ctwo.png 385615 1175 456 541
str14_ctwo.png 385849 1176 434 539
str14_ctwo.png 386166 1177 544 542
str14_ctwo.png 386533 1178 1449 593
str14_ctwo.png 387100 1179 1447 582
#37
str14_ctwo.png 351355 1120 968 468
str14_ctwo.png 351521 1121 520 497
str14_ctwo.png 351889 1122 1433 493
str14_ctwo.png 352255 1123 394 527
str14_ctwo.png 352722 1124 408 520
str14_ctwo.png 353812 1125 638 365
str14_ctwo.png 354032 1126 730 354
str14_ctwo.png 354616 1127 485 519
str14_ctwo.png 354933 1128 1451 420
str14_ctwo.png 355267 1129 850 459
str14_ctwo.png 355434 1130 851 477
str14_ctwo.png 355567 1131 852 466
str14_ctwo.png 355833 1132 850 480
str14_ctwo.png 355950 1133 825 431
str14_ctwo.png 356067 1134 828 404
#38
str14_ctwo.png 350294 954 1027 563
str14_ctwo.png 351045 955 1024 569
str14_ctwo.png 351195 956 1026 558
str14_ctwo.png 351728 957 1043 548
str14_ctwo.png 352678 958 1038 586
str14_ctwo.png 352811 959 1050 557
str14_ctwo.png 353311 960 1046 563
str14_ctwo.png 353545 961 1042 556
str14_ctwo.png 353761 962 1050 545
str14_ctwo.png 354294 963 1051 549
str14_ctwo.png 354694 964 568 554
#39
str14_ctwo.png 323865 830 786 490
str14_ctwo.png 323999 831 419 479
str14_ctwo.png 324416 832 1494 400
str14_ctwo.png 324566 833 1453 390
str14_ctwo.png 324899 834 1426 374
str14_ctwo.png 325099 835 525 434
str14_ctwo.png 326127 836 603 403
str14_ctwo.png 326282 837 492 354
str14_ctwo.png 328050 840 464 427
str14_ctwo.png 328233 841 831 452
str14_ctwo.png 328483 842 875 436
#40
str14_ctwo.png 357275 1045 674 493
str14_ctwo.png 357442 1046 488 480
str14_ctwo.png 357708 1047 487 502
str14_ctwo.png 358225 1048 1493 438
str14_ctwo.png 358359 1049 1439 428
str14_ctwo.png 358509 1050 1455 365
str14_ctwo.png 359659 1051 1457 342
str14_ctwo.png 359876 1052 1451 334
str14_ctwo.png 360309 1053 427 415
str14_ctwo.png 360426 1054 403 426
str14_ctwo.png 360560 1055 460 439
str14_ctwo.png 361627 1056 1511 411
str14_ctwo.png 361777 1057 1442 390
#41
str14_ctwo.png 325322 876 221 604
str14_ctwo.png 325438 877 371 583
str14_ctwo.png 325938 878 1478 564
str14_ctwo.png 326155 879 1484 477
str14_ctwo.png 327288 880 336 561
#42
str14_ctwo.png 355013 1123 410 462
str14_ctwo.png 355129 1124 441 463
str14_ctwo.png 355379 1125 436 413
str14_ctwo.png 355696 1126 1453 413
str14_ctwo.png 355779 1127 1397 429
str14_ctwo.png 355930 1128 1432 429
str14_ctwo.png 356163 1129 330 446
str14_ctwo.png 356246 1130 360 447
str14_ctwo.png 356613 1131 427 434
str14_ctwo.png 357046 1132 383 414
str14_ctwo.png 357346 1133 436 431
str14_ctwo.png 357879 1134 416 457
str14_ctwo.png 358163 1135 338 479
str14_ctwo.png 358379 1136 360 607
str14_ctwo.png 358746 1137 369 632
str14_ctwo.png 359013 1138 467 585
str14_ctwo.png 359229 1139 539 570
str14_ctwo.png 359363 1140 415 401
str14_ctwo.png 359679 1141 1495 416
#43
