str17_ctwo.png 364598 1197 313 623
str17_ctwo.png 364698 1198 411 627
str17_ctwo.png 364814 1199 348 534
str17_ctwo.png 365015 1200 325 503
str17_ctwo.png 365249 1201 1528 552
str17_ctwo.png 365382 1202 1412 566
str17_ctwo.png 365666 1203 1466 618
str17_ctwo.png 366066 1204 1516 610
str17_ctwo.png 366299 1205 669 577
str17_ctwo.png 366466 1206 396 524
str17_ctwo.png 367033 1207 1474 601
str17_ctwo.png 367284 1208 1571 574
str17_ctwo.png 367650 1209 1424 549
str17_ctwo.png 367817 1210 1372 562
str17_ctwo.png 368217 1211 1461 650
str17_ctwo.png 368534 1212 1559 578
str17_ctwo.png 368817 1213 1582 572
str17_ctwo.png 369000 1214 1509 520
#1
str17_ctwo.png 439791 1504 385 445
str17_ctwo.png 440008 1505 404 540
str17_ctwo.png 440424 1506 350 426
str17_ctwo.png 440541 1507 365 489
str17_ctwo.png 441041 1508 1328 620
str17_ctwo.png 441158 1509 1344 574
str17_ctwo.png 441292 1510 1445 625
str17_ctwo.png 441375 1511 1451 607
str17_ctwo.png 441625 1512 1452 606
str17_ctwo.png 441758 1513 1426 474
str17_ctwo.png 441958 1514 1328 501
str17_ctwo.png 442325 1515 294 550
str17_ctwo.png 442441 1516 362 536
str17_ctwo.png 442708 1517 441 571
str17_ctwo.png 442991 1518 451 651
str17_ctwo.png 443291 1519 362 572
str17_ctwo.png 443591 1520 350 401
str17_ctwo.png 444041 1521 346 413
str17_ctwo.png 444358 1522 388 381
#2
str17_ctwo.png 360399 984 456 450
str17_ctwo.png 364243 985 1375 528
str17_ctwo.png 364582 986 1360 529
#3
str17_ctwo.png 401464 1308 426 421
str17_ctwo.png 402047 1309 405 404
str17_ctwo.png 402447 1310 466 390
str17_ctwo.png 402814 1311 1378 473
str17_ctwo.png 403049 1312 1511 489
str17_ctwo.png 403266 1313 1477 500
str17_ctwo.png 404018 1314 491 459
str17_ctwo.png 404235 1315 462 518
str17_ctwo.png 404435 1316 515 548
str17_ctwo.png 405035 1317 1399 488
str17_ctwo.png 405202 1318 1518 471
str17_ctwo.png 405537 1319 1484 572
str17_ctwo.png 405937 1320 470 426
#4
str17_ctwo.png 403077 1051 434 531
str17_ctwo.png 403210 1052 468 461
str17_ctwo.png 403444 1053 525 580
str17_ctwo.png 403544 1054 531 598
str17_ctwo.png 403710 1055 511 658
str17_ctwo.png 403944 1056 395 463
str17_ctwo.png 404110 1057 394 455
str17_ctwo.png 404377 1058 1450 559
str17_ctwo.png 404494 1059 1413 551
str17_ctwo.png 405011 1060 1530 499
str17_ctwo.png 405594 1061 505 623
str17_ctwo.png 405748 1062 505 586
str17_ctwo.png 405931 1063 518 584
str17_ctwo.png 406048 1064 429 591
str17_ctwo.png 406231 1065 402 590
str17_ctwo.png 406415 1066 536 558
str17_ctwo.png 406565 1067 530 591
str17_ctwo.png 407598 1068 469 528
#5
str17_ctwo.png 393096 1015 976 436
str17_ctwo.png 393862 1016 553 510
str17_ctwo.png 394162 1017 310 423
str17_ctwo.png 394651 1018 460 445
str17_ctwo.png 395219 1019 1364 547
str17_ctwo.png 395402 1020 1499 472
str17_ctwo.png 395869 1021 1386 475
str17_ctwo.png 396252 1022 1552 452
str17_ctwo.png 397418 1023 509 444
#6
str17_ctwo.png 446906 1101 885 557
str17_ctwo.png 447056 1102 419 497
str17_ctwo.png 447840 1103 1478 566
str17_ctwo.png 448140 1104 414 541
str17_ctwo.png 448408 1105 378 476
str17_ctwo.png 449058 1106 416 498
str17_ctwo.png 451158 1107 421 470
#7
str17_ctwo.png 334043 810 428 460
str17_ctwo.png 334276 811 353 416
str17_ctwo.png 334409 812 388 435
str17_ctwo.png 334559 813 1409 509
str17_ctwo.png 335259 814 1386 503
str17_ctwo.png 335426 815 1488 489
str17_ctwo.png 335809 816 1441 469
str17_ctwo.png 335976 817 1367 489
str17_ctwo.png 336127 818 1360 492
str17_ctwo.png 336394 819 1320 513
str17_ctwo.png 336527 820 1384 495
str17_ctwo.png 336894 821 1427 548
str17_ctwo.png 337286 822 1470 469
str17_ctwo.png 337555 823 1372 487
str17_ctwo.png 337875 824 1067 491
str17_ctwo.png 338175 825 775 456
str17_ctwo.png 338525 826 1310 507
str17_ctwo.png 338708 827 1438 507
#8
str17_ctwo.png 406783 1223 704 393
str17_ctwo.png 407033 1224 346 478
str17_ctwo.png 407533 1225 1329 486
str17_ctwo.png 407850 1226 1441 483
str17_ctwo.png 408067 1227 1440 495
str17_ctwo.png 408417 1228 458 452
str17_ctwo.png 408616 1229 369 541
str17_ctwo.png 408966 1230 339 474
str17_ctwo.png 409200 1231 289 422
str17_ctwo.png 409450 1232 400 564
str17_ctwo.png 409816 1233 1474 527
str17_ctwo.png 410116 1234 1407 503
str17_ctwo.png 410750 1235 1534 509
str17_ctwo.png 411000 1236 1457 513
#9
str17_ctwo.png 387924 825 485 503
str17_ctwo.png 389374 826 1332 511
str17_ctwo.png 389591 827 1458 516
str17_ctwo.png 389741 828 1430 536
str17_ctwo.png 389958 829 434 529
str17_ctwo.png 390108 830 449 547
str17_ctwo.png 390474 831 422 471
#10
str17_ctwo.png 360869 1102 947 495
str17_ctwo.png 361219 1103 446 577
str17_ctwo.png 361318 1104 497 535
str17_ctwo.png 361502 1105 528 588
str17_ctwo.png 361770 1106 503 562
str17_ctwo.png 362037 1107 504 627
str17_ctwo.png 362319 1108 526 672
str17_ctwo.png 362453 1109 454 486
str17_ctwo.png 363103 1110 504 476
str17_ctwo.png 363811 1111 1477 577
str17_ctwo.png 364012 1112 1536 556
str17_ctwo.png 364295 1113 1549 545
str17_ctwo.png 364645 1114 1492 538
str17_ctwo.png 364979 1115 1436 540
str17_ctwo.png 365479 1116 1476 619
str17_ctwo.png 365629 1117 1558 550
str17_ctwo.png 365879 1118 1517 536
#11
str17_ctwo.png 402893 1146 358 334
str17_ctwo.png 403298 1147 460 490
str17_ctwo.png 403598 1148 412 420
str17_ctwo.png 403848 1149 388 330
str17_ctwo.png 404015 1150 389 331
str17_ctwo.png 404332 1151 1402 489
str17_ctwo.png 404516 1152 1527 481
str17_ctwo.png 404982 1153 1424 530
str17_ctwo.png 405382 1154 481 416
str17_ctwo.png 405532 1155 396 323
str17_ctwo.png 405765 1156 425 492
str17_ctwo.png 405948 1157 505 563
str17_ctwo.png 406482 1158 503 499
str17_ctwo.png 406798 1159 402 504
str17_ctwo.png 407032 1160 378 481
#12
str17_ctwo.png 437495 1265 1385 496
str17_ctwo.png 437728 1266 505 518
str17_ctwo.png 437926 1267 400 422
str17_ctwo.png 440221 1274 448 446
str17_ctwo.png 440805 1275 398 374
str17_ctwo.png 440923 1276 474 394
str17_ctwo.png 441141 1277 406 389
str17_ctwo.png 441407 1278 1331 537
str17_ctwo.png 441491 1279 1344 514
str17_ctwo.png 441643 1280 1294 505
str17_ctwo.png 441876 1281 1435 480
#13
str17_ctwo.png 380121 1012 780 439
str17_ctwo.png 380271 1013 471 498
str17_ctwo.png 380855 1014 409 494
str17_ctwo.png 381088 1015 497 495
str17_ctwo.png 381406 1016 1331 522
str17_ctwo.png 381723 1017 1427 502
str17_ctwo.png 381923 1018 1443 511
str17_ctwo.png 382956 1019 1421 493
str17_ctwo.png 383289 1020 1369 502
str17_ctwo.png 383639 1021 427 466
str17_ctwo.png 383789 1022 460 505
str17_ctwo.png 384239 1023 415 564
str17_ctwo.png 384739 1024 360 581
#14
str17_ctwo.png 500803 1389 406 322
str17_ctwo.png 501122 1390 390 330
str17_ctwo.png 501638 1391 453 416
str17_ctwo.png 502672 1392 395 306
str17_ctwo.png 503255 1393 485 391
str17_ctwo.png 503455 1394 484 397
str17_ctwo.png 503722 1395 427 445
str17_ctwo.png 504339 1396 1478 448
str17_ctwo.png 504706 1397 1531 443
str17_ctwo.png 504955 1398 1457 449
#15
str17_ctwo.png 368079 1218 988 502
str17_ctwo.png 368369 1219 1423 553
str17_ctwo.png 368720 1220 389 548
str17_ctwo.png 368870 1221 442 558
str17_ctwo.png 369120 1222 385 500
str17_ctwo.png 369570 1223 1379 537
str17_ctwo.png 370221 1226 1387 532
str17_ctwo.png 370604 1227 1471 527
str17_ctwo.png 370838 1228 1508 584
str17_ctwo.png 371254 1229 401 491
str17_ctwo.png 371404 1230 465 494
str17_ctwo.png 371605 1231 385 547
str17_ctwo.png 372171 1232 455 534
str17_ctwo.png 372671 1233 385 503
str17_ctwo.png 372921 1234 467 669
#16
str17_ctwo.png 384380 1073 849 262
str17_ctwo.png 385030 1075 1470 722
str17_ctwo.png 385181 1076 1467 686
str17_ctwo.png 385979 1078 249 491
str17_ctwo.png 386380 1079 343 414
str17_ctwo.png 386848 1080 396 393
str17_ctwo.png 387065 1081 399 521
str17_ctwo.png 387265 1082 473 506
str17_ctwo.png 387598 1083 1478 548
str17_ctwo.png 387715 1084 1496 521
str17_ctwo.png 387966 1085 1479 411
str17_ctwo.png 388716 1086 1572 502
str17_ctwo.png 389166 1087 326 504
#17
str17_ctwo.png 437247 1211 1295 391
str17_ctwo.png 437815 1212 821 459
str17_ctwo.png 438197 1213 435 456
str17_ctwo.png 438647 1214 354 406
str17_ctwo.png 438897 1215 724 448
str17_ctwo.png 439231 1216 396 499
str17_ctwo.png 439715 1217 402 552
str17_ctwo.png 440018 1218 358 550
str17_ctwo.png 440185 1219 355 392
str17_ctwo.png 440651 1220 1417 466
str17_ctwo.png 440868 1221 1510 466
str17_ctwo.png 441019 1222 1378 535
str17_ctwo.png 441569 1223 1485 522
str17_ctwo.png 442002 1224 1446 492
#18
str17_ctwo.png 364369 1082 971 540
str17_ctwo.png 364619 1083 477 540
str17_ctwo.png 365002 1084 457 583
str17_ctwo.png 365802 1085 1452 542
str17_ctwo.png 366352 1086 1396 544
str17_ctwo.png 366752 1087 1444 535
str17_ctwo.png 367052 1088 1391 545
str17_ctwo.png 367569 1089 1472 558
str17_ctwo.png 367869 1090 1494 526
str17_ctwo.png 368352 1091 1445 542
str17_ctwo.png 369119 1092 452 517
#19
str17_ctwo.png 348548 1217 756 493
str17_ctwo.png 348791 1218 522 507
str17_ctwo.png 349074 1219 1427 543
str17_ctwo.png 349358 1220 405 419
str17_ctwo.png 349574 1221 386 459
str17_ctwo.png 349841 1222 427 602
str17_ctwo.png 350108 1223 507 651
str17_ctwo.png 350642 1224 1449 538
str17_ctwo.png 351193 1225 352 426
str17_ctwo.png 351293 1226 391 459
str17_ctwo.png 351859 1227 457 646
str17_ctwo.png 352126 1228 492 683
str17_ctwo.png 352293 1229 424 426
str17_ctwo.png 352576 1230 387 445
str17_ctwo.png 352809 1231 517 592
str17_ctwo.png 353176 1232 458 540
str17_ctwo.png 353393 1233 429 510
#20
str17_ctwo.png 346296 1076 452 457
str17_ctwo.png 346512 1077 439 568
str17_ctwo.png 346729 1078 1442 545
str17_ctwo.png 347062 1079 399 562
str17_ctwo.png 347379 1080 486 646
str17_ctwo.png 347612 1081 389 438
str17_ctwo.png 347946 1082 1466 497
str17_ctwo.png 348130 1083 1434 508
str17_ctwo.png 348346 1084 1458 524
str17_ctwo.png 348863 1085 1343 525
str17_ctwo.png 349179 1086 1491 531
str17_ctwo.png 349846 1087 1524 514
str17_ctwo.png 350179 1088 1385 570
str17_ctwo.png 350496 1089 1500 617
str17_ctwo.png 350713 1090 1218 589
str17_ctwo.png 350879 1091 473 529
#21
str17_ctwo.png 359367 1101 897 510
str17_ctwo.png 359567 1102 898 512
str17_ctwo.png 360067 1103 368 473
str17_ctwo.png 360334 1104 351 440
str17_ctwo.png 360650 1105 343 437
str17_ctwo.png 360750 1106 346 443
str17_ctwo.png 361000 1107 451 538
str17_ctwo.png 361317 1108 376 526
str17_ctwo.png 361733 1109 908 486
str17_ctwo.png 361933 1110 1411 515
str17_ctwo.png 362017 1111 1374 505
str17_ctwo.png 362134 1112 1471 487
str17_ctwo.png 362601 1113 1428 477
str17_ctwo.png 363384 1114 1479 515
str17_ctwo.png 363634 1115 1405 599
str17_ctwo.png 363767 1116 1189 538
str17_ctwo.png 364134 1117 1146 525
#22
str17_ctwo.png 337393 1028 982 421
str17_ctwo.png 337749 1029 458 454
str17_ctwo.png 338049 1030 426 456
str17_ctwo.png 338216 1031 430 467
str17_ctwo.png 339150 1032 1477 521
str17_ctwo.png 339484 1033 1451 507
str17_ctwo.png 339768 1034 1531 509
str17_ctwo.png 339984 1035 1472 496
str17_ctwo.png 340351 1036 507 551
str17_ctwo.png 340734 1037 423 482
str17_ctwo.png 341318 1038 491 604
str17_ctwo.png 341835 1039 1007 505
str17_ctwo.png 342135 1040 1007 493
#23
str17_ctwo.png 425997 1383 1435 519
str17_ctwo.png 426280 1384 1527 522
str17_ctwo.png 426747 1385 1404 486
str17_ctwo.png 426914 1386 414 496
str17_ctwo.png 427130 1387 438 491
str17_ctwo.png 427246 1388 483 629
str17_ctwo.png 427513 1389 494 678
str17_ctwo.png 427780 1390 385 593
str17_ctwo.png 428046 1391 447 530
str17_ctwo.png 428263 1392 414 432
str17_ctwo.png 428546 1393 385 430
str17_ctwo.png 428930 1394 497 552
str17_ctwo.png 429296 1395 387 415
str17_ctwo.png 429613 1396 1414 603
str17_ctwo.png 429880 1397 1450 556
str17_ctwo.png 430031 1398 1415 534
str17_ctwo.png 430231 1399 1489 504
str17_ctwo.png 430481 1400 1528 502
#24
str17_ctwo.png 332701 990 781 395
str17_ctwo.png 333034 991 1402 496
str17_ctwo.png 333151 992 1412 467
str17_ctwo.png 333518 993 347 451
str17_ctwo.png 333885 994 397 431
str17_ctwo.png 334052 995 448 424
str17_ctwo.png 334185 996 467 419
str17_ctwo.png 334668 997 479 423
str17_ctwo.png 335002 998 1524 493
str17_ctwo.png 335119 999 1470 468
str17_ctwo.png 336119 1000 426 439
str17_ctwo.png 336570 1002 559 360
str17_ctwo.png 336720 1003 459 412
str17_ctwo.png 337020 1004 507 434
#25
str17_ctwo.png 360112 1078 1054 455
str17_ctwo.png 360646 1079 946 528
str17_ctwo.png 361052 1080 975 498
str17_ctwo.png 361152 1081 939 514
str17_ctwo.png 361452 1082 946 517
str17_ctwo.png 361585 1083 954 495
str17_ctwo.png 362319 1084 928 505
str17_ctwo.png 362536 1085 917 484
str17_ctwo.png 362886 1086 915 507
str17_ctwo.png 363035 1087 1148 515
str17_ctwo.png 363152 1088 1166 541
str17_ctwo.png 363452 1089 903 524
str17_ctwo.png 363619 1090 909 486
str17_ctwo.png 363752 1091 892 490
str17_ctwo.png 364385 1092 909 481
str17_ctwo.png 364735 1093 952 541
#26
str17_ctwo.png 410400 1299 493 509
str17_ctwo.png 410633 1300 374 561
str17_ctwo.png 410766 1301 347 620
str17_ctwo.png 410983 1302 364 627
str17_ctwo.png 411133 1303 379 478
str17_ctwo.png 411349 1304 372 461
str17_ctwo.png 411599 1305 448 580
str17_ctwo.png 411833 1306 351 634
str17_ctwo.png 411966 1307 455 684
str17_ctwo.png 412433 1308 329 503
str17_ctwo.png 412599 1309 338 505
str17_ctwo.png 413016 1310 1460 519
str17_ctwo.png 413150 1311 1374 549
str17_ctwo.png 413350 1312 1495 517
str17_ctwo.png 413817 1313 1412 569
str17_ctwo.png 415116 1314 391 555
#27
str17_ctwo.png 355967 1104 464 502
str17_ctwo.png 356583 1105 403 414
str17_ctwo.png 357167 1106 1408 567
str17_ctwo.png 357451 1107 1383 529
str17_ctwo.png 357767 1108 1436 525
str17_ctwo.png 358151 1109 1436 498
str17_ctwo.png 358401 1110 1427 499
str17_ctwo.png 358933 1111 467 445
str17_ctwo.png 359150 1112 413 456
str17_ctwo.png 359317 1113 416 428
str17_ctwo.png 359700 1114 1443 525
str17_ctwo.png 359800 1115 1323 553
str17_ctwo.png 360000 1116 1444 523
#28
str17_ctwo.png 474257 1413 451 447
str17_ctwo.png 474924 1414 390 422
str17_ctwo.png 475290 1415 1494 507
str17_ctwo.png 475957 1416 446 444
str17_ctwo.png 476290 1417 388 466
str17_ctwo.png 476507 1418 491 641
str17_ctwo.png 477090 1419 396 594
str17_ctwo.png 477290 1420 375 604
str17_ctwo.png 477507 1421 375 437
str17_ctwo.png 478023 1422 362 444
str17_ctwo.png 478407 1423 524 582
#29
str17_ctwo.png 401193 1184 1189 414
str17_ctwo.png 401476 1185 425 511
str17_ctwo.png 401793 1186 468 606
str17_ctwo.png 402044 1187 465 667
str17_ctwo.png 402327 1188 380 583
str17_ctwo.png 402594 1189 473 581
str17_ctwo.png 402960 1190 470 674
str17_ctwo.png 403510 1191 1416 556
str17_ctwo.png 403727 1192 1373 564
str17_ctwo.png 403877 1193 1452 510
str17_ctwo.png 404127 1194 1491 486
str17_ctwo.png 404811 1195 1456 509
str17_ctwo.png 405097 1196 1493 573
str17_ctwo.png 405481 1197 1341 520
str17_ctwo.png 405947 1198 1367 488
#30
str17_ctwo.png 385267 1233 1000 582
str17_ctwo.png 385500 1234 493 543
str17_ctwo.png 386233 1235 393 480
str17_ctwo.png 386550 1236 1352 540
str17_ctwo.png 386901 1237 1489 559
str17_ctwo.png 387434 1238 1510 510
str17_ctwo.png 387902 1239 1373 533
str17_ctwo.png 388818 1240 489 614
#31
str17_ctwo.png 378335 1203 362 472
str17_ctwo.png 378451 1204 407 481
str17_ctwo.png 378635 1205 1469 468
str17_ctwo.png 378752 1206 1432 484
str17_ctwo.png 378886 1207 1425 463
str17_ctwo.png 379170 1208 373 461
str17_ctwo.png 379405 1209 411 470
str17_ctwo.png 379872 1210 387 448
str17_ctwo.png 380071 1211 1359 499
str17_ctwo.png 380205 1212 1339 501
str17_ctwo.png 380556 1213 1433 470
str17_ctwo.png 380889 1214 1428 507
str17_ctwo.png 380974 1215 1432 486
str17_ctwo.png 381059 1216 1514 507
str17_ctwo.png 381376 1217 438 452
str17_ctwo.png 381608 1218 386 451
str17_ctwo.png 381942 1219 458 544
str17_ctwo.png 382109 1220 458 528
str17_ctwo.png 382492 1221 1503 538
str17_ctwo.png 382643 1222 1457 530
#32
str17_ctwo.png 382174 1281 501 508
str17_ctwo.png 382444 1282 513 609
str17_ctwo.png 382844 1283 517 668
str17_ctwo.png 383211 1284 431 442
str17_ctwo.png 383427 1285 415 434
str17_ctwo.png 383727 1286 496 471
str17_ctwo.png 383811 1287 485 442
str17_ctwo.png 384013 1288 418 438
str17_ctwo.png 384347 1289 1403 490
str17_ctwo.png 384547 1290 1476 466
str17_ctwo.png 384964 1291 402 591
str17_ctwo.png 385097 1292 428 606
str17_ctwo.png 385184 1293 410 602
str17_ctwo.png 385368 1294 446 445
str17_ctwo.png 385635 1295 514 549
str17_ctwo.png 386135 1296 1408 460
str17_ctwo.png 386352 1297 1477 439
#33
str17_ctwo.png 463251 1182 413 457
str17_ctwo.png 463367 1183 478 442
str17_ctwo.png 463817 1184 431 334
str17_ctwo.png 464117 1185 561 357
str17_ctwo.png 464200 1186 408 346
str17_ctwo.png 464600 1187 479 504
str17_ctwo.png 464833 1188 501 556
str17_ctwo.png 465217 1189 436 292
str17_ctwo.png 465500 1190 385 308
str17_ctwo.png 466184 1191 1393 448
str17_ctwo.png 466617 1192 324 420
str17_ctwo.png 466750 1193 396 355
str17_ctwo.png 466983 1194 405 332
str17_ctwo.png 467750 1195 394 294
#34
str17_ctwo.png 368441 1048 468 531
str17_ctwo.png 368624 1049 488 627
str17_ctwo.png 368924 1050 1467 530
str17_ctwo.png 369024 1051 1429 536
str17_ctwo.png 369610 1052 1335 655
str17_ctwo.png 370515 1054 498 613
str17_ctwo.png 370681 1055 524 602
str17_ctwo.png 370831 1056 518 593
str17_ctwo.png 371248 1057 525 588
str17_ctwo.png 371548 1058 561 636
str17_ctwo.png 371831 1059 570 663
str17_ctwo.png 371981 1060 568 678
str17_ctwo.png 372181 1061 589 671
str17_ctwo.png 372431 1062 593 668
#35
str17_ctwo.png 372053 1202 456 510
str17_ctwo.png 372320 1203 442 577
str17_ctwo.png 372770 1204 399 421
str17_ctwo.png 373053 1205 347 420
str17_ctwo.png 373370 1206 1409 485
str17_ctwo.png 373554 1207 1488 511
str17_ctwo.png 373887 1208 1540 512
str17_ctwo.png 374355 1209 1410 496
str17_ctwo.png 375038 1210 518 544
str17_ctwo.png 375254 1211 420 541
str17_ctwo.png 375388 1212 364 409
str17_ctwo.png 376271 1213 334 421
str17_ctwo.png 376554 1214 382 393
#36
str17_ctwo.png 403373 1218 468 436
str17_ctwo.png 403773 1219 465 449
str17_ctwo.png 404206 1220 470 433
str17_ctwo.png 404656 1221 477 442
str17_ctwo.png 405023 1222 467 439
str17_ctwo.png 405356 1223 470 432
str17_ctwo.png 406023 1224 467 408
str17_ctwo.png 406373 1225 1474 436
str17_ctwo.png 406590 1226 1460 460
str17_ctwo.png 406723 1227 1458 485
str17_ctwo.png 407323 1228 1479 460
#37
str17_ctwo.png 371255 1177 467 496
str17_ctwo.png 371589 1178 1381 475
str17_ctwo.png 371856 1179 439 484
str17_ctwo.png 372856 1180 438 423
str17_ctwo.png 373074 1181 436 432
str17_ctwo.png 373473 1182 733 407
str17_ctwo.png 374291 1183 698 438
str17_ctwo.png 374475 1184 701 418
str17_ctwo.png 374675 1185 700 415
str17_ctwo.png 375325 1186 1319 441
str17_ctwo.png 375608 1187 630 390
str17_ctwo.png 375692 1188 639 395
#38
str17_ctwo.png 369895 1000 825 429
str17_ctwo.png 370195 1001 1379 549
str17_ctwo.png 370428 1002 609 553
str17_ctwo.png 370578 1003 448 523
str17_ctwo.png 370878 1004 1150 449
str17_ctwo.png 371344 1005 1418 490
str17_ctwo.png 371678 1006 1430 486
str17_ctwo.png 371861 1007 1422 493
str17_ctwo.png 372178 1008 1227 548
str17_ctwo.png 372378 1009 1225 557
str17_ctwo.png 372728 1010 1240 536
str17_ctwo.png 372928 1011 891 519
str17_ctwo.png 373111 1012 923 535
str17_ctwo.png 373944 1013 1400 501
str17_ctwo.png 374261 1014 1407 501
str17_ctwo.png 374461 1015 1241 525
#39
str17_ctwo.png 341143 877 969 525
str17_ctwo.png 341343 878 335 447
str17_ctwo.png 341443 879 448 446
str17_ctwo.png 341643 880 1542 464
str17_ctwo.png 341793 881 1432 432
str17_ctwo.png 342143 882 421 384
str17_ctwo.png 342309 883 408 431
str17_ctwo.png 342593 884 1572 452
str17_ctwo.png 342710 885 1451 433
str17_ctwo.png 344376 886 429 389
str17_ctwo.png 344579 887 1459 438
str17_ctwo.png 344680 888 1345 410
str17_ctwo.png 345080 889 1574 394
str17_ctwo.png 345313 890 250 381
str17_ctwo.png 345729 891 355 366
str17_ctwo.png 345946 892 480 577
#40
str17_ctwo.png 377306 1088 536 467
str17_ctwo.png 377556 1089 451 411
str17_ctwo.png 378757 1090 1489 475
str17_ctwo.png 378891 1091 1425 440
str17_ctwo.png 379626 1092 1438 453
str17_ctwo.png 379728 1093 1425 418
str17_ctwo.png 380151 1094 1421 441
str17_ctwo.png 380578 1095 452 403
str17_ctwo.png 380711 1096 512 406
str17_ctwo.png 380979 1097 440 417
str17_ctwo.png 381062 1098 451 410
#41
str17_ctwo.png 342869 898 383 536
str17_ctwo.png 344569 899 1607 563
str17_ctwo.png 344703 900 1386 569
str17_ctwo.png 346003 901 1378 590
str17_ctwo.png 346519 902 244 584
str17_ctwo.png 346635 903 420 562
#42
str17_ctwo.png 372913 1179 395 418
str17_ctwo.png 373029 1180 444 427
str17_ctwo.png 373312 1181 375 350
str17_ctwo.png 373529 1182 1434 435
str17_ctwo.png 373679 1183 1376 471
str17_ctwo.png 373879 1184 1475 431
str17_ctwo.png 374613 1185 1385 424
str17_ctwo.png 376363 1186 1401 415
str17_ctwo.png 376563 1187 1501 442
str17_ctwo.png 376796 1188 447 414
str17_ctwo.png 376879 1189 394 407
str17_ctwo.png 377029 1190 442 411
#43
