str13_ctwo.png 341621 1136 1166 477
str13_ctwo.png 341875 1137 476 601
str13_ctwo.png 342108 1138 558 643
str13_ctwo.png 342258 1139 599 660
str13_ctwo.png 342609 1140 1367 628
str13_ctwo.png 343143 1141 1391 697
str13_ctwo.png 343426 1142 1456 678
str13_ctwo.png 343809 1143 487 655
str13_ctwo.png 344059 1144 586 648
str13_ctwo.png 344443 1145 606 652
str13_ctwo.png 345942 1146 575 645
#1
str13_ctwo.png 405154 1388 474 595
str13_ctwo.png 405270 1389 522 602
str13_ctwo.png 405504 1390 584 632
str13_ctwo.png 405820 1391 419 607
str13_ctwo.png 406020 1392 420 602
str13_ctwo.png 406154 1393 507 611
str13_ctwo.png 406520 1394 1271 582
str13_ctwo.png 406770 1395 1427 664
str13_ctwo.png 406904 1396 1364 662
str13_ctwo.png 407154 1397 1324 663
str13_ctwo.png 407437 1398 1396 646
str13_ctwo.png 407721 1399 1278 452
str13_ctwo.png 407904 1400 1276 471
str13_ctwo.png 408172 1401 1313 471
str13_ctwo.png 408626 1402 485 604
str13_ctwo.png 408976 1403 558 614
str13_ctwo.png 409142 1404 501 614
str13_ctwo.png 409843 1405 486 597
#2
str13_ctwo.png 337129 940 508 511
str13_ctwo.png 337545 941 529 537
str13_ctwo.png 337962 942 444 540
str13_ctwo.png 338813 943 1375 473
str13_ctwo.png 339200 944 1340 599
str13_ctwo.png 339367 945 1327 611
str13_ctwo.png 339767 946 1420 522
str13_ctwo.png 340150 947 1404 549
str13_ctwo.png 340317 948 1218 585
str13_ctwo.png 340550 949 470 567
str13_ctwo.png 341366 950 501 533
str13_ctwo.png 341649 951 506 544
#3
str13_ctwo.png 377009 1230 526 543
str13_ctwo.png 377226 1231 609 593
str13_ctwo.png 377592 1232 492 576
str13_ctwo.png 377959 1233 1376 578
str13_ctwo.png 378126 1234 1408 618
str13_ctwo.png 378376 1235 1500 506
str13_ctwo.png 378793 1236 1432 595
str13_ctwo.png 379193 1237 516 619
str13_ctwo.png 379326 1238 547 608
str13_ctwo.png 379493 1239 522 593
str13_ctwo.png 380092 1240 462 574
str13_ctwo.png 380409 1241 322 544
str13_ctwo.png 380576 1242 389 511
str13_ctwo.png 380859 1243 1432 635
str13_ctwo.png 381010 1244 1432 513
str13_ctwo.png 381526 1245 1364 498
#4
str13_ctwo.png 379457 984 927 473
str13_ctwo.png 379729 985 515 567
str13_ctwo.png 379862 986 538 578
str13_ctwo.png 380195 987 1346 625
str13_ctwo.png 380579 988 1408 635
str13_ctwo.png 380662 989 1440 628
str13_ctwo.png 380912 990 504 587
str13_ctwo.png 381813 991 498 576
str13_ctwo.png 382213 992 597 577
str13_ctwo.png 382313 993 592 580
str13_ctwo.png 382613 994 1386 587
str13_ctwo.png 383363 995 541 601
str13_ctwo.png 383948 996 547 582
str13_ctwo.png 384098 997 509 574
str13_ctwo.png 384231 998 502 597
#5
str13_ctwo.png 367877 952 933 455
str13_ctwo.png 369610 953 623 565
str13_ctwo.png 369860 954 635 554
str13_ctwo.png 370360 955 1227 554
str13_ctwo.png 370794 956 1424 520
str13_ctwo.png 370944 957 1466 469
str13_ctwo.png 371360 958 579 574
str13_ctwo.png 371527 959 476 596
str13_ctwo.png 371693 960 504 570
str13_ctwo.png 371993 961 440 514
str13_ctwo.png 372243 962 615 548
#6
str13_ctwo.png 413551 1016 1004 563
str13_ctwo.png 413783 1017 461 541
str13_ctwo.png 414150 1018 556 597
str13_ctwo.png 414600 1019 517 632
str13_ctwo.png 414867 1020 495 643
str13_ctwo.png 414950 1021 599 669
str13_ctwo.png 415167 1022 1411 609
str13_ctwo.png 415467 1023 554 668
str13_ctwo.png 416183 1024 475 672
str13_ctwo.png 416800 1025 604 652
str13_ctwo.png 416935 1026 631 635
str13_ctwo.png 418119 1027 469 589
str13_ctwo.png 418535 1028 478 638
#7
str13_ctwo.png 310752 746 982 560
str13_ctwo.png 311069 747 496 529
str13_ctwo.png 311336 748 1384 583
str13_ctwo.png 311953 749 654 548
str13_ctwo.png 312153 750 472 555
str13_ctwo.png 312520 751 575 586
str13_ctwo.png 312870 752 405 517
str13_ctwo.png 313086 753 1321 539
str13_ctwo.png 314369 754 1251 514
str13_ctwo.png 314936 755 532 499
str13_ctwo.png 315186 756 606 610
str13_ctwo.png 315502 757 444 592
#8
str13_ctwo.png 378263 1134 499 550
str13_ctwo.png 378496 1135 412 592
str13_ctwo.png 378730 1136 1308 557
str13_ctwo.png 379230 1137 1366 587
str13_ctwo.png 380613 1140 701 511
str13_ctwo.png 380748 1141 636 592
str13_ctwo.png 381215 1142 1248 624
str13_ctwo.png 381398 1143 1427 564
str13_ctwo.png 381581 1144 1478 666
str13_ctwo.png 382381 1145 1478 666
str13_ctwo.png 382631 1146 1398 490
str13_ctwo.png 382881 1147 824 1023
#9
str13_ctwo.png 353748 767 515 611
str13_ctwo.png 355881 768 1198 590
str13_ctwo.png 356115 769 1337 575
str13_ctwo.png 356648 770 498 601
str13_ctwo.png 357414 771 611 624
#10
str13_ctwo.png 334766 1024 586 672
str13_ctwo.png 334900 1025 650 629
str13_ctwo.png 335388 1026 1007 708
str13_ctwo.png 335759 1027 1432 602
str13_ctwo.png 335977 1028 1370 680
str13_ctwo.png 336617 1029 613 687
str13_ctwo.png 336908 1030 607 651
str13_ctwo.png 337126 1031 662 662
str13_ctwo.png 338319 1032 1469 745
str13_ctwo.png 338539 1033 1422 700
str13_ctwo.png 338756 1034 1426 673
str13_ctwo.png 338840 1035 1378 631
str13_ctwo.png 339058 1036 1374 523
#11
str13_ctwo.png 376530 1072 747 384
str13_ctwo.png 376769 1073 428 474
str13_ctwo.png 376968 1074 614 572
str13_ctwo.png 377235 1075 510 555
str13_ctwo.png 377452 1076 617 549
str13_ctwo.png 377818 1077 1434 535
str13_ctwo.png 377969 1078 1364 546
str13_ctwo.png 378152 1079 1432 622
str13_ctwo.png 378639 1080 1464 615
str13_ctwo.png 379046 1081 1444 482
str13_ctwo.png 379279 1082 1433 457
str13_ctwo.png 379696 1083 1434 436
str13_ctwo.png 380696 1084 1454 403
str13_ctwo.png 380919 1085 1454 560
str13_ctwo.png 381436 1086 1530 547
#12
str13_ctwo.png 410994 1177 528 509
str13_ctwo.png 411802 1178 478 565
str13_ctwo.png 411987 1179 474 561
str13_ctwo.png 412160 1180 589 600
str13_ctwo.png 412477 1181 1153 516
str13_ctwo.png 412727 1182 636 556
str13_ctwo.png 412860 1183 587 595
str13_ctwo.png 413027 1184 448 543
str13_ctwo.png 413394 1185 578 590
str13_ctwo.png 413794 1186 629 606
str13_ctwo.png 414878 1190 1317 478
str13_ctwo.png 415379 1191 436 460
str13_ctwo.png 415533 1192 499 472
#13
str13_ctwo.png 356753 962 543 495
str13_ctwo.png 357002 963 475 551
str13_ctwo.png 358436 964 521 575
str13_ctwo.png 358937 965 1297 515
str13_ctwo.png 359403 966 1350 576
str13_ctwo.png 360287 967 1339 561
str13_ctwo.png 361171 968 1343 537
#14
str13_ctwo.png 471016 1312 534 468
str13_ctwo.png 471266 1313 609 517
str13_ctwo.png 471755 1314 555 494
str13_ctwo.png 472079 1315 459 477
str13_ctwo.png 472512 1316 1445 462
str13_ctwo.png 472629 1317 1369 467
str13_ctwo.png 472813 1318 1417 533
str13_ctwo.png 473046 1319 1386 554
str13_ctwo.png 474046 1320 476 526
str13_ctwo.png 474179 1321 565 510
str13_ctwo.png 474445 1322 492 540
str13_ctwo.png 474946 1323 553 595
str13_ctwo.png 475047 1324 650 549
str13_ctwo.png 475500 1325 1547 535
str13_ctwo.png 475601 1326 1439 541
#15
str13_ctwo.png 345134 1146 914 453
str13_ctwo.png 345367 1147 434 556
str13_ctwo.png 345634 1148 543 633
str13_ctwo.png 345884 1149 589 656
str13_ctwo.png 346084 1150 1321 619
str13_ctwo.png 346368 1151 1390 664
str13_ctwo.png 346518 1152 1367 668
str13_ctwo.png 347601 1153 430 592
str13_ctwo.png 347784 1154 559 625
str13_ctwo.png 348051 1155 610 640
str13_ctwo.png 348301 1156 1380 564
str13_ctwo.png 348468 1157 1332 574
str13_ctwo.png 348702 1158 1389 642
str13_ctwo.png 348935 1159 1376 675
str13_ctwo.png 349418 1160 492 618
str13_ctwo.png 349635 1161 533 633
#16
str13_ctwo.png 361663 1001 889 409
str13_ctwo.png 361880 1002 440 556
str13_ctwo.png 362063 1003 470 546
str13_ctwo.png 362463 1004 514 532
str13_ctwo.png 362830 1005 507 532
str13_ctwo.png 362980 1006 520 543
str13_ctwo.png 363280 1007 1342 544
str13_ctwo.png 363563 1008 1396 561
str13_ctwo.png 363947 1009 1366 559
str13_ctwo.png 364280 1010 1423 577
str13_ctwo.png 364664 1011 1355 535
str13_ctwo.png 365081 1012 1350 543
str13_ctwo.png 365331 1013 444 526
str13_ctwo.png 365480 1014 427 550
str13_ctwo.png 365763 1015 529 567
str13_ctwo.png 366147 1016 518 538
str13_ctwo.png 366496 1017 555 543
#17
str13_ctwo.png 410327 1142 452 552
str13_ctwo.png 410910 1143 495 584
str13_ctwo.png 411062 1144 567 583
str13_ctwo.png 411462 1145 611 602
str13_ctwo.png 411879 1146 1260 559
str13_ctwo.png 412546 1147 1399 564
str13_ctwo.png 413229 1148 1354 542
str13_ctwo.png 413579 1149 1349 523
str13_ctwo.png 413879 1150 1352 549
#18
str13_ctwo.png 340295 1023 526 574
str13_ctwo.png 340545 1024 599 610
str13_ctwo.png 340778 1025 606 641
str13_ctwo.png 341061 1026 512 638
str13_ctwo.png 341345 1027 613 638
str13_ctwo.png 341878 1028 484 616
str13_ctwo.png 342111 1029 1354 599
str13_ctwo.png 342478 1030 599 608
str13_ctwo.png 342761 1031 1381 601
str13_ctwo.png 343128 1032 1363 652
str13_ctwo.png 343478 1033 1379 681
str13_ctwo.png 344062 1034 1293 658
str13_ctwo.png 344661 1035 604 582
#19
str13_ctwo.png 322892 1133 765 434
str13_ctwo.png 323158 1134 558 553
str13_ctwo.png 323358 1135 618 647
str13_ctwo.png 323558 1136 1342 633
str13_ctwo.png 324009 1137 572 609
str13_ctwo.png 324442 1138 479 641
str13_ctwo.png 324625 1139 613 648
str13_ctwo.png 324875 1140 631 634
str13_ctwo.png 325192 1141 400 618
str13_ctwo.png 325459 1142 357 589
str13_ctwo.png 325809 1143 476 643
str13_ctwo.png 326125 1144 499 702
str13_ctwo.png 326525 1145 598 671
str13_ctwo.png 326942 1146 498 472
str13_ctwo.png 327175 1147 455 447
str13_ctwo.png 327675 1148 582 576
#20
str13_ctwo.png 323313 1003 498 508
str13_ctwo.png 323546 1004 568 627
str13_ctwo.png 323996 1005 362 597
str13_ctwo.png 324446 1006 483 628
str13_ctwo.png 324913 1007 1360 553
str13_ctwo.png 325530 1008 1358 612
str13_ctwo.png 326113 1009 1205 152
str13_ctwo.png 326630 1011 1364 471
str13_ctwo.png 327230 1012 1363 634
str13_ctwo.png 327763 1013 1273 524
str13_ctwo.png 328063 1014 510 590
#21
str13_ctwo.png 335691 1026 903 512
str13_ctwo.png 336190 1027 500 553
str13_ctwo.png 336307 1028 539 562
str13_ctwo.png 336540 1029 449 560
str13_ctwo.png 336907 1030 576 614
str13_ctwo.png 337123 1031 426 565
str13_ctwo.png 337340 1032 428 585
str13_ctwo.png 337440 1033 425 579
str13_ctwo.png 337656 1034 578 604
str13_ctwo.png 338190 1035 1357 603
str13_ctwo.png 338390 1036 1384 653
str13_ctwo.png 338624 1037 1351 662
str13_ctwo.png 338774 1038 1349 676
str13_ctwo.png 338874 1039 1403 653
str13_ctwo.png 339140 1040 1363 634
str13_ctwo.png 339257 1041 1363 612
str13_ctwo.png 339407 1042 1419 514
str13_ctwo.png 339624 1043 1433 461
str13_ctwo.png 339790 1044 1426 481
str13_ctwo.png 339940 1045 1395 677
str13_ctwo.png 340207 1046 1363 656
str13_ctwo.png 340307 1047 1359 650
str13_ctwo.png 340490 1048 1317 457
#22
str13_ctwo.png 314332 969 991 476
str13_ctwo.png 314517 970 568 511
str13_ctwo.png 315067 971 560 520
str13_ctwo.png 315317 972 568 517
str13_ctwo.png 315484 973 533 530
str13_ctwo.png 315784 974 1295 572
str13_ctwo.png 316518 975 1460 508
str13_ctwo.png 317105 976 515 566
str13_ctwo.png 317355 977 448 549
str13_ctwo.png 317538 978 433 556
str13_ctwo.png 317772 979 559 557
str13_ctwo.png 318772 980 488 610
str13_ctwo.png 318905 981 486 595
#23
str13_ctwo.png 400242 1284 959 462
str13_ctwo.png 400567 1285 563 544
str13_ctwo.png 400734 1286 602 632
str13_ctwo.png 401067 1287 431 579
str13_ctwo.png 401300 1288 385 454
str13_ctwo.png 401600 1289 459 596
str13_ctwo.png 401817 1290 558 575
str13_ctwo.png 401917 1291 648 609
str13_ctwo.png 402067 1292 1407 558
str13_ctwo.png 402351 1293 1435 669
str13_ctwo.png 402468 1294 1408 656
str13_ctwo.png 402569 1295 1353 662
str13_ctwo.png 403002 1296 1431 531
str13_ctwo.png 403152 1297 1465 468
str13_ctwo.png 403369 1298 1509 437
str13_ctwo.png 403569 1299 1527 609
str13_ctwo.png 403835 1300 1522 550
str13_ctwo.png 404035 1301 591 573
str13_ctwo.png 404318 1302 595 627
str13_ctwo.png 404618 1303 434 616
str13_ctwo.png 404802 1304 484 606
#24
str13_ctwo.png 310477 929 493 469
str13_ctwo.png 310643 930 553 543
str13_ctwo.png 311027 931 1370 539
str13_ctwo.png 311211 932 1332 531
str13_ctwo.png 311344 933 1422 552
str13_ctwo.png 311494 934 1402 606
str13_ctwo.png 312078 935 1355 491
str13_ctwo.png 312527 936 604 537
str13_ctwo.png 312844 937 434 551
str13_ctwo.png 313161 938 528 544
str13_ctwo.png 313511 939 463 544
str13_ctwo.png 313810 940 1389 594
str13_ctwo.png 313894 941 1364 575
str13_ctwo.png 314128 942 1391 448
str13_ctwo.png 314378 943 1384 567
str13_ctwo.png 315154 944 1390 602
#25
str13_ctwo.png 337351 1004 990 509
str13_ctwo.png 337484 1005 974 518
str13_ctwo.png 338484 1006 986 439
str13_ctwo.png 338751 1007 967 388
str13_ctwo.png 339020 1008 943 498
str13_ctwo.png 339334 1009 970 415
str13_ctwo.png 340055 1010 983 489
str13_ctwo.png 340488 1011 942 517
str13_ctwo.png 340805 1012 975 511
str13_ctwo.png 341205 1013 963 477
str13_ctwo.png 341522 1014 945 482
str13_ctwo.png 341855 1015 972 449
str13_ctwo.png 342105 1016 991 357
str13_ctwo.png 342272 1017 944 485
#26
str13_ctwo.png 383723 1216 880 601
str13_ctwo.png 383811 1217 864 577
str13_ctwo.png 384078 1218 521 651
str13_ctwo.png 384261 1219 545 700
str13_ctwo.png 384428 1220 619 661
str13_ctwo.png 384561 1221 459 701
str13_ctwo.png 384794 1222 498 648
str13_ctwo.png 385028 1223 1370 652
str13_ctwo.png 385594 1224 1491 628
str13_ctwo.png 385745 1225 1438 650
str13_ctwo.png 385845 1226 1493 500
str13_ctwo.png 386028 1227 1278 471
str13_ctwo.png 386768 1228 1364 689
str13_ctwo.png 387187 1229 660 609
str13_ctwo.png 387387 1230 585 597
str13_ctwo.png 387504 1231 491 679
str13_ctwo.png 387854 1232 432 671
str13_ctwo.png 388321 1233 557 701
#27
str13_ctwo.png 328076 1028 907 466
str13_ctwo.png 328609 1029 625 586
str13_ctwo.png 328892 1030 614 633
str13_ctwo.png 329292 1031 621 639
str13_ctwo.png 329842 1032 1338 624
str13_ctwo.png 330726 1033 1376 613
str13_ctwo.png 331059 1034 597 627
str13_ctwo.png 331342 1035 640 635
str13_ctwo.png 331425 1036 644 628
str13_ctwo.png 331692 1037 652 619
str13_ctwo.png 332042 1038 634 631
str13_ctwo.png 332342 1039 511 610
str13_ctwo.png 332425 1040 525 590
str13_ctwo.png 332842 1041 603 571
#28
str13_ctwo.png 440399 1303 609 600
str13_ctwo.png 440615 1304 1430 567
str13_ctwo.png 440932 1305 1429 487
str13_ctwo.png 441149 1306 1537 475
str13_ctwo.png 441499 1307 1513 478
str13_ctwo.png 441950 1308 526 524
str13_ctwo.png 442154 1309 504 578
str13_ctwo.png 442454 1310 578 600
str13_ctwo.png 442721 1311 443 503
str13_ctwo.png 443054 1312 420 444
str13_ctwo.png 443404 1313 542 608
str13_ctwo.png 443820 1314 388 578
str13_ctwo.png 444203 1315 666 621
str13_ctwo.png 444420 1316 1039 642
str13_ctwo.png 444686 1317 607 571
#29
str13_ctwo.png 373758 1110 1061 443
str13_ctwo.png 373975 1111 500 584
str13_ctwo.png 374175 1112 566 635
str13_ctwo.png 374442 1113 616 648
str13_ctwo.png 374775 1114 1425 633
str13_ctwo.png 374992 1115 1387 632
str13_ctwo.png 375142 1116 1334 668
str13_ctwo.png 375992 1117 531 638
str13_ctwo.png 376125 1118 577 669
str13_ctwo.png 376442 1119 624 668
str13_ctwo.png 378448 1120 543 587
#30
str13_ctwo.png 359141 1163 482 582
str13_ctwo.png 359390 1164 550 622
str13_ctwo.png 359890 1165 1374 588
str13_ctwo.png 360174 1166 1372 666
str13_ctwo.png 360440 1167 1398 694
str13_ctwo.png 360590 1168 589 640
str13_ctwo.png 360873 1169 454 622
str13_ctwo.png 361140 1170 463 631
str13_ctwo.png 361740 1171 559 638
str13_ctwo.png 361940 1172 1324 596
str13_ctwo.png 362140 1173 1382 657
str13_ctwo.png 362507 1174 1406 693
str13_ctwo.png 362907 1175 1265 496
str13_ctwo.png 363090 1176 1264 441
str13_ctwo.png 363606 1177 490 579
str13_ctwo.png 363853 1178 518 633
#31
str13_ctwo.png 353955 1136 893 410
str13_ctwo.png 354272 1137 443 519
str13_ctwo.png 354388 1138 467 535
str13_ctwo.png 354521 1139 561 585
str13_ctwo.png 354838 1140 1387 520
str13_ctwo.png 355139 1141 539 579
str13_ctwo.png 355239 1142 524 570
str13_ctwo.png 355889 1143 506 557
str13_ctwo.png 356139 1144 519 565
str13_ctwo.png 356422 1145 1333 504
str13_ctwo.png 356588 1146 532 557
str13_ctwo.png 357840 1147 1368 543
str13_ctwo.png 357973 1148 1333 530
str13_ctwo.png 358257 1149 1335 623
str13_ctwo.png 358723 1150 1374 573
#32
str13_ctwo.png 357523 1197 949 498
str13_ctwo.png 357740 1198 518 540
str13_ctwo.png 357923 1199 615 591
str13_ctwo.png 358190 1200 546 620
str13_ctwo.png 358539 1201 657 608
str13_ctwo.png 358806 1202 597 567
str13_ctwo.png 359073 1203 1356 526
str13_ctwo.png 359223 1204 1347 502
str13_ctwo.png 359407 1205 1398 528
str13_ctwo.png 359924 1206 1382 609
str13_ctwo.png 360258 1207 489 593
str13_ctwo.png 360491 1208 588 604
str13_ctwo.png 360859 1209 516 505
str13_ctwo.png 361142 1210 513 427
str13_ctwo.png 361359 1211 619 607
str13_ctwo.png 362192 1212 664 565
str13_ctwo.png 362392 1213 605 562
#33
str13_ctwo.png 433641 1104 949 454
str13_ctwo.png 433907 1105 400 463
str13_ctwo.png 433990 1106 517 451
str13_ctwo.png 434690 1107 573 461
str13_ctwo.png 435245 1108 511 477
str13_ctwo.png 435495 1109 414 473
str13_ctwo.png 435761 1110 1397 520
str13_ctwo.png 436078 1111 1443 491
str13_ctwo.png 436395 1112 1409 588
str13_ctwo.png 436595 1113 524 492
#34
str13_ctwo.png 344086 977 1379 595
str13_ctwo.png 344475 978 1277 544
str13_ctwo.png 344691 979 1186 490
str13_ctwo.png 345208 980 1332 535
str13_ctwo.png 345475 981 1237 526
str13_ctwo.png 345725 982 1319 575
str13_ctwo.png 345941 983 823 686
str13_ctwo.png 346274 984 574 630
str13_ctwo.png 346791 985 645 637
str13_ctwo.png 347024 986 1410 558
str13_ctwo.png 347158 987 1386 559
str13_ctwo.png 347608 988 1394 614
str13_ctwo.png 347859 989 1295 639
str13_ctwo.png 348076 990 1269 647
#35
str13_ctwo.png 347714 1135 515 528
str13_ctwo.png 347981 1136 582 596
str13_ctwo.png 348934 1137 1319 522
str13_ctwo.png 349269 1138 1395 594
str13_ctwo.png 349704 1139 1410 566
str13_ctwo.png 349806 1140 1497 553
str13_ctwo.png 350260 1141 1331 492
str13_ctwo.png 350426 1142 1241 477
str13_ctwo.png 350760 1143 1351 582
str13_ctwo.png 351143 1144 1345 637
str13_ctwo.png 351376 1145 572 560
str13_ctwo.png 351693 1146 359 550
str13_ctwo.png 351793 1147 405 561
str13_ctwo.png 351959 1148 546 585
#36
str13_ctwo.png 375725 1149 497 485
str13_ctwo.png 376008 1150 624 554
str13_ctwo.png 376628 1151 1360 512
str13_ctwo.png 377013 1152 1353 514
str13_ctwo.png 377296 1153 562 516
str13_ctwo.png 377829 1154 571 486
str13_ctwo.png 378162 1155 1238 506
str13_ctwo.png 378363 1156 1395 527
str13_ctwo.png 378946 1157 468 525
str13_ctwo.png 379580 1158 1370 547
str13_ctwo.png 380063 1159 509 543
str13_ctwo.png 380279 1160 498 522
#37
str13_ctwo.png 345137 1099 1019 475
str13_ctwo.png 345254 1100 633 530
str13_ctwo.png 345420 1101 519 542
str13_ctwo.png 345938 1102 1377 526
str13_ctwo.png 346071 1103 641 559
str13_ctwo.png 346621 1104 474 537
str13_ctwo.png 346771 1105 564 539
str13_ctwo.png 347254 1106 572 543
str13_ctwo.png 347521 1107 1127 478
str13_ctwo.png 347638 1108 1112 478
str13_ctwo.png 347888 1109 635 551
str13_ctwo.png 348121 1110 643 527
str13_ctwo.png 348204 1111 640 541
str13_ctwo.png 348454 1112 1260 573
str13_ctwo.png 348572 1113 1192 547
str13_ctwo.png 348904 1114 695 478
str13_ctwo.png 349305 1115 693 478
#38
str13_ctwo.png 343795 946 917 465
str13_ctwo.png 344545 947 1359 605
str13_ctwo.png 344745 948 1403 666
str13_ctwo.png 345128 949 1399 669
str13_ctwo.png 345328 950 1428 528
str13_ctwo.png 347161 951 1306 566
str13_ctwo.png 347845 952 1301 550
str13_ctwo.png 348378 953 1314 555
#39
str13_ctwo.png 318424 813 467 485
str13_ctwo.png 318658 814 593 574
str13_ctwo.png 319058 815 1368 437
str13_ctwo.png 319225 816 1344 551
str13_ctwo.png 319392 817 1338 601
str13_ctwo.png 319575 818 1413 591
str13_ctwo.png 320117 819 507 528
str13_ctwo.png 320271 820 505 545
str13_ctwo.png 320759 821 1088 510
str13_ctwo.png 320898 822 1425 453
str13_ctwo.png 321618 823 336 541
str13_ctwo.png 322198 824 592 571
str13_ctwo.png 322415 825 392 537
str13_ctwo.png 322749 826 383 568
str13_ctwo.png 323065 827 533 558
#40
str13_ctwo.png 350575 1030 1050 481
str13_ctwo.png 350976 1031 1331 435
str13_ctwo.png 351425 1032 563 538
str13_ctwo.png 351525 1033 581 529
str13_ctwo.png 351892 1034 608 543
str13_ctwo.png 352459 1035 1330 457
str13_ctwo.png 353176 1036 1369 507
str13_ctwo.png 353443 1037 583 521
str13_ctwo.png 353592 1038 630 525
str13_ctwo.png 353792 1039 574 558
#41
str13_ctwo.png 319431 859 978 532
str13_ctwo.png 319751 860 493 588
str13_ctwo.png 320168 861 492 629
str13_ctwo.png 320651 862 1491 600
str13_ctwo.png 320768 863 1324 597
str13_ctwo.png 321135 864 1382 635
str13_ctwo.png 321435 865 1378 672
str13_ctwo.png 321651 866 286 677
str13_ctwo.png 321768 867 434 643
str13_ctwo.png 321901 868 523 651
str13_ctwo.png 322168 869 470 608
str13_ctwo.png 322701 870 400 616
str13_ctwo.png 323071 871 555 628
str13_ctwo.png 323438 872 1468 625
str13_ctwo.png 323572 873 1334 614
str13_ctwo.png 323972 874 1251 630
#42
str13_ctwo.png 349346 1107 537 501
str13_ctwo.png 349480 1108 602 533
str13_ctwo.png 349746 1109 1357 501
str13_ctwo.png 350030 1110 1378 588
str13_ctwo.png 350347 1111 1390 611
str13_ctwo.png 350930 1112 1318 572
str13_ctwo.png 351513 1113 578 547
str13_ctwo.png 351779 1114 489 563
str13_ctwo.png 352046 1115 411 536
str13_ctwo.png 352363 1116 601 581
str13_ctwo.png 352663 1117 1359 476
str13_ctwo.png 352813 1118 1337 494
str13_ctwo.png 353097 1119 1415 467
str13_ctwo.png 353813 1120 1446 445
#43
