str11_ctwo.png 329896 1104 973 581
str11_ctwo.png 330170 1105 469 596
str11_ctwo.png 330586 1106 1503 603
str11_ctwo.png 330753 1107 1451 598
str11_ctwo.png 331270 1108 442 592
str11_ctwo.png 331403 1109 558 602
str11_ctwo.png 331570 1110 505 553
str11_ctwo.png 331886 1111 503 608
str11_ctwo.png 332270 1112 537 607
str11_ctwo.png 332920 1113 501 564
str11_ctwo.png 333903 1114 683 591
str11_ctwo.png 334420 1115 503 580
str11_ctwo.png 334753 1116 417 591
#1
str11_ctwo.png 389999 1339 526 480
str11_ctwo.png 390232 1340 495 544
str11_ctwo.png 390616 1341 531 567
str11_ctwo.png 390916 1342 397 572
str11_ctwo.png 391266 1343 364 619
str11_ctwo.png 391600 1344 527 604
str11_ctwo.png 391850 1345 523 520
str11_ctwo.png 392016 1346 1467 551
str11_ctwo.png 392167 1347 1401 551
str11_ctwo.png 392334 1348 1403 612
str11_ctwo.png 392700 1349 1414 594
str11_ctwo.png 392817 1350 1441 606
str11_ctwo.png 393300 1351 1413 508
str11_ctwo.png 393483 1352 1431 599
str11_ctwo.png 393733 1353 1397 622
str11_ctwo.png 394116 1354 434 544
str11_ctwo.png 394233 1355 446 566
str11_ctwo.png 394333 1356 503 597
str11_ctwo.png 394616 1357 516 533
#2
str11_ctwo.png 324398 913 941 469
str11_ctwo.png 324646 914 940 476
str11_ctwo.png 324912 915 534 470
str11_ctwo.png 325428 916 534 478
str11_ctwo.png 326212 917 534 491
str11_ctwo.png 326528 918 1395 468
str11_ctwo.png 327145 919 1378 464
str11_ctwo.png 327312 920 1366 556
str11_ctwo.png 327512 921 1367 549
str11_ctwo.png 327762 922 1371 541
str11_ctwo.png 328362 923 1405 419
str11_ctwo.png 329078 924 506 448
str11_ctwo.png 329296 925 511 459
#3
str11_ctwo.png 364872 1186 954 381
str11_ctwo.png 364935 1187 746 408
str11_ctwo.png 365151 1188 520 499
str11_ctwo.png 365584 1189 1469 515
str11_ctwo.png 365718 1190 1393 495
str11_ctwo.png 366111 1191 1419 483
str11_ctwo.png 366295 1192 1453 544
str11_ctwo.png 366646 1193 580 484
str11_ctwo.png 366746 1194 536 486
str11_ctwo.png 367080 1195 494 487
str11_ctwo.png 367381 1196 1450 519
str11_ctwo.png 367481 1197 1432 544
str11_ctwo.png 367830 1198 532 495
str11_ctwo.png 368030 1199 552 490
str11_ctwo.png 368247 1200 532 551
str11_ctwo.png 368430 1201 1451 590
str11_ctwo.png 368531 1202 1422 553
str11_ctwo.png 368747 1203 1439 571
str11_ctwo.png 368964 1204 1432 481
str11_ctwo.png 369381 1205 1394 445
str11_ctwo.png 369581 1206 1394 481
#4
str11_ctwo.png 366666 950 942 495
str11_ctwo.png 366917 951 557 560
str11_ctwo.png 367483 952 1453 577
str11_ctwo.png 368017 953 1435 593
str11_ctwo.png 368534 954 538 534
str11_ctwo.png 368651 955 542 522
str11_ctwo.png 368818 956 521 501
str11_ctwo.png 369084 957 524 524
str11_ctwo.png 369284 958 491 514
str11_ctwo.png 369634 959 415 604
str11_ctwo.png 369851 960 1465 599
str11_ctwo.png 371018 961 561 492
str11_ctwo.png 371134 962 556 510
str11_ctwo.png 371234 963 551 529
str11_ctwo.png 371401 964 824 456
str11_ctwo.png 371518 965 813 482
#5
str11_ctwo.png 357109 922 575 424
str11_ctwo.png 357293 923 613 460
str11_ctwo.png 357693 924 645 424
str11_ctwo.png 358193 925 1380 532
str11_ctwo.png 358476 926 1461 509
str11_ctwo.png 358827 927 1473 457
str11_ctwo.png 359093 928 1469 479
str11_ctwo.png 359177 929 1447 531
str11_ctwo.png 359693 930 1387 485
str11_ctwo.png 360243 931 1448 516
str11_ctwo.png 360360 932 1429 562
#6
str11_ctwo.png 397974 979 977 556
str11_ctwo.png 398341 980 1262 601
str11_ctwo.png 398474 981 1482 553
str11_ctwo.png 398941 982 1510 517
str11_ctwo.png 399174 983 495 514
str11_ctwo.png 399493 984 505 528
str11_ctwo.png 400010 985 519 517
str11_ctwo.png 400210 986 550 533
str11_ctwo.png 400443 987 460 531
str11_ctwo.png 400961 988 1449 582
str11_ctwo.png 401210 989 1442 582
str11_ctwo.png 401461 990 1491 563
str11_ctwo.png 401728 991 1389 571
str11_ctwo.png 402011 992 428 556
str11_ctwo.png 402261 993 526 589
str11_ctwo.png 402528 994 1443 531
#7
str11_ctwo.png 299714 722 483 520
str11_ctwo.png 300070 723 506 534
str11_ctwo.png 300387 724 1353 507
str11_ctwo.png 300723 725 1405 527
str11_ctwo.png 301175 726 1004 454
str11_ctwo.png 301751 727 919 497
str11_ctwo.png 302273 728 484 596
str11_ctwo.png 302490 729 912 489
str11_ctwo.png 303640 730 970 480
str11_ctwo.png 303974 731 917 449
#8
str11_ctwo.png 364224 1096 408 500
str11_ctwo.png 364658 1097 474 519
str11_ctwo.png 365158 1098 1431 492
str11_ctwo.png 365391 1099 1416 569
str11_ctwo.png 366564 1100 560 510
str11_ctwo.png 367337 1101 837 584
str11_ctwo.png 368007 1102 406 488
str11_ctwo.png 368247 1103 479 578
str11_ctwo.png 368580 1104 440 615
str11_ctwo.png 368880 1105 362 582
#9
str11_ctwo.png 338415 747 493 533
str11_ctwo.png 338664 748 510 544
str11_ctwo.png 340031 749 1329 534
str11_ctwo.png 340281 750 1399 546
#10
str11_ctwo.png 320957 990 886 329
str11_ctwo.png 321110 991 580 563
str11_ctwo.png 321449 992 567 575
str11_ctwo.png 321853 993 1422 671
str11_ctwo.png 322122 994 1395 643
str11_ctwo.png 322339 995 1415 653
str11_ctwo.png 323653 996 509 596
str11_ctwo.png 323839 997 580 640
str11_ctwo.png 324073 998 634 680
str11_ctwo.png 324357 999 586 676
str11_ctwo.png 324945 1000 1245 710
str11_ctwo.png 325081 1001 1180 647
str11_ctwo.png 325285 1002 1417 564
str11_ctwo.png 325635 1003 1713 379
#11
str11_ctwo.png 362937 1030 765 357
str11_ctwo.png 363197 1031 538 421
str11_ctwo.png 363414 1032 473 510
str11_ctwo.png 363647 1033 546 509
str11_ctwo.png 364031 1034 1463 475
str11_ctwo.png 364248 1035 1410 482
str11_ctwo.png 365081 1036 1461 542
str11_ctwo.png 365398 1037 980 400
str11_ctwo.png 367015 1041 940 382
str11_ctwo.png 367198 1042 927 378
str11_ctwo.png 367298 1043 909 348
str11_ctwo.png 367665 1044 909 351
str11_ctwo.png 367815 1045 892 328
#12
str11_ctwo.png 383704 1123 1405 496
str11_ctwo.png 383838 1124 1357 495
str11_ctwo.png 383971 1125 1404 554
str11_ctwo.png 384304 1126 455 561
str11_ctwo.png 384438 1127 486 496
str11_ctwo.png 385072 1128 457 534
str11_ctwo.png 385455 1129 544 490
str11_ctwo.png 385739 1130 1429 544
str11_ctwo.png 386392 1131 1474 638
str11_ctwo.png 386530 1132 1425 617
str11_ctwo.png 386751 1133 569 559
str11_ctwo.png 386986 1134 615 562
str11_ctwo.png 387337 1135 846 541
str11_ctwo.png 387837 1136 656 470
#13
str11_ctwo.png 344953 935 696 445
str11_ctwo.png 345103 936 509 528
str11_ctwo.png 345736 937 449 559
str11_ctwo.png 346403 938 517 552
str11_ctwo.png 347036 939 1362 529
str11_ctwo.png 347220 940 1384 524
str11_ctwo.png 347486 941 1396 589
str11_ctwo.png 348236 942 1366 522
#14
str11_ctwo.png 456542 1280 497 486
str11_ctwo.png 456825 1281 519 454
str11_ctwo.png 456958 1282 529 454
str11_ctwo.png 457408 1283 1452 447
str11_ctwo.png 458227 1284 423 431
str11_ctwo.png 458365 1285 525 446
str11_ctwo.png 458682 1286 503 512
str11_ctwo.png 459149 1287 604 510
str11_ctwo.png 459449 1288 450 530
str11_ctwo.png 459782 1289 402 559
str11_ctwo.png 460199 1290 508 470
str11_ctwo.png 460815 1291 1562 473
str11_ctwo.png 460933 1292 1463 479
#15
str11_ctwo.png 333647 1103 874 482
str11_ctwo.png 333830 1104 504 557
str11_ctwo.png 334463 1105 492 594
str11_ctwo.png 334863 1106 518 554
str11_ctwo.png 335164 1107 1480 586
str11_ctwo.png 335281 1108 1406 581
str11_ctwo.png 335531 1109 1390 606
str11_ctwo.png 335698 1110 534 587
str11_ctwo.png 335798 1111 504 595
str11_ctwo.png 335948 1112 484 568
str11_ctwo.png 336515 1113 530 599
str11_ctwo.png 336865 1114 533 550
str11_ctwo.png 337248 1115 474 547
str11_ctwo.png 337448 1116 466 590
str11_ctwo.png 337648 1117 509 648
str11_ctwo.png 337915 1118 473 631
str11_ctwo.png 338198 1119 514 635
str11_ctwo.png 338415 1120 596 639
#16
str11_ctwo.png 350802 961 933 447
str11_ctwo.png 351267 962 566 509
str11_ctwo.png 351401 963 352 586
str11_ctwo.png 352101 964 507 608
str11_ctwo.png 352301 965 1555 579
str11_ctwo.png 352552 966 1437 537
str11_ctwo.png 353090 967 1478 605
str11_ctwo.png 353248 968 1472 604
str11_ctwo.png 353448 969 1454 466
str11_ctwo.png 353848 970 1458 472
str11_ctwo.png 354148 971 442 551
str11_ctwo.png 354280 972 537 557
str11_ctwo.png 354614 973 494 536
str11_ctwo.png 354880 974 453 530
str11_ctwo.png 355330 975 985 514
str11_ctwo.png 355530 976 856 517
str11_ctwo.png 355647 977 1015 504
#17
str11_ctwo.png 397594 1106 416 486
str11_ctwo.png 397863 1107 584 471
str11_ctwo.png 398013 1108 495 544
str11_ctwo.png 398246 1109 499 543
str11_ctwo.png 398547 1110 1360 552
str11_ctwo.png 398880 1111 951 549
str11_ctwo.png 399296 1112 575 478
str11_ctwo.png 399579 1113 492 546
str11_ctwo.png 400229 1114 556 556
str11_ctwo.png 401164 1115 1435 595
str11_ctwo.png 401369 1116 1396 545
str11_ctwo.png 401719 1117 1444 595
str11_ctwo.png 401886 1118 1415 599
str11_ctwo.png 402039 1119 1371 541
#18
str11_ctwo.png 327895 992 1398 550
str11_ctwo.png 328628 993 552 540
str11_ctwo.png 328995 994 488 551
str11_ctwo.png 329662 995 483 535
str11_ctwo.png 329895 996 453 549
str11_ctwo.png 330545 997 510 537
str11_ctwo.png 331028 998 1430 531
str11_ctwo.png 331261 999 1417 581
str11_ctwo.png 331712 1000 548 580
str11_ctwo.png 331978 1001 490 570
#19
str11_ctwo.png 309702 1095 560 535
str11_ctwo.png 309985 1096 491 605
str11_ctwo.png 310419 1098 508 578
str11_ctwo.png 310636 1099 567 523
str11_ctwo.png 310968 1100 1377 488
str11_ctwo.png 311253 1101 1420 572
str11_ctwo.png 311419 1102 557 529
str11_ctwo.png 311736 1103 486 570
str11_ctwo.png 312053 1104 540 527
str11_ctwo.png 312719 1105 506 588
str11_ctwo.png 313306 1106 1362 530
str11_ctwo.png 313523 1107 1412 579
str11_ctwo.png 314456 1108 530 538
#20
str11_ctwo.png 311947 975 536 500
str11_ctwo.png 312763 979 531 515
str11_ctwo.png 312863 980 525 495
str11_ctwo.png 313496 981 1429 570
str11_ctwo.png 314797 983 1403 568
str11_ctwo.png 315163 984 1448 593
str11_ctwo.png 315630 985 1418 555
str11_ctwo.png 315897 986 1444 627
str11_ctwo.png 316097 987 1460 661
str11_ctwo.png 316580 988 559 557
#21
str11_ctwo.png 324623 991 678 495
str11_ctwo.png 324806 992 485 498
str11_ctwo.png 325206 993 526 509
str11_ctwo.png 325389 994 445 534
str11_ctwo.png 325539 995 448 554
str11_ctwo.png 325723 996 451 556
str11_ctwo.png 325939 997 537 545
str11_ctwo.png 326206 998 529 484
str11_ctwo.png 326606 999 1435 495
str11_ctwo.png 326873 1000 1391 512
str11_ctwo.png 327940 1001 1432 504
str11_ctwo.png 328139 1002 1379 519
str11_ctwo.png 328323 1003 1383 503
str11_ctwo.png 328540 1004 1379 510
#22
str11_ctwo.png 302665 933 970 425
str11_ctwo.png 303032 934 516 513
str11_ctwo.png 303198 935 521 531
str11_ctwo.png 303365 936 560 523
str11_ctwo.png 303548 937 1431 556
str11_ctwo.png 303799 938 1448 568
str11_ctwo.png 303949 939 1454 552
str11_ctwo.png 304566 940 491 550
str11_ctwo.png 305032 941 453 520
str11_ctwo.png 305498 942 452 565
str11_ctwo.png 305632 943 506 589
str11_ctwo.png 305865 944 585 560
str11_ctwo.png 306282 945 620 491
str11_ctwo.png 306566 946 1405 557
str11_ctwo.png 307600 947 1392 519
#23
str11_ctwo.png 387543 1237 571 523
str11_ctwo.png 387736 1238 463 535
str11_ctwo.png 388086 1239 514 539
str11_ctwo.png 388320 1240 527 509
str11_ctwo.png 388536 1241 559 519
str11_ctwo.png 388736 1242 476 592
str11_ctwo.png 388953 1243 1470 542
str11_ctwo.png 389104 1244 1445 511
str11_ctwo.png 389220 1245 1406 588
str11_ctwo.png 389420 1246 1425 609
str11_ctwo.png 389570 1247 1434 609
str11_ctwo.png 389670 1248 1467 542
str11_ctwo.png 389853 1249 1430 611
str11_ctwo.png 390120 1250 1434 445
str11_ctwo.png 390337 1251 526 551
str11_ctwo.png 390737 1252 445 558
str11_ctwo.png 391003 1253 381 626
str11_ctwo.png 391220 1254 472 636
str11_ctwo.png 391370 1255 381 660
str11_ctwo.png 391586 1256 570 530
#24
str11_ctwo.png 298860 898 858 378
str11_ctwo.png 299360 899 503 497
str11_ctwo.png 299593 900 516 481
str11_ctwo.png 299893 901 491 456
str11_ctwo.png 300310 902 1408 502
str11_ctwo.png 300660 903 1416 513
str11_ctwo.png 301148 904 1430 556
str11_ctwo.png 301415 905 1414 521
str11_ctwo.png 302183 906 1394 511
str11_ctwo.png 302300 907 1339 499
str11_ctwo.png 302433 908 1400 494
str11_ctwo.png 303234 909 1388 473
str11_ctwo.png 303317 910 1375 491
#25
str11_ctwo.png 326085 962 994 525
str11_ctwo.png 326402 963 1066 498
str11_ctwo.png 326602 964 1096 517
str11_ctwo.png 326935 965 1074 495
str11_ctwo.png 327268 966 1102 466
str11_ctwo.png 327368 967 1106 449
str11_ctwo.png 327585 968 1107 484
str11_ctwo.png 327685 969 1096 506
str11_ctwo.png 327851 970 1131 441
str11_ctwo.png 327935 971 1113 489
str11_ctwo.png 328035 972 1107 473
str11_ctwo.png 328185 973 1053 485
str11_ctwo.png 328485 974 1059 491
str11_ctwo.png 328651 975 1059 459
str11_ctwo.png 329018 976 1067 492
str11_ctwo.png 329201 977 1071 491
str11_ctwo.png 329468 978 1075 444
str11_ctwo.png 329551 979 1065 478
str11_ctwo.png 329935 980 1086 463
str11_ctwo.png 330068 981 1106 458
str11_ctwo.png 330485 982 1094 459
str11_ctwo.png 330801 983 1076 460
str11_ctwo.png 330885 984 1085 500
#26
str11_ctwo.png 370246 1172 726 476
str11_ctwo.png 370692 1173 550 513
str11_ctwo.png 370925 1174 403 596
str11_ctwo.png 371392 1175 1487 535
str11_ctwo.png 371559 1176 1403 578
str11_ctwo.png 372176 1177 1403 625
str11_ctwo.png 372592 1178 1371 574
str11_ctwo.png 372859 1179 563 509
str11_ctwo.png 373125 1180 314 656
str11_ctwo.png 373609 1181 460 533
str11_ctwo.png 374659 1182 1415 559
str11_ctwo.png 375026 1183 1418 620
str11_ctwo.png 375243 1184 1411 651
#27
str11_ctwo.png 315209 993 876 516
str11_ctwo.png 315709 994 539 507
str11_ctwo.png 315825 995 549 502
str11_ctwo.png 316059 996 500 497
str11_ctwo.png 316375 997 504 487
str11_ctwo.png 317009 998 1377 537
str11_ctwo.png 317692 999 1422 601
str11_ctwo.png 318492 1000 1384 574
str11_ctwo.png 319408 1001 588 523
str11_ctwo.png 319808 1002 572 511
#28
str11_ctwo.png 421508 1247 954 536
str11_ctwo.png 421593 1248 971 544
str11_ctwo.png 421809 1249 533 484
str11_ctwo.png 422159 1250 515 535
str11_ctwo.png 422243 1251 493 515
str11_ctwo.png 422493 1252 513 527
str11_ctwo.png 422659 1253 1364 571
str11_ctwo.png 422926 1254 509 469
str11_ctwo.png 423259 1255 444 521
str11_ctwo.png 424093 1256 441 514
str11_ctwo.png 424276 1257 1393 548
str11_ctwo.png 424426 1258 1396 554
str11_ctwo.png 424576 1259 1404 539
str11_ctwo.png 424676 1260 1396 558
str11_ctwo.png 424959 1261 1398 545
str11_ctwo.png 425093 1262 1450 536
str11_ctwo.png 425626 1263 1456 530
str11_ctwo.png 425793 1264 554 538
str11_ctwo.png 425993 1265 434 523
#29
str11_ctwo.png 361724 1068 493 539
str11_ctwo.png 361974 1069 1457 577
str11_ctwo.png 362074 1070 1412 570
str11_ctwo.png 362324 1071 425 537
str11_ctwo.png 362424 1072 486 565
str11_ctwo.png 362674 1073 548 542
str11_ctwo.png 362941 1074 1415 557
str11_ctwo.png 363191 1075 1464 595
str11_ctwo.png 363308 1076 1401 593
str11_ctwo.png 363524 1077 1380 582
str11_ctwo.png 363807 1078 464 553
str11_ctwo.png 363907 1079 517 565
str11_ctwo.png 364157 1079 521 551
str11_ctwo.png 364390 1079 450 607
str11_ctwo.png 364624 1082 505 594
str11_ctwo.png 364924 1083 510 559
str11_ctwo.png 365574 1084 464 587
str11_ctwo.png 365741 1085 458 591
str11_ctwo.png 365941 1086 407 654
#30
str11_ctwo.png 346574 1123 852 533
str11_ctwo.png 346757 1124 508 567
str11_ctwo.png 347108 1125 1415 547
str11_ctwo.png 347341 1126 516 589
str11_ctwo.png 347807 1127 545 582
str11_ctwo.png 348207 1128 457 598
str11_ctwo.png 348440 1129 540 587
str11_ctwo.png 348724 1130 1381 558
str11_ctwo.png 348841 1131 1430 587
str11_ctwo.png 349174 1132 1416 635
str11_ctwo.png 349657 1133 495 617
str11_ctwo.png 349840 1134 464 557
str11_ctwo.png 350324 1135 524 550
str11_ctwo.png 350540 1136 402 632
str11_ctwo.png 350640 1137 390 613
str11_ctwo.png 350757 1138 484 619
str11_ctwo.png 350957 1139 506 622
str11_ctwo.png 351224 1140 575 557
str11_ctwo.png 351440 1141 483 516
#31
str11_ctwo.png 340607 1102 476 513
str11_ctwo.png 340973 1103 1415 503
str11_ctwo.png 341090 1104 1377 495
str11_ctwo.png 341390 1105 507 513
str11_ctwo.png 341856 1106 522 501
str11_ctwo.png 342207 1107 470 514
str11_ctwo.png 342473 1108 550 501
str11_ctwo.png 342773 1109 497 510
str11_ctwo.png 343223 1110 1202 483
str11_ctwo.png 343357 1111 1383 488
str11_ctwo.png 344041 1113 1486 486
str11_ctwo.png 344291 1114 1404 497
str11_ctwo.png 344758 1115 1385 570
str11_ctwo.png 345108 1116 1397 491
#32
str11_ctwo.png 344037 1157 579 544
str11_ctwo.png 344287 1158 536 521
str11_ctwo.png 344571 1159 549 509
str11_ctwo.png 344854 1160 512 509
str11_ctwo.png 345071 1161 565 521
str11_ctwo.png 345271 1162 484 593
str11_ctwo.png 345421 1163 419 645
str11_ctwo.png 345721 1164 508 514
str11_ctwo.png 346004 1165 1447 514
str11_ctwo.png 346121 1166 1419 497
str11_ctwo.png 346422 1167 1417 587
str11_ctwo.png 347405 1168 1415 490
str11_ctwo.png 348322 1169 562 528
str11_ctwo.png 348505 1170 587 525
#33
str11_ctwo.png 419564 1070 985 473
str11_ctwo.png 419891 1071 529 448
str11_ctwo.png 420108 1072 1511 521
str11_ctwo.png 420259 1073 1432 490
str11_ctwo.png 420542 1074 1435 459
str11_ctwo.png 421608 1075 1435 516
str11_ctwo.png 421992 1076 1430 477
str11_ctwo.png 422242 1077 1418 560
str11_ctwo.png 422608 1078 1430 527
str11_ctwo.png 422959 1079 1444 390
str11_ctwo.png 424292 1079 1460 429
#34
str11_ctwo.png 330685 944 541 579
str11_ctwo.png 330935 945 1457 560
str11_ctwo.png 331069 946 1447 546
str11_ctwo.png 331919 947 637 528
str11_ctwo.png 332088 948 549 562
str11_ctwo.png 332572 949 560 596
str11_ctwo.png 332788 950 845 607
str11_ctwo.png 333105 951 846 617
str11_ctwo.png 333322 952 945 611
str11_ctwo.png 334253 953 1418 595
str11_ctwo.png 334657 954 537 593
str11_ctwo.png 334924 955 538 525
#35
str11_ctwo.png 334885 1101 481 504
str11_ctwo.png 335001 1102 513 518
str11_ctwo.png 335435 1103 1395 535
str11_ctwo.png 336319 1104 1358 532
str11_ctwo.png 336719 1105 529 528
str11_ctwo.png 337069 1106 443 520
str11_ctwo.png 337319 1107 467 503
str11_ctwo.png 337852 1108 511 510
str11_ctwo.png 338102 1109 539 549
str11_ctwo.png 338552 1110 519 517
str11_ctwo.png 338719 1111 542 480
str11_ctwo.png 339319 1112 1433 509
str11_ctwo.png 339419 1113 1393 513
#36
str11_ctwo.png 357358 1094 997 513
str11_ctwo.png 357625 1095 614 493
str11_ctwo.png 357842 1096 501 489
str11_ctwo.png 358409 1097 1452 601
str11_ctwo.png 358526 1098 1475 550
str11_ctwo.png 358742 1099 1483 548
str11_ctwo.png 359092 1100 564 517
str11_ctwo.png 359309 1101 555 518
str11_ctwo.png 359915 1102 1426 518
str11_ctwo.png 360599 1103 555 505
str11_ctwo.png 361482 1104 517 556
str11_ctwo.png 362133 1105 1386 518
str11_ctwo.png 362316 1106 1380 502
#37
str11_ctwo.png 330321 1059 1356 534
str11_ctwo.png 330555 1060 1429 555
str11_ctwo.png 330739 1061 422 558
str11_ctwo.png 330855 1062 494 561
str11_ctwo.png 331106 1063 505 551
str11_ctwo.png 332306 1064 594 539
str11_ctwo.png 332489 1065 595 542
str11_ctwo.png 332873 1066 578 503
str11_ctwo.png 333423 1067 582 507
str11_ctwo.png 333656 1068 612 483
str11_ctwo.png 334023 1069 604 465
str11_ctwo.png 334440 1070 1442 473
str11_ctwo.png 334723 1071 674 528
#38
str11_ctwo.png 331395 921 1412 527
str11_ctwo.png 331595 922 585 545
str11_ctwo.png 331745 923 577 519
str11_ctwo.png 331911 924 500 544
str11_ctwo.png 332178 925 489 566
str11_ctwo.png 332395 926 1416 554
str11_ctwo.png 333695 927 555 513
str11_ctwo.png 334045 928 560 523
#39
str11_ctwo.png 307291 780 990 475
str11_ctwo.png 307441 781 500 478
str11_ctwo.png 307858 782 552 447
str11_ctwo.png 308225 783 1410 508
str11_ctwo.png 308508 784 377 484
str11_ctwo.png 308874 785 1572 524
str11_ctwo.png 309075 786 1435 543
str11_ctwo.png 309492 787 1417 554
str11_ctwo.png 310565 788 1424 571
str11_ctwo.png 311050 789 509 446
str11_ctwo.png 311384 790 543 430
str11_ctwo.png 311684 791 531 467
str11_ctwo.png 311934 792 560 455
#40
str11_ctwo.png 337519 998 861 503
str11_ctwo.png 337685 999 482 537
str11_ctwo.png 338119 1000 1388 504
str11_ctwo.png 338885 1001 567 489
str11_ctwo.png 339251 1002 518 507
str11_ctwo.png 339901 1003 554 547
str11_ctwo.png 340235 1004 1494 500
str11_ctwo.png 340352 1005 1413 491
str11_ctwo.png 340938 1006 1428 500
str11_ctwo.png 341822 1007 532 516
str11_ctwo.png 342271 1008 523 495
#41
str11_ctwo.png 308817 836 417 558
str11_ctwo.png 309184 837 366 556
str11_ctwo.png 309767 838 433 574
str11_ctwo.png 310167 839 455 536
str11_ctwo.png 310567 840 1555 520
str11_ctwo.png 310701 841 1394 526
str11_ctwo.png 310868 842 1437 583
str11_ctwo.png 311518 843 1420 589
str11_ctwo.png 313118 844 1408 603
#42
str11_ctwo.png 337763 1072 515 468
str11_ctwo.png 338113 1073 1395 478
str11_ctwo.png 338214 1074 1371 485
str11_ctwo.png 338347 1075 1426 547
str11_ctwo.png 339080 1076 500 447
str11_ctwo.png 339380 1077 492 482
str11_ctwo.png 339746 1078 491 541
str11_ctwo.png 339963 1079 388 578
str11_ctwo.png 340463 1079 452 443
str11_ctwo.png 340713 1079 550 438
str11_ctwo.png 341046 1082 1470 442
str11_ctwo.png 341263 1083 1420 555
str11_ctwo.png 341747 1084 437 512
str11_ctwo.png 341863 1085 474 490
str11_ctwo.png 342046 1086 400 507
str11_ctwo.png 342363 1087 431 494
#43
