str10_ctwo.png 324470 1087 1177 498
str10_ctwo.png 324703 1088 478 522
str10_ctwo.png 325069 1089 423 518
str10_ctwo.png 325453 1090 1350 550
str10_ctwo.png 325803 1091 1380 555
str10_ctwo.png 326086 1092 218 512
str10_ctwo.png 326203 1093 370 552
str10_ctwo.png 326470 1094 425 516
str10_ctwo.png 327237 1095 1391 543
str10_ctwo.png 327537 1096 1307 584
str10_ctwo.png 328137 1097 1389 580
str10_ctwo.png 328387 1098 1287 556
str10_ctwo.png 328703 1099 251 487
str10_ctwo.png 328803 1100 396 508
str10_ctwo.png 329103 1101 449 519
#1
str10_ctwo.png 384199 1321 507 466
str10_ctwo.png 384566 1322 480 464
str10_ctwo.png 384716 1323 512 490
str10_ctwo.png 384999 1324 595 493
str10_ctwo.png 385266 1325 363 452
str10_ctwo.png 385549 1326 482 498
str10_ctwo.png 385749 1327 473 544
str10_ctwo.png 385999 1328 459 533
str10_ctwo.png 386350 1329 1341 535
str10_ctwo.png 386650 1330 1385 545
str10_ctwo.png 387099 1331 453 488
str10_ctwo.png 387182 1332 445 503
str10_ctwo.png 387282 1333 395 462
str10_ctwo.png 387732 1334 593 467
str10_ctwo.png 388233 1335 1369 558
#2
str10_ctwo.png 318094 895 959 447
str10_ctwo.png 318194 896 954 461
str10_ctwo.png 318361 897 1334 421
str10_ctwo.png 318661 898 1317 435
str10_ctwo.png 319011 899 473 411
str10_ctwo.png 319277 900 481 420
str10_ctwo.png 319561 901 479 410
str10_ctwo.png 319877 902 478 420
str10_ctwo.png 320661 903 478 422
str10_ctwo.png 321311 904 1315 387
str10_ctwo.png 321411 905 1278 393
str10_ctwo.png 322144 906 1299 444
str10_ctwo.png 322363 907 862 809
str10_ctwo.png 322679 908 1334 564
#3
str10_ctwo.png 358901 1162 920 370
str10_ctwo.png 359321 1163 515 402
str10_ctwo.png 359521 1164 507 463
str10_ctwo.png 359738 1165 487 490
str10_ctwo.png 359887 1166 519 511
str10_ctwo.png 360171 1167 456 458
str10_ctwo.png 360421 1168 528 501
str10_ctwo.png 360688 1169 496 428
str10_ctwo.png 361255 1170 1430 474
str10_ctwo.png 361455 1171 1365 478
str10_ctwo.png 361772 1172 1539 483
str10_ctwo.png 362022 1173 1486 398
str10_ctwo.png 362256 1174 1360 460
str10_ctwo.png 362439 1175 431 468
str10_ctwo.png 362555 1176 477 459
str10_ctwo.png 362722 1177 512 430
str10_ctwo.png 363005 1178 495 470
str10_ctwo.png 363272 1179 384 424
str10_ctwo.png 363522 1180 352 416
str10_ctwo.png 363674 1181 533 405
str10_ctwo.png 363890 1182 488 513
#4
str10_ctwo.png 360645 929 1003 424
str10_ctwo.png 361100 930 520 473
str10_ctwo.png 361366 931 502 512
str10_ctwo.png 361733 932 1307 548
str10_ctwo.png 361850 933 1321 511
str10_ctwo.png 361983 934 1434 536
str10_ctwo.png 362384 935 504 496
str10_ctwo.png 362533 936 526 504
str10_ctwo.png 362733 937 460 492
str10_ctwo.png 363133 938 493 560
str10_ctwo.png 363300 939 493 571
str10_ctwo.png 363566 940 511 548
str10_ctwo.png 363783 941 439 488
str10_ctwo.png 364316 942 1398 540
str10_ctwo.png 364684 943 405 442
str10_ctwo.png 364833 944 449 485
str10_ctwo.png 365083 945 375 459
str10_ctwo.png 365250 946 350 463
str10_ctwo.png 365466 947 559 472
#5
str10_ctwo.png 349610 906 957 358
str10_ctwo.png 350226 907 528 420
str10_ctwo.png 350460 908 429 374
str10_ctwo.png 351126 909 570 432
str10_ctwo.png 351426 910 536 424
str10_ctwo.png 352277 911 1338 454
str10_ctwo.png 352527 912 1411 500
str10_ctwo.png 352727 913 1340 573
str10_ctwo.png 353060 914 1442 453
str10_ctwo.png 353343 915 1329 408
str10_ctwo.png 353693 916 1215 438
str10_ctwo.png 353910 917 1186 436
str10_ctwo.png 354143 918 1336 462
str10_ctwo.png 354393 919 439 457
#6
str10_ctwo.png 389972 966 998 556
str10_ctwo.png 390255 967 523 490
str10_ctwo.png 390405 968 457 493
str10_ctwo.png 391455 969 516 463
str10_ctwo.png 391889 970 493 466
str10_ctwo.png 392255 971 456 439
str10_ctwo.png 392940 972 458 438
str10_ctwo.png 393356 973 459 432
str10_ctwo.png 394406 974 1252 525
#7
str10_ctwo.png 293650 707 740 401
str10_ctwo.png 293977 708 511 424
str10_ctwo.png 294376 709 472 432
str10_ctwo.png 294593 710 1168 520
str10_ctwo.png 295176 711 1275 514
str10_ctwo.png 295560 712 1336 497
str10_ctwo.png 296010 713 460 430
str10_ctwo.png 296526 714 503 444
str10_ctwo.png 297010 715 427 436
str10_ctwo.png 297360 716 487 473
str10_ctwo.png 298126 717 419 473
str10_ctwo.png 298410 718 484 562
str10_ctwo.png 298643 719 481 443
#8
str10_ctwo.png 358275 1077 816 417
str10_ctwo.png 358475 1078 384 413
str10_ctwo.png 358708 1079 385 482
str10_ctwo.png 359008 1079 1304 462
str10_ctwo.png 359341 1081 1390 425
str10_ctwo.png 359458 1082 1411 429
str10_ctwo.png 359675 1083 1467 360
str10_ctwo.png 359758 1084 1452 383
str10_ctwo.png 359958 1085 1338 469
str10_ctwo.png 360658 1086 436 460
str10_ctwo.png 360758 1087 410 440
str10_ctwo.png 360891 1088 375 479
str10_ctwo.png 361474 1089 396 434
str10_ctwo.png 362024 1090 382 488
str10_ctwo.png 362656 1091 421 433
str10_ctwo.png 363124 1092 400 506
#9
str10_ctwo.png 332290 738 813 501
str10_ctwo.png 332581 739 1317 482
str10_ctwo.png 333947 740 499 489
str10_ctwo.png 334447 741 436 508
str10_ctwo.png 335831 742 1214 509
str10_ctwo.png 336081 743 1404 490
str10_ctwo.png 336198 744 1378 504
#10
str10_ctwo.png 313503 969 950 476
str10_ctwo.png 313666 970 957 478
str10_ctwo.png 313800 971 599 477
str10_ctwo.png 314016 972 519 475
str10_ctwo.png 314384 973 513 544
str10_ctwo.png 314803 974 385 478
str10_ctwo.png 315290 975 1431 480
str10_ctwo.png 315391 976 1466 461
str10_ctwo.png 316015 977 530 472
str10_ctwo.png 316387 978 495 423
str10_ctwo.png 316637 979 405 452
str10_ctwo.png 316754 980 408 439
str10_ctwo.png 316904 981 536 425
str10_ctwo.png 317592 982 520 477
str10_ctwo.png 317813 983 516 468
str10_ctwo.png 318068 984 529 453
str10_ctwo.png 318239 985 501 439
#11
str10_ctwo.png 356541 1007 927 387
str10_ctwo.png 356813 1008 499 389
str10_ctwo.png 356946 1009 415 397
str10_ctwo.png 357296 1010 511 405
str10_ctwo.png 357496 1011 478 482
str10_ctwo.png 357979 1012 1429 397
str10_ctwo.png 358230 1013 1453 394
str10_ctwo.png 358497 1014 1485 495
str10_ctwo.png 358680 1015 1484 510
str10_ctwo.png 358780 1016 1366 471
str10_ctwo.png 358997 1017 406 477
str10_ctwo.png 359129 1018 496 418
str10_ctwo.png 359329 1019 401 375
str10_ctwo.png 359779 1020 483 364
str10_ctwo.png 360046 1021 583 369
str10_ctwo.png 360329 1022 504 448
str10_ctwo.png 360796 1023 468 409
str10_ctwo.png 361363 1024 507 378
#12
str10_ctwo.png 377460 1106 586 430
str10_ctwo.png 377643 1107 1436 432
str10_ctwo.png 377793 1108 1376 444
str10_ctwo.png 378377 1109 444 477
str10_ctwo.png 378827 1110 1396 447
str10_ctwo.png 378961 1111 1330 436
str10_ctwo.png 379212 1112 1340 454
str10_ctwo.png 379463 1113 406 435
str10_ctwo.png 379596 1114 481 454
str10_ctwo.png 379813 1115 404 462
str10_ctwo.png 380196 1116 469 513
str10_ctwo.png 380864 1117 1219 431
str10_ctwo.png 381652 1118 519 501
#13
str10_ctwo.png 338368 922 552 468
str10_ctwo.png 338518 923 472 466
str10_ctwo.png 339551 924 441 482
str10_ctwo.png 339901 925 486 478
str10_ctwo.png 340235 926 1274 509
str10_ctwo.png 340985 927 1355 482
str10_ctwo.png 341768 928 1350 467
str10_ctwo.png 342568 929 1379 471
str10_ctwo.png 342902 930 380 423
#14
str10_ctwo.png 448112 1256 531 348
str10_ctwo.png 448228 1257 460 365
str10_ctwo.png 448379 1258 456 390
str10_ctwo.png 448897 1259 448 340
str10_ctwo.png 449533 1260 1437 417
str10_ctwo.png 450204 1261 525 379
str10_ctwo.png 450354 1262 468 364
str10_ctwo.png 450520 1263 463 374
str10_ctwo.png 450837 1264 468 393
str10_ctwo.png 451620 1265 476 321
str10_ctwo.png 452087 1266 1459 390
str10_ctwo.png 452221 1267 1350 384
str10_ctwo.png 452437 1268 1416 413
str10_ctwo.png 452688 1269 397 397
#15
str10_ctwo.png 327951 1079 488 482
str10_ctwo.png 328067 1079 526 495
str10_ctwo.png 328167 1081 468 495
str10_ctwo.png 328467 1082 1320 488
str10_ctwo.png 328551 1083 1304 503
str10_ctwo.png 328667 1084 1405 481
str10_ctwo.png 328801 1085 1360 495
str10_ctwo.png 329085 1086 1304 508
str10_ctwo.png 329351 1087 1286 511
str10_ctwo.png 329735 1088 1305 508
str10_ctwo.png 329985 1089 1377 508
str10_ctwo.png 330119 1090 1350 510
str10_ctwo.png 330420 1091 1297 514
str10_ctwo.png 330770 1092 1333 541
str10_ctwo.png 331153 1093 1289 492
str10_ctwo.png 331336 1094 490 472
str10_ctwo.png 331488 1095 417 517
str10_ctwo.png 331760 1096 418 512
str10_ctwo.png 332214 1097 508 508
str10_ctwo.png 332497 1098 459 590
#16
str10_ctwo.png 344883 943 1003 481
str10_ctwo.png 345000 944 370 430
str10_ctwo.png 345149 945 491 426
str10_ctwo.png 345900 946 385 394
str10_ctwo.png 346234 947 395 392
str10_ctwo.png 346367 948 488 430
str10_ctwo.png 347152 949 1414 430
str10_ctwo.png 347517 950 527 449
str10_ctwo.png 347917 951 520 439
str10_ctwo.png 348284 952 316 525
str10_ctwo.png 348551 953 296 488
str10_ctwo.png 348767 954 169 517
str10_ctwo.png 348917 955 370 478
str10_ctwo.png 349167 956 426 487
str10_ctwo.png 349534 957 152 641
str10_ctwo.png 349701 958 400 542
#17
str10_ctwo.png 391372 1086 1033 438
str10_ctwo.png 391572 1087 1010 441
str10_ctwo.png 391756 1088 527 435
str10_ctwo.png 391906 1089 529 433
str10_ctwo.png 392072 1090 431 447
str10_ctwo.png 392156 1091 433 458
str10_ctwo.png 392505 1092 505 498
str10_ctwo.png 392655 1093 471 529
str10_ctwo.png 393006 1094 463 412
str10_ctwo.png 393996 1095 1421 578
str10_ctwo.png 394663 1096 1352 559
str10_ctwo.png 394846 1097 1373 555
str10_ctwo.png 395113 1098 1443 525
str10_ctwo.png 395596 1099 1358 490
str10_ctwo.png 395879 1100 1418 450
str10_ctwo.png 396046 1101 1371 482
str10_ctwo.png 396163 1102 1415 460
#18
str10_ctwo.png 320595 975 513 484
str10_ctwo.png 321178 976 1311 496
str10_ctwo.png 321528 977 1373 491
str10_ctwo.png 321828 978 1397 474
str10_ctwo.png 322028 979 1375 476
str10_ctwo.png 322295 980 1355 494
str10_ctwo.png 322629 981 1334 510
str10_ctwo.png 323279 982 1384 483
str10_ctwo.png 323662 983 513 461
str10_ctwo.png 324029 984 473 502
str10_ctwo.png 324229 985 498 526
#19
str10_ctwo.png 300967 1073 553 489
str10_ctwo.png 301150 1074 481 490
str10_ctwo.png 301450 1075 1307 476
str10_ctwo.png 301684 1076 1398 495
str10_ctwo.png 301901 1077 538 483
str10_ctwo.png 302133 1078 490 532
str10_ctwo.png 302533 1079 480 457
str10_ctwo.png 303167 1079 471 573
str10_ctwo.png 303400 1081 509 572
str10_ctwo.png 303667 1082 1340 477
str10_ctwo.png 303817 1083 1322 510
str10_ctwo.png 303934 1084 1411 467
str10_ctwo.png 304284 1085 513 497
str10_ctwo.png 304500 1086 536 513
str10_ctwo.png 304650 1087 455 496
str10_ctwo.png 304934 1088 360 474
str10_ctwo.png 305234 1089 476 502
str10_ctwo.png 305700 1090 531 501
#20
str10_ctwo.png 305980 963 493 474
str10_ctwo.png 306813 964 1288 513
str10_ctwo.png 308697 967 1338 498
str10_ctwo.png 309430 968 1423 553
str10_ctwo.png 309797 969 1457 472
str10_ctwo.png 310196 970 1364 512
str10_ctwo.png 310480 971 1447 558
#21
str10_ctwo.png 318722 974 669 483
str10_ctwo.png 318905 975 464 455
str10_ctwo.png 319222 976 386 453
str10_ctwo.png 319488 977 304 475
str10_ctwo.png 319588 978 450 543
str10_ctwo.png 319972 979 450 453
str10_ctwo.png 320505 980 546 456
str10_ctwo.png 320839 981 1334 469
str10_ctwo.png 321022 982 1435 445
str10_ctwo.png 321306 983 1331 449
str10_ctwo.png 321789 984 1428 449
str10_ctwo.png 322022 985 1400 525
str10_ctwo.png 322672 986 1296 452
str10_ctwo.png 322972 987 1470 403
#22
str10_ctwo.png 296897 917 1050 412
str10_ctwo.png 297415 918 457 448
str10_ctwo.png 297615 919 504 472
str10_ctwo.png 297881 920 453 460
str10_ctwo.png 298048 921 546 466
str10_ctwo.png 298331 922 1289 521
str10_ctwo.png 298698 923 1391 491
str10_ctwo.png 299182 924 1324 437
str10_ctwo.png 299965 925 455 485
str10_ctwo.png 300082 926 456 457
str10_ctwo.png 300682 927 476 454
str10_ctwo.png 300815 928 361 458
str10_ctwo.png 301148 929 470 482
str10_ctwo.png 301465 930 449 535
str10_ctwo.png 301915 931 500 481
#23
str10_ctwo.png 380737 1213 441 399
str10_ctwo.png 380865 1214 475 453
str10_ctwo.png 381094 1215 422 476
str10_ctwo.png 381328 1216 325 461
str10_ctwo.png 381594 1217 536 459
str10_ctwo.png 381877 1218 471 489
str10_ctwo.png 382394 1219 1342 497
str10_ctwo.png 382661 1220 1421 482
str10_ctwo.png 382965 1221 1509 538
str10_ctwo.png 383198 1222 1459 489
str10_ctwo.png 383465 1223 1465 449
str10_ctwo.png 383632 1224 1462 408
str10_ctwo.png 383998 1225 509 463
str10_ctwo.png 384282 1226 449 521
str10_ctwo.png 384682 1227 512 506
str10_ctwo.png 384932 1228 538 482
str10_ctwo.png 385132 1229 359 450
str10_ctwo.png 385281 1230 396 444
#24
str10_ctwo.png 293874 883 496 441
str10_ctwo.png 294191 884 465 464
str10_ctwo.png 294776 885 476 395
str10_ctwo.png 295376 886 1411 457
str10_ctwo.png 295477 887 1382 427
str10_ctwo.png 295810 888 1349 493
str10_ctwo.png 296027 889 1447 509
str10_ctwo.png 296227 890 1362 492
str10_ctwo.png 296893 891 536 427
str10_ctwo.png 297260 892 1412 445
str10_ctwo.png 297410 893 1382 429
str10_ctwo.png 297843 894 1362 444
str10_ctwo.png 298060 895 1339 462
#25
str10_ctwo.png 320585 946 1011 529
str10_ctwo.png 320701 947 1017 481
str10_ctwo.png 320902 948 964 448
str10_ctwo.png 321552 949 968 451
str10_ctwo.png 322002 950 953 448
str10_ctwo.png 322485 951 958 431
str10_ctwo.png 322701 952 953 456
str10_ctwo.png 323485 953 942 460
str10_ctwo.png 324051 954 950 511
str10_ctwo.png 324585 955 925 526
str10_ctwo.png 324751 956 905 492
str10_ctwo.png 324968 957 903 507
str10_ctwo.png 325068 958 939 501
str10_ctwo.png 325435 959 975 450
str10_ctwo.png 325515 960 954 470
#26
str10_ctwo.png 363472 1152 488 473
str10_ctwo.png 363705 1153 489 522
str10_ctwo.png 364239 1154 470 567
str10_ctwo.png 364739 1155 1391 487
str10_ctwo.png 365155 1156 1504 439
str10_ctwo.png 365289 1157 1432 481
str10_ctwo.png 365573 1158 1465 551
str10_ctwo.png 365889 1159 472 500
str10_ctwo.png 366473 1160 468 578
str10_ctwo.png 366723 1161 448 601
str10_ctwo.png 366956 1162 460 528
str10_ctwo.png 367239 1163 408 517
str10_ctwo.png 367573 1164 502 499
#27
str10_ctwo.png 308425 971 618 459
str10_ctwo.png 308675 972 493 471
str10_ctwo.png 309375 973 423 482
str10_ctwo.png 309542 974 479 438
str10_ctwo.png 309842 975 1418 461
str10_ctwo.png 309959 976 1300 496
str10_ctwo.png 310926 977 497 521
str10_ctwo.png 311109 978 577 495
str10_ctwo.png 311392 979 509 509
str10_ctwo.png 311675 980 412 460
str10_ctwo.png 311909 981 482 477
str10_ctwo.png 312259 982 487 479
str10_ctwo.png 312375 983 499 561
str10_ctwo.png 312708 984 502 524
str10_ctwo.png 313154 985 524 513
#28
str10_ctwo.png 412326 1226 532 448
str10_ctwo.png 412876 1227 1474 471
str10_ctwo.png 413343 1228 1401 464
str10_ctwo.png 413958 1229 1570 474
str10_ctwo.png 414111 1230 1370 488
str10_ctwo.png 414528 1231 468 454
str10_ctwo.png 414644 1232 418 494
str10_ctwo.png 415227 1233 290 442
str10_ctwo.png 415462 1234 322 443
str10_ctwo.png 415645 1235 496 460
str10_ctwo.png 416028 1236 1343 463
str10_ctwo.png 416395 1237 1503 449
#29
str10_ctwo.png 355924 1048 458 473
str10_ctwo.png 356174 1049 1377 501
str10_ctwo.png 356524 1050 1506 429
str10_ctwo.png 356624 1051 1446 445
str10_ctwo.png 356824 1052 1329 458
str10_ctwo.png 357058 1053 1392 539
str10_ctwo.png 357558 1054 377 465
str10_ctwo.png 357657 1055 441 498
str10_ctwo.png 357857 1056 497 474
str10_ctwo.png 358191 1057 444 482
str10_ctwo.png 358407 1058 450 536
str10_ctwo.png 358707 1059 334 489
str10_ctwo.png 359241 1060 478 533
str10_ctwo.png 359557 1061 494 562
str10_ctwo.png 360024 1062 486 471
str10_ctwo.png 360340 1063 455 425
#30
str10_ctwo.png 340550 1105 835 572
str10_ctwo.png 340766 1106 452 529
str10_ctwo.png 341199 1107 1333 503
str10_ctwo.png 341616 1108 526 468
str10_ctwo.png 341700 1109 545 488
str10_ctwo.png 341932 1110 441 505
str10_ctwo.png 342471 1111 518 511
str10_ctwo.png 343090 1112 1367 504
str10_ctwo.png 343191 1113 1337 515
str10_ctwo.png 343474 1114 1426 495
str10_ctwo.png 343874 1115 555 478
str10_ctwo.png 344074 1116 471 495
str10_ctwo.png 344574 1117 504 458
str10_ctwo.png 344807 1118 510 465
str10_ctwo.png 345507 1119 467 507
#31
str10_ctwo.png 332546 1079 487 453
str10_ctwo.png 332946 1081 699 433
str10_ctwo.png 333096 1082 425 444
str10_ctwo.png 333346 1083 440 483
str10_ctwo.png 333563 1084 507 513
str10_ctwo.png 333913 1085 339 456
str10_ctwo.png 334163 1086 465 454
str10_ctwo.png 334396 1087 1273 446
str10_ctwo.png 334613 1088 1421 464
str10_ctwo.png 335350 1089 376 381
str10_ctwo.png 335505 1090 425 408
str10_ctwo.png 336023 1091 703 428
str10_ctwo.png 336356 1092 427 432
str10_ctwo.png 336906 1093 1352 430
str10_ctwo.png 337073 1094 1322 439
#32
str10_ctwo.png 337431 1134 873 475
str10_ctwo.png 337565 1135 546 481
str10_ctwo.png 337831 1136 492 478
str10_ctwo.png 338148 1137 477 459
str10_ctwo.png 338398 1138 404 456
str10_ctwo.png 338698 1139 550 464
str10_ctwo.png 338931 1140 497 537
str10_ctwo.png 339398 1141 519 419
str10_ctwo.png 339598 1142 582 428
str10_ctwo.png 339865 1143 1391 482
str10_ctwo.png 339998 1144 1358 459
str10_ctwo.png 340115 1145 1439 426
str10_ctwo.png 340533 1146 1462 480
str10_ctwo.png 340899 1147 1356 461
str10_ctwo.png 341349 1148 1318 440
str10_ctwo.png 341649 1149 1229 457
str10_ctwo.png 341982 1150 1376 473
str10_ctwo.png 342149 1151 1453 409
#33
str10_ctwo.png 413082 1055 444 390
str10_ctwo.png 413231 1056 502 348
str10_ctwo.png 413548 1057 1325 353
str10_ctwo.png 413698 1058 1316 364
str10_ctwo.png 413948 1059 471 316
str10_ctwo.png 414218 1060 417 302
str10_ctwo.png 414351 1061 475 334
str10_ctwo.png 415486 1062 452 303
str10_ctwo.png 415669 1063 467 299
str10_ctwo.png 416352 1064 529 319
str10_ctwo.png 416652 1065 487 330
str10_ctwo.png 417236 1066 494 306
#34
str10_ctwo.png 324095 930 780 442
str10_ctwo.png 324469 931 536 476
str10_ctwo.png 324803 932 1409 483
str10_ctwo.png 324987 933 1385 490
str10_ctwo.png 325687 934 1387 496
str10_ctwo.png 326104 935 1267 542
str10_ctwo.png 327144 936 554 510
str10_ctwo.png 327493 937 543 422
str10_ctwo.png 327760 938 1366 513
str10_ctwo.png 328895 939 1354 497
str10_ctwo.png 328995 940 1358 517
#35
str10_ctwo.png 328263 1079 1226 473
str10_ctwo.png 328546 1081 1342 466
str10_ctwo.png 328879 1082 527 433
str10_ctwo.png 329079 1083 463 445
str10_ctwo.png 329429 1084 423 497
str10_ctwo.png 329845 1085 523 496
str10_ctwo.png 330112 1086 1411 495
str10_ctwo.png 330346 1087 1414 447
str10_ctwo.png 330913 1088 1431 483
str10_ctwo.png 331068 1089 1280 475
str10_ctwo.png 331552 1090 1369 528
str10_ctwo.png 331768 1091 1406 568
str10_ctwo.png 332085 1092 1432 613
str10_ctwo.png 332568 1093 1393 611
str10_ctwo.png 332835 1094 1334 608
#36
str10_ctwo.png 350987 1075 960 552
str10_ctwo.png 351270 1076 459 435
str10_ctwo.png 351354 1077 465 414
str10_ctwo.png 351503 1078 459 425
str10_ctwo.png 351754 1079 555 447
str10_ctwo.png 352172 1079 1286 500
str10_ctwo.png 352406 1081 1442 483
str10_ctwo.png 352957 1082 1384 432
str10_ctwo.png 353657 1083 557 390
str10_ctwo.png 353940 1084 471 418
str10_ctwo.png 354407 1085 493 421
str10_ctwo.png 354924 1086 1390 484
str10_ctwo.png 355291 1087 1393 462
str10_ctwo.png 355524 1088 1402 454
str10_ctwo.png 355858 1089 1417 436
#37
str10_ctwo.png 322325 1041 979 520
str10_ctwo.png 322976 1042 1270 451
str10_ctwo.png 323326 1043 1355 460
str10_ctwo.png 323526 1044 1354 451
str10_ctwo.png 323626 1045 1400 453
str10_ctwo.png 324242 1046 465 466
str10_ctwo.png 325084 1047 183 385
str10_ctwo.png 325221 1048 317 441
str10_ctwo.png 325538 1049 1108 453
str10_ctwo.png 325805 1050 1363 493
str10_ctwo.png 326005 1051 1366 475
str10_ctwo.png 326571 1052 519 449
str10_ctwo.png 326838 1053 1242 448
str10_ctwo.png 327188 1054 1175 443
#38
str10_ctwo.png 325277 903 518 487
str10_ctwo.png 325494 904 480 518
str10_ctwo.png 325994 905 1434 507
str10_ctwo.png 326343 906 1406 534
str10_ctwo.png 326594 907 521 453
str10_ctwo.png 326710 908 531 475
str10_ctwo.png 326844 909 494 514
str10_ctwo.png 327093 910 555 495
str10_ctwo.png 327427 911 524 519
str10_ctwo.png 327627 912 442 510
str10_ctwo.png 327894 913 480 453
str10_ctwo.png 328460 914 1382 549
str10_ctwo.png 329012 915 1455 484
str10_ctwo.png 329428 916 1540 578
str10_ctwo.png 329645 917 1406 585
#39
str10_ctwo.png 301829 765 1199 420
str10_ctwo.png 302079 766 535 467
str10_ctwo.png 302212 767 459 431
str10_ctwo.png 302445 768 471 438
str10_ctwo.png 302679 769 547 434
str10_ctwo.png 302895 770 365 386
str10_ctwo.png 303079 771 298 392
str10_ctwo.png 303246 772 489 347
str10_ctwo.png 303730 773 1442 455
str10_ctwo.png 303884 774 1330 429
str10_ctwo.png 305592 775 502 368
str10_ctwo.png 305734 776 459 365
str10_ctwo.png 306041 777 479 370
str10_ctwo.png 306541 778 511 374
#40
str10_ctwo.png 331404 982 1081 411
str10_ctwo.png 331894 983 1352 442
str10_ctwo.png 332361 984 1350 422
str10_ctwo.png 332911 985 1387 424
str10_ctwo.png 333311 986 462 433
str10_ctwo.png 333445 987 534 437
str10_ctwo.png 334029 988 505 450
str10_ctwo.png 334895 989 521 406
str10_ctwo.png 335212 990 1382 479
str10_ctwo.png 335312 991 1315 460
str10_ctwo.png 335529 992 1390 429
str10_ctwo.png 336329 993 1437 409
str10_ctwo.png 336440 994 1458 400
#41
str10_ctwo.png 303219 821 447 490
str10_ctwo.png 303403 822 396 485
str10_ctwo.png 303836 823 1403 526
str10_ctwo.png 303987 824 1240 524
str10_ctwo.png 304137 825 1377 503
str10_ctwo.png 304737 826 1460 494
str10_ctwo.png 305019 827 369 488
str10_ctwo.png 305419 828 283 497
str10_ctwo.png 305886 829 421 505
str10_ctwo.png 306403 830 369 555
str10_ctwo.png 306536 831 463 531
str10_ctwo.png 306977 832 448 500
str10_ctwo.png 307501 833 395 470
#42
str10_ctwo.png 331514 1053 963 517
str10_ctwo.png 331763 1054 490 409
str10_ctwo.png 332097 1055 480 443
str10_ctwo.png 332380 1056 444 379
str10_ctwo.png 332630 1057 495 354
str10_ctwo.png 333213 1058 465 375
str10_ctwo.png 333714 1059 1318 423
str10_ctwo.png 333897 1060 1312 450
str10_ctwo.png 334097 1061 406 417
str10_ctwo.png 334280 1062 434 411
str10_ctwo.png 334397 1063 504 419
str10_ctwo.png 334663 1064 461 388
str10_ctwo.png 334930 1065 320 383
str10_ctwo.png 335213 1066 459 488
str10_ctwo.png 335963 1067 468 370
#43
