str10_mask.png 150033 495 939 406
str10_mask.png 150250 496 895 202
str10_mask.png 150816 497 1169 246
str10_mask.png 151150 498 1351 347
str10_mask.png 151400 499 1397 375
str10_mask.png 151616 500 1457 573
str10_mask.png 151866 501 1472 646
str10_mask.png 152000 502 1377 743
str10_mask.png 152249 503 1230 860
str10_mask.png 152399 504 1213 890
str10_mask.png 152600 505 946 955
str10_mask.png 152833 506 809 944
str10_mask.png 152983 507 661 898
str10_mask.png 153132 508 755 909
str10_mask.png 153232 509 727 891
str10_mask.png 153399 510 469 754
str10_mask.png 153649 511 426 674
str10_mask.png 153932 512 396 547
str10_mask.png 154032 513 408 525
str10_mask.png 154216 514 426 401
str10_mask.png 154549 515 458 362
str10_mask.png 154799 516 627 238
str10_mask.png 155033 517 625 244
str10_mask.png 155182 518 634 224
str10_mask.png 155332 519 631 246
str10_mask.png 155582 520 640 234
str10_mask.png 155966 521 674 239
str10_mask.png 156166 522 696 248
str10_mask.png 156466 523 448 454
str10_mask.png 156616 524 392 543
str10_mask.png 156882 525 455 744
str10_mask.png 157015 526 679 875
str10_mask.png 157282 527 472 775
str10_mask.png 157599 528 403 494
str10_mask.png 157765 529 456 338
str10_mask.png 157999 530 707 225
str10_mask.png 158149 531 1579 504
str10_mask.png 158283 532 1496 591
str10_mask.png 158499 533 1415 380
str10_mask.png 158733 534 1219 282
str10_mask.png 158983 535 1090 220
str10_mask.png 159083 536 894 201
str10_mask.png 159316 537 479 372
str10_mask.png 159582 538 425 595
str10_mask.png 159899 539 1053 950
#1
str10_mask.png 183260 613 799 417
str10_mask.png 183527 614 665 112
str10_mask.png 183744 615 825 134
str10_mask.png 184044 616 605 168
str10_mask.png 184327 617 1107 200
str10_mask.png 184544 618 1383 331
str10_mask.png 184844 619 1458 553
str10_mask.png 185110 620 1354 726
str10_mask.png 185377 621 1344 769
str10_mask.png 185810 622 1392 727
str10_mask.png 185946 623 1168 930
str10_mask.png 186280 624 1224 918
str10_mask.png 186546 625 967 971
str10_mask.png 186780 626 940 1010
str10_mask.png 187013 627 871 998
str10_mask.png 187246 628 674 935
str10_mask.png 187496 629 708 961
str10_mask.png 187730 630 864 985
str10_mask.png 188046 631 683 929
str10_mask.png 188396 632 417 772
str10_mask.png 188529 633 473 771
str10_mask.png 188846 634 448 800
str10_mask.png 189146 635 410 544
str10_mask.png 189446 636 429 435
str10_mask.png 189612 637 443 346
str10_mask.png 189912 638 405 493
str10_mask.png 190112 639 422 507
str10_mask.png 190379 640 506 357
str10_mask.png 190596 641 625 207
str10_mask.png 190845 642 679 222
str10_mask.png 191096 643 491 360
str10_mask.png 191396 644 1301 822
str10_mask.png 191713 645 1261 918
str10_mask.png 191996 646 1218 936
str10_mask.png 192196 647 1384 776
str10_mask.png 192313 648 1345 778
str10_mask.png 192446 649 1357 729
str10_mask.png 193096 650 1321 773
#2
str10_mask.png 130848 392 508 402
str10_mask.png 131331 393 730 837
str10_mask.png 131515 394 936 873
str10_mask.png 131731 395 1359 677
str10_mask.png 131898 396 1332 685
str10_mask.png 132775 397 1325 655
str10_mask.png 133241 398 1314 678
str10_mask.png 133424 399 1422 586
str10_mask.png 133574 400 1318 703
str10_mask.png 133858 401 1034 884
str10_mask.png 134208 402 683 847
str10_mask.png 134391 403 471 648
str10_mask.png 134524 404 492 656
str10_mask.png 134841 405 441 444
str10_mask.png 135191 406 464 301
str10_mask.png 135441 407 468 313
str10_mask.png 135774 408 447 447
str10_mask.png 136107 409 448 447
str10_mask.png 136274 410 517 218
str10_mask.png 136490 411 642 122
str10_mask.png 136674 412 997 85
str10_mask.png 137173 413 948 922
str10_mask.png 137858 414 716 826
str10_mask.png 138058 415 719 837
str10_mask.png 138275 416 721 841
str10_mask.png 138608 417 949 891
str10_mask.png 138758 418 714 822
str10_mask.png 139292 419 976 882
str10_mask.png 139658 420 910 865
str10_mask.png 139792 421 989 836
str10_mask.png 140292 422 694 820
str10_mask.png 140575 423 732 823
#3
str10_mask.png 175188 576 937 64
str10_mask.png 175438 577 931 104
str10_mask.png 175621 578 906 97
str10_mask.png 175921 579 691 111
str10_mask.png 176021 580 695 89
str10_mask.png 176238 581 534 226
str10_mask.png 176638 582 723 822
str10_mask.png 176821 583 756 861
str10_mask.png 177471 584 552 311
str10_mask.png 177904 585 504 471
str10_mask.png 178254 586 512 640
str10_mask.png 178688 587 736 855
str10_mask.png 178921 588 761 907
str10_mask.png 179171 589 774 874
str10_mask.png 179788 590 1377 695
str10_mask.png 180221 591 1235 849
str10_mask.png 180438 592 1221 885
str10_mask.png 180671 593 967 928
str10_mask.png 181188 594 976 969
str10_mask.png 181588 595 713 881
str10_mask.png 181888 596 1431 532
str10_mask.png 182138 597 1477 496
str10_mask.png 182355 598 1374 282
str10_mask.png 182488 599 1221 165
str10_mask.png 182738 600 967 96
str10_mask.png 182921 601 1412 312
str10_mask.png 183138 602 1509 486
str10_mask.png 183371 603 1434 264
str10_mask.png 183705 604 902 97
str10_mask.png 184154 605 545 313
str10_mask.png 184321 606 492 493
str10_mask.png 184571 607 512 645
#4
str10_mask.png 165178 402 1266 889
str10_mask.png 165361 403 1375 795
str10_mask.png 165611 404 1391 726
str10_mask.png 165877 405 1390 697
str10_mask.png 166194 406 763 886
str10_mask.png 166527 407 760 902
str10_mask.png 166694 408 516 777
str10_mask.png 166977 409 475 558
str10_mask.png 167177 410 465 538
str10_mask.png 167510 411 519 385
str10_mask.png 167677 412 454 527
str10_mask.png 167960 413 887 160
str10_mask.png 168227 414 1150 225
str10_mask.png 168394 415 1210 159
str10_mask.png 168510 416 1440 333
str10_mask.png 168727 417 525 275
str10_mask.png 168944 418 1190 931
str10_mask.png 169327 419 1360 795
str10_mask.png 169677 420 1205 897
str10_mask.png 169927 421 957 971
str10_mask.png 170444 422 549 712
str10_mask.png 170665 423 475 527
str10_mask.png 170848 424 460 520
str10_mask.png 171765 425 1369 765
str10_mask.png 172032 426 1479 606
str10_mask.png 172232 427 441 550
str10_mask.png 172365 428 459 548
str10_mask.png 172532 429 456 534
str10_mask.png 172865 430 463 533
str10_mask.png 173165 431 468 696
str10_mask.png 173482 432 485 745
str10_mask.png 173866 433 891 970
str10_mask.png 174016 434 1107 928
str10_mask.png 174216 435 1211 928
#5
str10_mask.png 158774 404 777 365
str10_mask.png 158990 405 777 381
str10_mask.png 159207 406 1323 711
str10_mask.png 159607 407 642 908
str10_mask.png 159974 408 666 910
str10_mask.png 160473 409 829 896
str10_mask.png 160856 410 1055 942
str10_mask.png 161756 411 1061 974
str10_mask.png 162024 412 1304 817
str10_mask.png 162207 413 1398 716
str10_mask.png 162674 414 1401 698
str10_mask.png 163090 415 1515 482
str10_mask.png 163307 416 1448 240
str10_mask.png 163674 417 1071 152
str10_mask.png 163957 418 1070 154
str10_mask.png 164107 419 1154 122
str10_mask.png 164257 420 1164 117
str10_mask.png 164340 421 1171 153
str10_mask.png 164990 422 627 272
str10_mask.png 165674 423 778 875
str10_mask.png 166774 424 884 882
str10_mask.png 167224 425 1358 755
str10_mask.png 167924 426 1377 707
str10_mask.png 168441 427 1204 820
#6
str10_mask.png 175302 448 997 552
str10_mask.png 175602 449 1092 616
str10_mask.png 175785 450 616 929
str10_mask.png 176085 451 699 954
str10_mask.png 176202 452 697 938
str10_mask.png 176669 453 757 957
str10_mask.png 176969 454 960 1012
str10_mask.png 177202 455 1165 998
str10_mask.png 177802 456 1435 447
str10_mask.png 178052 457 1456 378
str10_mask.png 178235 458 1007 166
str10_mask.png 178585 459 957 146
str10_mask.png 178868 460 925 136
str10_mask.png 179102 461 615 252
str10_mask.png 179469 462 478 392
str10_mask.png 179769 463 739 320
str10_mask.png 180069 464 401 588
str10_mask.png 180286 465 419 522
str10_mask.png 180936 466 455 691
str10_mask.png 181186 467 478 668
str10_mask.png 181419 468 646 857
str10_mask.png 181603 469 713 950
str10_mask.png 182103 470 733 947
str10_mask.png 182502 471 1199 893
str10_mask.png 182836 472 1197 889
str10_mask.png 183355 473 1411 733
str10_mask.png 183621 474 1484 471
str10_mask.png 183805 475 1451 300
str10_mask.png 184121 476 1191 175
str10_mask.png 184554 477 981 136
#7
str10_mask.png 126040 302 1037 385
str10_mask.png 126368 303 801 302
str10_mask.png 126818 304 680 107
str10_mask.png 127201 305 686 595
str10_mask.png 127534 306 966 782
str10_mask.png 127868 307 804 641
str10_mask.png 128101 308 908 401
str10_mask.png 129301 309 793 442
str10_mask.png 129851 310 904 821
str10_mask.png 130101 311 1100 768
str10_mask.png 130351 312 1044 384
str10_mask.png 130768 313 1811 317
str10_mask.png 131487 315 862 313
str10_mask.png 131924 316 637 700
str10_mask.png 132140 317 836 420
str10_mask.png 132474 318 1146 607
str10_mask.png 132957 319 929 448
str10_mask.png 133390 320 725 243
str10_mask.png 133690 321 859 678
str10_mask.png 133990 322 1097 206
str10_mask.png 134290 323 856 614
str10_mask.png 134440 324 878 77
str10_mask.png 134824 325 1177 144
str10_mask.png 135757 326 867 527
str10_mask.png 135990 327 457 584
#8
str10_mask.png 160136 506 676 383
str10_mask.png 160390 507 391 384
str10_mask.png 160556 508 338 507
str10_mask.png 160823 509 446 772
str10_mask.png 161090 510 634 924
str10_mask.png 161373 511 674 916
str10_mask.png 161856 512 888 973
str10_mask.png 162089 513 703 905
str10_mask.png 162256 514 871 940
str10_mask.png 162489 515 925 1002
str10_mask.png 162740 516 1200 907
str10_mask.png 163206 517 1344 772
str10_mask.png 163406 518 896 965
str10_mask.png 164040 519 654 926
str10_mask.png 164339 520 413 754
str10_mask.png 164573 521 378 708
str10_mask.png 165089 522 364 525
str10_mask.png 165223 523 348 492
str10_mask.png 165423 524 398 326
str10_mask.png 165639 525 848 125
str10_mask.png 166173 526 835 114
str10_mask.png 166356 527 1308 688
str10_mask.png 166706 528 1358 725
str10_mask.png 166989 529 1451 518
str10_mask.png 167623 530 1177 177
str10_mask.png 167973 531 916 110
str10_mask.png 168239 532 557 140
str10_mask.png 168656 533 398 351
str10_mask.png 169123 534 444 350
str10_mask.png 169256 535 412 329
str10_mask.png 169406 536 343 515
str10_mask.png 169773 537 396 743
#9
str10_mask.png 152454 378 944 489
str10_mask.png 152689 379 901 265
str10_mask.png 153105 380 691 954
str10_mask.png 153322 381 716 921
str10_mask.png 153539 382 960 942
str10_mask.png 154389 383 1167 888
str10_mask.png 154688 384 1336 772
str10_mask.png 155989 385 1211 859
str10_mask.png 156388 386 1155 893
str10_mask.png 156789 387 912 955
str10_mask.png 157222 388 663 897
str10_mask.png 157605 389 482 762
str10_mask.png 157955 390 464 495
str10_mask.png 158321 391 861 198
str10_mask.png 158521 392 1237 273
str10_mask.png 158838 393 1486 485
str10_mask.png 158955 394 1452 501
str10_mask.png 159238 395 993 870
str10_mask.png 159688 396 1132 893
str10_mask.png 159988 397 1338 752
str10_mask.png 161005 398 1232 891
#10
str10_mask.png 134427 429 946 423
str10_mask.png 134757 430 635 328
str10_mask.png 134974 431 536 342
str10_mask.png 135191 432 487 521
str10_mask.png 135541 433 762 864
str10_mask.png 135757 434 757 913
str10_mask.png 136007 435 1127 905
str10_mask.png 136441 436 800 937
str10_mask.png 136758 437 781 948
str10_mask.png 136957 438 784 957
str10_mask.png 137091 439 1023 1021
str10_mask.png 137274 440 1184 1008
str10_mask.png 137875 441 1014 1042
str10_mask.png 138042 442 1007 1044
str10_mask.png 138542 443 971 1038
str10_mask.png 138776 444 1342 850
str10_mask.png 138959 445 1379 779
str10_mask.png 139309 446 1384 751
str10_mask.png 140109 447 1372 789
str10_mask.png 140360 448 1383 756
str10_mask.png 140510 449 1381 770
str10_mask.png 140594 450 1382 732
str10_mask.png 141696 451 1380 809
str10_mask.png 141913 452 1384 922
str10_mask.png 142735 453 1408 737
str10_mask.png 142821 454 1396 778
str10_mask.png 143278 455 1042 176
str10_mask.png 143750 456 508 387
str10_mask.png 144284 457 1097 150
#11
str10_mask.png 158552 410 819 354
str10_mask.png 158869 411 849 77
str10_mask.png 159002 412 845 95
str10_mask.png 159504 413 874 78
str10_mask.png 159709 414 936 62
str10_mask.png 160260 415 899 85
str10_mask.png 160610 416 879 74
str10_mask.png 160994 417 1166 94
str10_mask.png 161694 418 1176 156
str10_mask.png 162144 419 1390 291
str10_mask.png 162494 420 1386 311
str10_mask.png 162594 421 1426 223
str10_mask.png 163194 422 1365 303
str10_mask.png 163444 423 1374 287
str10_mask.png 163627 424 1471 482
str10_mask.png 164427 425 1512 466
str10_mask.png 164627 426 1511 469
str10_mask.png 165180 427 1384 732
str10_mask.png 165469 428 1351 731
str10_mask.png 165786 429 1383 867
str10_mask.png 166119 430 1338 809
str10_mask.png 166286 431 1404 686
str10_mask.png 166769 432 1348 681
str10_mask.png 167003 433 1137 862
str10_mask.png 167336 434 1185 880
str10_mask.png 167603 435 1355 652
str10_mask.png 167986 436 1160 888
str10_mask.png 168536 437 1182 906
#12
str10_mask.png 174687 516 1353 737
str10_mask.png 174871 517 1054 899
str10_mask.png 175071 518 711 908
str10_mask.png 175304 519 652 913
str10_mask.png 175687 520 505 807
str10_mask.png 175837 521 657 863
str10_mask.png 175987 522 459 688
str10_mask.png 176171 523 1371 753
str10_mask.png 176271 524 1330 760
str10_mask.png 176421 525 1186 907
str10_mask.png 176738 526 915 964
str10_mask.png 177138 527 965 942
str10_mask.png 177471 528 1100 243
str10_mask.png 177704 529 542 281
str10_mask.png 177887 530 445 501
str10_mask.png 178221 531 493 692
str10_mask.png 178754 532 1526 532
str10_mask.png 178855 533 1467 534
str10_mask.png 179004 534 1359 719
str10_mask.png 179505 535 1228 174
str10_mask.png 179738 536 970 122
str10_mask.png 180088 537 543 191
str10_mask.png 180221 538 619 220
str10_mask.png 180404 539 505 437
str10_mask.png 180838 540 1011 445
str10_mask.png 181588 541 1023 723
str10_mask.png 182238 542 1364 611
str10_mask.png 182372 543 1325 612
str10_mask.png 183338 544 974 422
str10_mask.png 183988 545 501 464
str10_mask.png 184154 546 451 511
#13
str10_mask.png 152850 447 964 202
str10_mask.png 153016 448 940 171
str10_mask.png 153200 449 1201 169
str10_mask.png 153566 450 1287 235
str10_mask.png 153800 451 1387 293
str10_mask.png 153934 452 1351 308
str10_mask.png 154200 453 1422 453
str10_mask.png 154600 454 1431 498
str10_mask.png 155033 455 1353 682
str10_mask.png 155633 456 1177 919
str10_mask.png 156133 457 968 910
str10_mask.png 156367 458 761 911
str10_mask.png 156617 459 627 905
str10_mask.png 156900 460 496 778
str10_mask.png 157216 461 447 657
str10_mask.png 157483 462 423 524
str10_mask.png 157833 463 467 351
str10_mask.png 158283 464 567 235
str10_mask.png 158516 465 696 199
str10_mask.png 158683 466 883 141
str10_mask.png 159066 467 931 148
str10_mask.png 159233 468 1203 162
str10_mask.png 159566 469 1389 281
str10_mask.png 159700 470 1351 298
str10_mask.png 160016 471 1433 523
str10_mask.png 160500 472 1338 731
str10_mask.png 160967 473 1067 910
str10_mask.png 161133 474 941 933
str10_mask.png 161383 475 717 915
str10_mask.png 162499 476 506 784
str10_mask.png 162611 477 448 710
#14
str10_mask.png 209608 594 715 85
str10_mask.png 209924 595 943 852
str10_mask.png 210108 596 733 849
str10_mask.png 210508 597 757 852
str10_mask.png 211233 598 782 918
str10_mask.png 211383 599 758 892
str10_mask.png 211667 600 683 869
str10_mask.png 212067 601 743 864
str10_mask.png 212767 602 986 965
str10_mask.png 213117 603 923 963
str10_mask.png 213634 604 1249 869
str10_mask.png 214001 605 1208 898
str10_mask.png 214167 606 1390 680
str10_mask.png 214734 607 1368 710
str10_mask.png 215051 608 1407 682
str10_mask.png 215334 609 1496 448
str10_mask.png 215800 610 1356 243
str10_mask.png 216067 611 1193 121
str10_mask.png 216250 612 918 82
str10_mask.png 216600 613 618 209
str10_mask.png 216884 614 461 350
str10_mask.png 217050 615 513 339
str10_mask.png 217200 616 445 490
str10_mask.png 217783 617 467 722
str10_mask.png 218283 618 455 684
str10_mask.png 218500 619 792 891
str10_mask.png 218766 620 728 893
#15
str10_mask.png 154461 526 993 466
str10_mask.png 155011 527 1325 721
str10_mask.png 155161 528 1376 748
str10_mask.png 155528 529 1414 758
str10_mask.png 155629 530 1386 761
str10_mask.png 155762 531 1121 932
str10_mask.png 155962 532 807 963
str10_mask.png 156129 533 678 952
str10_mask.png 156345 534 887 976
str10_mask.png 156729 535 928 995
str10_mask.png 156995 536 686 945
str10_mask.png 157278 537 479 568
str10_mask.png 157411 538 527 567
str10_mask.png 157511 539 433 535
str10_mask.png 157728 540 696 258
str10_mask.png 157895 541 964 205
str10_mask.png 158178 542 782 985
str10_mask.png 158361 543 677 924
str10_mask.png 158745 544 890 958
str10_mask.png 159045 545 909 954
str10_mask.png 159478 546 1167 968
str10_mask.png 159745 547 1227 943
str10_mask.png 160178 548 1219 920
str10_mask.png 160578 549 1262 903
str10_mask.png 160811 550 1421 605
str10_mask.png 160978 551 1348 777
str10_mask.png 161212 552 1358 359
str10_mask.png 161495 553 1433 579
str10_mask.png 161812 554 449 711
str10_mask.png 161979 555 402 557
str10_mask.png 162129 556 448 754
str10_mask.png 162512 557 663 927
str10_mask.png 162829 558 709 922
str10_mask.png 163079 559 737 930
str10_mask.png 163779 560 949 900
str10_mask.png 164046 561 1144 936
str10_mask.png 164263 562 954 970
#16
str10_mask.png 175462 487 1058 451
str10_mask.png 175712 488 1265 114
str10_mask.png 176096 489 963 81
str10_mask.png 176379 490 969 100
str10_mask.png 176546 491 651 167
str10_mask.png 176912 492 1201 133
str10_mask.png 176996 493 1217 148
str10_mask.png 177096 494 1207 135
str10_mask.png 177329 495 1461 281
str10_mask.png 177513 496 1460 288
str10_mask.png 177796 497 1540 484
str10_mask.png 177896 498 1518 509
str10_mask.png 178079 499 1519 505
str10_mask.png 178329 500 1408 735
str10_mask.png 179079 501 1391 778
str10_mask.png 179496 502 1408 712
str10_mask.png 179662 503 1411 690
str10_mask.png 179962 504 1226 899
str10_mask.png 180312 505 1224 904
str10_mask.png 180496 506 976 979
str10_mask.png 180862 507 719 946
str10_mask.png 181212 508 473 799
str10_mask.png 181361 509 506 780
str10_mask.png 181644 510 444 536
str10_mask.png 182095 511 543 349
str10_mask.png 182545 512 695 213
str10_mask.png 182795 513 706 213
str10_mask.png 183178 514 683 247
str10_mask.png 183561 515 818 136
str10_mask.png 183728 516 1011 112
str10_mask.png 184261 517 1060 127
str10_mask.png 184511 518 1226 208
str10_mask.png 184811 519 1289 216
#17
str10_mask.png 178490 517 924 395
str10_mask.png 178841 518 909 90
str10_mask.png 179274 519 957 152
str10_mask.png 179424 520 929 56
str10_mask.png 179674 521 1071 489
str10_mask.png 179924 522 1306 636
str10_mask.png 180274 523 985 740
str10_mask.png 180658 524 660 866
str10_mask.png 180824 525 695 908
str10_mask.png 181858 526 656 910
str10_mask.png 181991 527 681 935
str10_mask.png 182074 528 660 903
str10_mask.png 182508 529 640 919
str10_mask.png 182724 530 623 891
str10_mask.png 182924 531 797 912
str10_mask.png 183091 532 788 912
str10_mask.png 183241 533 670 911
str10_mask.png 184213 534 439 483
str10_mask.png 184313 535 428 505
str10_mask.png 184496 536 451 703
str10_mask.png 184896 537 724 890
str10_mask.png 185112 538 1012 958
str10_mask.png 185363 539 1369 837
str10_mask.png 185629 540 1410 709
str10_mask.png 185879 541 1491 424
str10_mask.png 186130 542 941 169
str10_mask.png 187030 543 412 493
str10_mask.png 187263 544 457 732
str10_mask.png 187563 545 424 687
str10_mask.png 188146 546 471 684
#18
str10_mask.png 137476 452 794 224
str10_mask.png 137726 453 678 203
str10_mask.png 137909 454 940 161
str10_mask.png 138459 455 1092 146
str10_mask.png 138676 456 956 129
str10_mask.png 138892 457 1192 149
str10_mask.png 139359 458 1393 240
str10_mask.png 139542 459 1406 285
str10_mask.png 139843 460 1433 459
str10_mask.png 140026 461 1446 528
str10_mask.png 140143 462 1342 692
str10_mask.png 140343 463 1368 734
str10_mask.png 141026 464 1217 883
str10_mask.png 141226 465 1195 904
str10_mask.png 141476 466 701 932
str10_mask.png 141793 467 724 932
str10_mask.png 142493 468 488 762
str10_mask.png 142893 469 446 522
str10_mask.png 143159 470 481 387
str10_mask.png 143509 471 620 261
str10_mask.png 143759 472 918 164
str10_mask.png 144275 473 1229 167
str10_mask.png 144659 474 513 892
str10_mask.png 144875 475 662 934
str10_mask.png 145042 476 936 957
str10_mask.png 145442 477 717 916
str10_mask.png 145775 478 1209 902
str10_mask.png 146292 479 1199 922
str10_mask.png 146392 480 1348 761
str10_mask.png 146958 481 963 537
#19
str10_mask.png 126195 456 756 233
str10_mask.png 126445 457 1236 800
str10_mask.png 126694 458 712 914
str10_mask.png 127428 459 513 740
str10_mask.png 127799 460 442 521
str10_mask.png 128167 461 939 836
str10_mask.png 128350 462 1306 809
str10_mask.png 128567 463 1052 958
str10_mask.png 128800 464 951 987
str10_mask.png 129117 465 1182 937
str10_mask.png 129483 466 1368 768
str10_mask.png 129816 467 1420 632
str10_mask.png 129900 468 1468 595
str10_mask.png 130117 469 1396 343
str10_mask.png 130367 470 1189 166
str10_mask.png 130567 471 950 119
str10_mask.png 130800 472 614 218
str10_mask.png 131100 473 491 408
str10_mask.png 131367 474 481 724
str10_mask.png 131617 475 675 909
str10_mask.png 131884 476 746 914
str10_mask.png 132017 477 932 965
str10_mask.png 132200 478 1191 906
str10_mask.png 132434 479 1355 740
str10_mask.png 132751 480 1438 543
str10_mask.png 133084 481 1312 807
str10_mask.png 133401 482 1191 904
str10_mask.png 133684 483 991 945
str10_mask.png 133901 484 718 884
str10_mask.png 134068 485 502 742
str10_mask.png 134167 486 520 753
str10_mask.png 134550 487 756 932
str10_mask.png 134817 488 935 965
str10_mask.png 135034 489 1223 862
str10_mask.png 135400 490 1363 791
str10_mask.png 135667 491 1218 913
#20
str10_mask.png 135602 425 883 168
str10_mask.png 135935 426 713 285
str10_mask.png 136135 427 495 399
str10_mask.png 136735 428 680 937
str10_mask.png 136952 429 535 804
str10_mask.png 137135 430 940 960
str10_mask.png 137402 431 1223 875
str10_mask.png 137702 432 1374 719
str10_mask.png 137935 433 1409 465
str10_mask.png 138285 434 965 921
str10_mask.png 138485 435 1344 311
str10_mask.png 138735 436 1240 163
str10_mask.png 138919 437 942 129
str10_mask.png 139785 438 630 197
str10_mask.png 140069 439 885 123
str10_mask.png 140402 440 624 199
str10_mask.png 140685 441 456 426
str10_mask.png 140968 442 436 506
str10_mask.png 141252 443 523 348
str10_mask.png 141535 444 638 202
str10_mask.png 142002 445 591 866
str10_mask.png 142102 446 490 748
str10_mask.png 142185 447 488 771
str10_mask.png 142369 448 459 347
str10_mask.png 142819 449 434 521
str10_mask.png 143152 450 504 545
str10_mask.png 143502 451 430 543
str10_mask.png 143585 452 430 530
str10_mask.png 144002 453 515 304
str10_mask.png 144485 454 732 962
str10_mask.png 144652 455 969 993
str10_mask.png 144835 456 1210 903
#21
str10_mask.png 143647 450 983 520
str10_mask.png 143881 451 938 182
str10_mask.png 144064 452 890 131
str10_mask.png 144547 453 1108 233
str10_mask.png 144714 454 1203 135
str10_mask.png 144897 455 1219 176
str10_mask.png 145464 456 1375 279
str10_mask.png 145665 457 1462 418
str10_mask.png 145832 458 1452 509
str10_mask.png 146383 459 1459 519
str10_mask.png 146735 460 1371 695
str10_mask.png 146952 461 1374 730
str10_mask.png 147335 462 1380 721
str10_mask.png 147535 463 1375 746
str10_mask.png 147652 464 1194 844
str10_mask.png 147802 465 1161 885
str10_mask.png 148102 466 1208 895
str10_mask.png 148335 467 976 947
str10_mask.png 149085 468 433 773
str10_mask.png 149218 469 465 773
str10_mask.png 149418 470 414 686
str10_mask.png 149618 471 387 528
str10_mask.png 149884 472 386 512
str10_mask.png 150084 473 414 505
str10_mask.png 150251 474 451 347
str10_mask.png 150568 475 488 315
str10_mask.png 150935 476 617 202
str10_mask.png 151334 477 653 178
str10_mask.png 151701 478 696 169
str10_mask.png 152268 479 765 294
str10_mask.png 152401 480 548 299
str10_mask.png 152651 481 780 320
str10_mask.png 152901 482 918 428
#22
str10_mask.png 126683 399 1222 425
str10_mask.png 127040 400 959 205
str10_mask.png 127373 401 1157 218
str10_mask.png 127507 402 1183 217
str10_mask.png 128173 403 1380 360
str10_mask.png 128457 404 1411 337
str10_mask.png 128590 405 1404 335
str10_mask.png 128807 406 1487 491
str10_mask.png 129074 407 1490 517
str10_mask.png 129274 408 1495 506
str10_mask.png 129807 409 1399 676
str10_mask.png 130074 410 1374 697
str10_mask.png 130724 411 1390 770
str10_mask.png 130907 412 1254 883
str10_mask.png 131474 413 997 926
str10_mask.png 131824 414 970 975
str10_mask.png 132190 415 741 911
str10_mask.png 132490 416 578 840
str10_mask.png 132674 417 576 832
str10_mask.png 132974 418 713 903
str10_mask.png 133923 419 429 672
str10_mask.png 134123 420 436 662
str10_mask.png 134356 421 430 644
str10_mask.png 134590 422 426 584
str10_mask.png 134790 423 511 764
str10_mask.png 135023 424 539 777
str10_mask.png 135190 425 436 540
str10_mask.png 135673 426 492 364
str10_mask.png 135890 427 637 258
str10_mask.png 136073 428 635 273
str10_mask.png 136356 429 654 252
str10_mask.png 136673 430 943 208
#23
str10_mask.png 170077 576 1005 465
str10_mask.png 170268 577 943 175
str10_mask.png 170437 578 1001 112
str10_mask.png 170695 579 956 129
str10_mask.png 171241 580 623 190
str10_mask.png 171508 581 484 302
str10_mask.png 171708 582 648 214
str10_mask.png 172174 583 678 202
str10_mask.png 172507 584 467 350
str10_mask.png 172808 585 507 358
str10_mask.png 173091 586 456 303
str10_mask.png 173440 587 427 500
str10_mask.png 173607 588 437 500
str10_mask.png 174007 589 512 498
str10_mask.png 174390 590 517 694
str10_mask.png 174607 591 465 689
str10_mask.png 174924 592 452 711
str10_mask.png 175124 593 461 735
str10_mask.png 175474 594 748 884
str10_mask.png 175757 595 781 877
str10_mask.png 175999 596 738 858
str10_mask.png 176218 597 995 920
str10_mask.png 176529 598 1166 917
str10_mask.png 176658 599 1258 884
str10_mask.png 177314 600 1428 817
str10_mask.png 177478 601 1477 752
str10_mask.png 177946 602 1450 550
str10_mask.png 178467 603 1409 338
str10_mask.png 178884 604 1272 218
str10_mask.png 179084 605 1205 179
str10_mask.png 179400 606 1178 206
str10_mask.png 179667 607 1372 326
str10_mask.png 179934 608 1450 478
#24
str10_mask.png 124793 384 971 418
str10_mask.png 124917 385 938 431
str10_mask.png 125384 386 1222 839
str10_mask.png 125784 387 415 338
str10_mask.png 125917 388 442 294
str10_mask.png 126401 389 1213 130
str10_mask.png 126534 390 1399 244
str10_mask.png 126801 391 603 157
str10_mask.png 127017 392 450 574
str10_mask.png 127267 393 624 773
str10_mask.png 127450 394 701 842
str10_mask.png 127834 395 489 729
str10_mask.png 127984 396 473 731
str10_mask.png 128184 397 459 689
str10_mask.png 128350 398 466 413
str10_mask.png 128550 399 426 478
str10_mask.png 128917 400 1406 753
str10_mask.png 129052 401 1368 717
str10_mask.png 129319 402 1393 717
str10_mask.png 129552 403 1364 793
str10_mask.png 129669 404 1214 855
str10_mask.png 129969 405 985 922
str10_mask.png 130302 406 931 939
str10_mask.png 130435 407 1490 503
str10_mask.png 130735 408 1403 258
str10_mask.png 131235 409 582 283
str10_mask.png 131384 410 620 274
str10_mask.png 131568 411 661 257
str10_mask.png 132307 412 675 813
str10_mask.png 132457 413 753 860
str10_mask.png 132840 414 737 887
str10_mask.png 133390 415 721 893
str10_mask.png 133590 416 976 922
str10_mask.png 134223 417 978 141
str10_mask.png 134741 418 966 108
#25
str10_mask.png 152475 430 925 537
str10_mask.png 152675 431 897 528
str10_mask.png 152808 432 924 519
str10_mask.png 152958 433 933 536
str10_mask.png 153458 434 899 529
str10_mask.png 153724 435 888 516
str10_mask.png 153825 436 882 494
str10_mask.png 154158 437 905 467
str10_mask.png 154608 438 834 446
str10_mask.png 154942 439 864 467
str10_mask.png 155142 440 841 493
str10_mask.png 155309 441 845 479
str10_mask.png 155476 442 874 453
str10_mask.png 156862 443 892 464
str10_mask.png 157045 444 916 488
str10_mask.png 157295 445 914 492
str10_mask.png 157962 446 1013 500
str10_mask.png 158095 447 1043 505
str10_mask.png 158495 448 1010 484
str10_mask.png 158662 449 905 463
str10_mask.png 159012 450 982 509
str10_mask.png 159379 451 938 457
str10_mask.png 159662 452 1019 516
str10_mask.png 159778 453 946 527
str10_mask.png 161355 454 933 456
str10_mask.png 161589 455 924 484
str10_mask.png 161889 456 959 530
str10_mask.png 162239 457 931 464
#26
str10_mask.png 170297 528 642 143
str10_mask.png 170547 529 580 185
str10_mask.png 170747 530 980 81
str10_mask.png 170931 531 1330 128
str10_mask.png 171197 532 1512 239
str10_mask.png 171315 533 1295 271
str10_mask.png 171582 534 1378 486
str10_mask.png 171815 535 1402 524
str10_mask.png 172082 536 1313 732
str10_mask.png 172415 537 1332 772
str10_mask.png 172749 538 1305 775
str10_mask.png 172899 539 1179 904
str10_mask.png 173165 540 1160 925
str10_mask.png 173799 541 1198 920
str10_mask.png 174249 542 855 968
str10_mask.png 174399 543 663 970
str10_mask.png 174915 544 880 1007
str10_mask.png 175282 545 789 957
str10_mask.png 176814 546 374 539
str10_mask.png 176964 547 396 544
str10_mask.png 177831 548 548 364
str10_mask.png 177998 549 521 364
str10_mask.png 178247 550 546 244
str10_mask.png 178766 551 487 363
str10_mask.png 179016 552 1202 224
str10_mask.png 179183 553 1319 209
str10_mask.png 179449 554 1273 190
str10_mask.png 179649 555 1458 349
str10_mask.png 179900 556 1354 740
#27
str10_mask.png 125884 409 1039 529
str10_mask.png 126038 410 1021 543
str10_mask.png 126288 411 973 200
str10_mask.png 126438 412 1014 98
str10_mask.png 126971 413 748 150
str10_mask.png 127438 414 538 308
str10_mask.png 127687 415 570 290
str10_mask.png 127904 416 514 489
str10_mask.png 128288 417 546 673
str10_mask.png 128521 418 701 830
str10_mask.png 128804 419 812 897
str10_mask.png 129054 420 1036 926
str10_mask.png 129337 421 1318 873
str10_mask.png 129654 422 1444 773
str10_mask.png 129738 423 1326 755
str10_mask.png 130105 424 1364 681
str10_mask.png 130355 425 1460 536
str10_mask.png 130921 426 1396 302
str10_mask.png 131071 427 1371 292
str10_mask.png 131688 428 900 146
str10_mask.png 131922 429 904 141
str10_mask.png 132055 430 878 163
str10_mask.png 132422 431 984 599
str10_mask.png 132605 432 943 586
str10_mask.png 133272 433 956 578
str10_mask.png 133627 434 946 585
str10_mask.png 134127 435 932 596
str10_mask.png 134477 436 939 604
str10_mask.png 134960 437 953 617
str10_mask.png 135193 438 953 612
str10_mask.png 135576 439 928 608
str10_mask.png 135810 440 953 614
#28
str10_mask.png 185929 563 978 441
str10_mask.png 186272 564 944 334
str10_mask.png 186389 565 753 274
str10_mask.png 186639 566 758 275
str10_mask.png 186905 567 1191 613
str10_mask.png 187189 568 1404 699
str10_mask.png 187956 569 723 879
str10_mask.png 188222 570 766 899
str10_mask.png 188755 571 559 777
str10_mask.png 189222 572 449 505
str10_mask.png 189455 573 547 350
str10_mask.png 189672 574 890 175
str10_mask.png 189872 575 1303 223
str10_mask.png 190155 576 1426 329
str10_mask.png 190405 577 1297 658
str10_mask.png 190555 578 1411 670
str10_mask.png 190755 579 1488 547
str10_mask.png 190972 580 1393 732
str10_mask.png 191355 581 1417 718
str10_mask.png 191605 582 1213 921
str10_mask.png 191905 583 1005 944
str10_mask.png 192172 584 996 949
str10_mask.png 192322 585 745 876
str10_mask.png 192955 586 508 692
str10_mask.png 193322 587 462 575
str10_mask.png 193472 588 442 517
str10_mask.png 193789 589 438 498
str10_mask.png 194039 590 1358 770
str10_mask.png 194272 591 1412 723
str10_mask.png 194772 592 1228 902
str10_mask.png 194855 593 1220 906
str10_mask.png 195388 594 1034 959
str10_mask.png 195888 595 992 939
str10_mask.png 195972 596 1010 940
#29
str10_mask.png 172526 530 678 255
str10_mask.png 172709 531 953 157
str10_mask.png 173692 532 1093 159
str10_mask.png 173909 533 1231 148
str10_mask.png 174109 534 1222 154
str10_mask.png 174676 535 1425 227
str10_mask.png 174776 536 1334 261
str10_mask.png 175009 537 1354 323
str10_mask.png 175726 538 1423 409
str10_mask.png 176043 539 1445 492
str10_mask.png 176359 540 1423 513
str10_mask.png 176743 541 1332 738
str10_mask.png 177176 542 1331 788
str10_mask.png 177376 543 1185 894
str10_mask.png 178359 544 1013 967
str10_mask.png 178543 545 1005 956
str10_mask.png 178826 546 1009 955
str10_mask.png 178976 547 939 959
str10_mask.png 179609 548 694 932
str10_mask.png 179876 549 739 922
str10_mask.png 180076 550 466 748
str10_mask.png 180175 551 512 766
str10_mask.png 180409 552 458 701
str10_mask.png 180725 553 440 507
str10_mask.png 181175 554 474 350
str10_mask.png 181625 555 635 230
str10_mask.png 182025 556 499 325
#30
str10_mask.png 155994 562 843 435
str10_mask.png 156110 563 550 363
str10_mask.png 156294 564 641 242
str10_mask.png 156510 565 927 145
str10_mask.png 157060 566 641 226
str10_mask.png 157294 567 467 379
str10_mask.png 157510 568 415 534
str10_mask.png 157843 569 476 745
str10_mask.png 158194 570 541 825
str10_mask.png 158343 571 687 914
str10_mask.png 158694 572 986 963
str10_mask.png 158910 573 868 953
str10_mask.png 159194 574 1002 950
str10_mask.png 159360 575 1179 914
str10_mask.png 159710 576 1236 914
str10_mask.png 160443 577 1188 948
str10_mask.png 160644 578 1207 918
str10_mask.png 161210 579 1247 866
str10_mask.png 161394 580 1366 737
str10_mask.png 161544 581 1356 756
str10_mask.png 161811 582 1337 784
str10_mask.png 162211 583 1344 733
str10_mask.png 162544 584 1381 743
str10_mask.png 162794 585 1368 763
str10_mask.png 162961 586 1336 814
str10_mask.png 163161 587 1346 871
str10_mask.png 163428 588 1433 504
str10_mask.png 163628 589 1348 331
str10_mask.png 163811 590 1199 207
str10_mask.png 164395 591 1311 903
str10_mask.png 164511 592 1354 767
str10_mask.png 164628 593 1352 780
str10_mask.png 164861 594 1374 749
str10_mask.png 165228 595 1332 845
str10_mask.png 165494 596 1362 874
str10_mask.png 165861 597 1351 747
#31
str10_mask.png 149987 530 598 181
str10_mask.png 150370 531 635 174
str10_mask.png 150954 532 938 103
str10_mask.png 151270 533 1236 137
str10_mask.png 151737 534 1478 284
str10_mask.png 151854 535 1421 319
str10_mask.png 152105 536 881 150
str10_mask.png 152371 537 540 247
str10_mask.png 152621 538 436 322
str10_mask.png 152754 539 472 346
str10_mask.png 152887 540 413 549
str10_mask.png 153288 541 474 711
str10_mask.png 153471 542 462 669
str10_mask.png 153854 543 423 496
str10_mask.png 154338 544 674 839
str10_mask.png 154504 545 722 878
str10_mask.png 154721 546 997 920
str10_mask.png 155339 547 1186 901
str10_mask.png 155676 548 1405 642
str10_mask.png 155860 549 1359 711
str10_mask.png 156409 550 1458 511
str10_mask.png 156726 551 1368 296
str10_mask.png 157159 552 1174 148
str10_mask.png 157426 553 1462 548
str10_mask.png 157676 554 1062 169
str10_mask.png 157976 555 892 111
str10_mask.png 158193 556 539 208
str10_mask.png 158575 557 445 434
str10_mask.png 158859 558 426 552
str10_mask.png 159076 559 517 716
#32
str10_mask.png 153452 507 889 164
str10_mask.png 153668 508 990 122
str10_mask.png 153835 509 996 121
str10_mask.png 153952 510 1210 168
str10_mask.png 154452 511 1247 180
str10_mask.png 155152 512 1209 164
str10_mask.png 155368 513 1435 307
str10_mask.png 155653 514 1467 532
str10_mask.png 155819 515 1376 707
str10_mask.png 156186 516 1452 509
str10_mask.png 156836 517 1378 308
str10_mask.png 157236 518 1353 735
str10_mask.png 157436 519 1364 682
str10_mask.png 157636 520 1202 827
str10_mask.png 157986 521 1232 862
str10_mask.png 158186 522 974 925
str10_mask.png 158386 523 749 874
str10_mask.png 158652 524 769 879
str10_mask.png 159003 525 980 922
str10_mask.png 159503 526 531 738
str10_mask.png 159719 527 503 671
str10_mask.png 160069 528 499 729
str10_mask.png 160419 529 511 410
str10_mask.png 160552 530 478 505
str10_mask.png 160769 531 539 340
str10_mask.png 161086 532 617 222
str10_mask.png 161202 533 682 235
str10_mask.png 161419 534 491 507
str10_mask.png 162102 535 1342 749
str10_mask.png 162286 536 1404 765
str10_mask.png 162453 537 1380 748
str10_mask.png 162553 538 1249 877
str10_mask.png 162786 539 1372 730
#33
str10_mask.png 200249 548 743 838
str10_mask.png 203048 549 1417 652
str10_mask.png 203201 550 1275 829
str10_mask.png 203718 551 1358 640
str10_mask.png 204652 552 1361 593
str10_mask.png 205018 553 1472 473
str10_mask.png 205302 554 1086 83
str10_mask.png 205518 555 846 176
str10_mask.png 205735 556 939 475
str10_mask.png 205852 557 939 453
str10_mask.png 206102 558 1370 637
str10_mask.png 206468 559 1214 790
str10_mask.png 207302 560 1364 689
str10_mask.png 207853 561 1323 689
str10_mask.png 208041 562 1369 665
str10_mask.png 208557 563 1342 639
#34
str10_mask.png 147804 417 981 558
str10_mask.png 148221 418 882 349
str10_mask.png 148471 419 671 215
str10_mask.png 149186 420 453 533
str10_mask.png 149505 421 524 742
str10_mask.png 149805 422 739 910
str10_mask.png 150039 423 995 978
str10_mask.png 150255 424 1211 934
str10_mask.png 150755 425 1397 771
str10_mask.png 151406 426 1479 554
str10_mask.png 151723 427 1429 321
str10_mask.png 152056 428 1156 203
str10_mask.png 152256 429 926 168
str10_mask.png 152756 430 876 841
str10_mask.png 154091 433 995 989
str10_mask.png 154479 435 980 912
str10_mask.png 154745 436 949 481
str10_mask.png 155262 437 1028 470
str10_mask.png 155346 438 1033 488
str10_mask.png 155565 439 1039 498
str10_mask.png 155948 440 903 449
str10_mask.png 156182 441 935 150
str10_mask.png 156532 442 637 177
str10_mask.png 156632 443 663 199
str10_mask.png 156749 444 486 345
str10_mask.png 156931 445 542 348
str10_mask.png 157215 446 752 527
str10_mask.png 157734 447 1139 584
#35
str10_mask.png 150173 503 953 89
str10_mask.png 150340 504 1212 152
str10_mask.png 150640 505 1349 314
str10_mask.png 150857 506 1399 639
str10_mask.png 151023 507 1332 742
str10_mask.png 151572 508 1131 911
str10_mask.png 151942 509 1137 941
str10_mask.png 152075 510 927 975
str10_mask.png 152408 511 658 904
str10_mask.png 152625 512 711 907
str10_mask.png 152875 513 917 954
str10_mask.png 153058 514 1185 915
str10_mask.png 153542 515 497 747
str10_mask.png 153758 516 448 701
str10_mask.png 153958 517 401 524
str10_mask.png 154208 518 470 322
str10_mask.png 154408 519 630 233
str10_mask.png 154774 520 484 338
str10_mask.png 154958 521 780 161
str10_mask.png 155558 522 650 193
str10_mask.png 155874 523 930 163
str10_mask.png 156308 524 1195 186
str10_mask.png 156591 525 1096 241
str10_mask.png 156874 526 496 330
str10_mask.png 157763 527 916 410
str10_mask.png 157916 528 478 395
str10_mask.png 158332 529 680 335
str10_mask.png 158666 530 1229 441
str10_mask.png 159049 531 894 290
str10_mask.png 159250 532 574 331
str10_mask.png 159533 533 1083 471
#36
str10_mask.png 163810 520 1004 491
str10_mask.png 164093 521 1004 489
str10_mask.png 164509 522 470 416
str10_mask.png 164693 523 479 440
str10_mask.png 164809 524 477 461
str10_mask.png 164993 525 438 460
str10_mask.png 165242 526 508 272
str10_mask.png 165359 527 650 177
str10_mask.png 165593 528 800 131
str10_mask.png 165676 529 799 155
str10_mask.png 165876 530 917 146
str10_mask.png 166326 531 864 124
str10_mask.png 166726 532 1085 144
str10_mask.png 166909 533 1289 244
str10_mask.png 167060 534 1420 330
str10_mask.png 167260 535 1452 581
str10_mask.png 167493 536 1375 771
str10_mask.png 167793 537 1192 912
str10_mask.png 168043 538 748 934
str10_mask.png 168492 539 429 462
str10_mask.png 168659 540 427 506
str10_mask.png 169059 541 508 707
str10_mask.png 169342 542 752 941
str10_mask.png 169642 543 972 960
str10_mask.png 170112 544 1197 907
str10_mask.png 170400 545 1341 720
str10_mask.png 170500 546 1380 727
str10_mask.png 170767 547 1365 737
str10_mask.png 171217 548 1382 712
str10_mask.png 171350 549 1383 715
str10_mask.png 171850 550 1389 716
str10_mask.png 172117 551 1378 736
str10_mask.png 172267 552 1394 715
str10_mask.png 172817 553 1389 720
str10_mask.png 173150 554 1243 920
str10_mask.png 173733 555 1017 958
#37
str10_mask.png 148132 480 546 333
str10_mask.png 148532 481 1350 691
str10_mask.png 149115 482 732 898
str10_mask.png 149199 483 732 881
str10_mask.png 149599 484 1142 858
str10_mask.png 149899 485 946 956
str10_mask.png 150473 486 872 96
str10_mask.png 151124 487 1377 320
str10_mask.png 151373 488 1452 503
str10_mask.png 151707 489 1085 613
str10_mask.png 151956 490 462 673
str10_mask.png 152156 491 425 509
str10_mask.png 152623 492 658 170
str10_mask.png 153040 493 1303 718
str10_mask.png 153473 494 1351 768
str10_mask.png 153690 495 1137 889
str10_mask.png 153890 496 687 885
str10_mask.png 154057 497 692 905
str10_mask.png 154223 498 862 104
str10_mask.png 154640 499 594 176
str10_mask.png 154790 500 677 182
str10_mask.png 155258 501 1365 409
str10_mask.png 155791 502 690 296
str10_mask.png 156092 503 800 42
str10_mask.png 156592 505 770 319
str10_mask.png 156958 506 1436 519
str10_mask.png 157175 507 971 869
str10_mask.png 157425 508 736 261
str10_mask.png 157741 509 532 330
#38
str10_mask.png 146306 462 1106 424
str10_mask.png 146498 463 1120 403
str10_mask.png 146815 464 753 350
str10_mask.png 146932 465 572 520
str10_mask.png 147248 466 791 921
str10_mask.png 147415 467 752 881
str10_mask.png 147615 468 1222 898
str10_mask.png 148015 469 1372 767
str10_mask.png 148482 470 1447 522
str10_mask.png 148982 471 1385 391
str10_mask.png 149698 472 720 202
str10_mask.png 149915 473 543 372
str10_mask.png 150115 474 477 543
str10_mask.png 150432 475 510 715
str10_mask.png 150765 476 770 901
str10_mask.png 150932 477 939 964
str10_mask.png 151165 478 1185 918
str10_mask.png 151648 479 982 970
str10_mask.png 152231 480 736 890
str10_mask.png 153015 481 1172 897
str10_mask.png 153165 482 1397 657
str10_mask.png 153465 483 1435 379
str10_mask.png 153781 484 1172 178
str10_mask.png 153948 485 863 178
str10_mask.png 154265 486 580 334
str10_mask.png 154465 487 475 512
str10_mask.png 154698 488 799 905
str10_mask.png 154981 489 730 889
str10_mask.png 155465 490 938 964
str10_mask.png 156198 491 1208 917
#39
str10_mask.png 137828 402 948 504
str10_mask.png 138451 403 823 38
str10_mask.png 140809 404 945 997
str10_mask.png 140964 405 828 910
str10_mask.png 141467 406 644 894
str10_mask.png 141839 407 934 939
str10_mask.png 141956 408 634 867
str10_mask.png 142222 409 363 664
str10_mask.png 142372 410 444 658
str10_mask.png 142588 411 425 649
str10_mask.png 142722 412 428 439
str10_mask.png 142972 413 432 457
str10_mask.png 143088 414 437 427
str10_mask.png 143238 415 441 425
str10_mask.png 143638 416 696 144
str10_mask.png 144256 417 1385 257
str10_mask.png 144639 418 1499 517
str10_mask.png 145056 419 1351 744
str10_mask.png 145322 420 1145 911
str10_mask.png 145522 421 934 949
str10_mask.png 145789 422 956 976
str10_mask.png 146122 423 882 224
str10_mask.png 146322 424 928 400
str10_mask.png 146855 425 913 385
str10_mask.png 147072 426 915 391
str10_mask.png 147405 427 624 947
str10_mask.png 147589 428 695 880
str10_mask.png 147855 429 666 911
#40
str10_mask.png 147564 455 913 390
str10_mask.png 147704 456 941 384
str10_mask.png 147954 457 1106 569
str10_mask.png 148187 458 1013 557
str10_mask.png 148687 459 908 672
str10_mask.png 148971 460 775 823
str10_mask.png 149204 461 745 863
str10_mask.png 149420 462 918 933
str10_mask.png 149804 463 965 923
str10_mask.png 150137 464 1325 655
str10_mask.png 150404 465 1361 709
str10_mask.png 150804 466 1393 565
str10_mask.png 151087 467 1239 184
str10_mask.png 151354 468 1004 95
str10_mask.png 151554 469 926 81
str10_mask.png 152170 470 1178 159
str10_mask.png 152287 471 1169 142
str10_mask.png 152620 472 1379 272
str10_mask.png 153120 473 1374 626
str10_mask.png 153387 474 1375 698
str10_mask.png 153704 475 1450 449
str10_mask.png 154054 476 1371 767
str10_mask.png 154354 477 1232 861
str10_mask.png 154670 478 1198 883
str10_mask.png 155070 479 1245 899
str10_mask.png 155287 480 1002 928
str10_mask.png 155804 481 753 900
str10_mask.png 155920 482 743 894
str10_mask.png 156520 483 557 734
str10_mask.png 156986 484 464 581
str10_mask.png 157386 485 488 677
#41
str10_mask.png 134374 435 987 238
str10_mask.png 135091 436 1267 250
str10_mask.png 135525 437 1251 297
str10_mask.png 135791 438 1417 361
str10_mask.png 136358 439 1505 541
str10_mask.png 136691 440 1387 703
str10_mask.png 137008 441 1186 846
str10_mask.png 137491 442 886 932
str10_mask.png 138391 443 527 908
str10_mask.png 138524 444 679 883
str10_mask.png 138791 445 457 812
str10_mask.png 139108 446 392 766
str10_mask.png 139324 447 338 607
str10_mask.png 139691 448 390 410
str10_mask.png 140274 449 530 316
str10_mask.png 140508 450 650 270
str10_mask.png 140841 451 881 225
str10_mask.png 141341 452 994 227
str10_mask.png 143307 453 1008 208
str10_mask.png 143591 454 1312 228
str10_mask.png 143691 455 1112 238
#42
str10_mask.png 151912 497 838 83
str10_mask.png 152145 498 1058 83
str10_mask.png 152395 499 1208 104
str10_mask.png 152579 500 1404 257
str10_mask.png 152812 501 1332 697
str10_mask.png 153296 502 1365 696
str10_mask.png 153529 503 1346 664
str10_mask.png 153979 504 1358 693
str10_mask.png 154262 505 1358 824
str10_mask.png 154746 506 1364 651
str10_mask.png 154979 507 1206 864
str10_mask.png 155362 508 1234 860
str10_mask.png 155579 509 1205 876
str10_mask.png 155913 510 1170 892
str10_mask.png 156446 511 1216 879
str10_mask.png 156763 512 785 869
str10_mask.png 156979 513 745 887
str10_mask.png 157263 514 923 920
str10_mask.png 157562 515 976 967
str10_mask.png 157762 516 461 670
str10_mask.png 157878 517 492 663
str10_mask.png 158329 518 475 690
str10_mask.png 158778 519 440 607
str10_mask.png 159045 520 454 652
str10_mask.png 159545 521 425 448
str10_mask.png 159929 522 496 267
str10_mask.png 160245 523 493 292
str10_mask.png 160445 524 653 123
str10_mask.png 160679 525 627 172
str10_mask.png 160995 526 687 159
str10_mask.png 161662 527 657 136
#43
