str12_mask.png 172837 594 1295 450
str12_mask.png 172954 595 1211 474
str12_mask.png 173474 596 978 179
str12_mask.png 173712 597 969 215
str12_mask.png 174298 598 1209 232
str12_mask.png 174515 599 1214 301
str12_mask.png 174598 600 1191 344
str12_mask.png 174882 601 1432 427
str12_mask.png 175167 602 1418 455
str12_mask.png 175401 603 1461 647
str12_mask.png 175667 604 1453 448
str12_mask.png 175934 605 1427 395
str12_mask.png 176084 606 962 194
str12_mask.png 176485 607 1449 578
str12_mask.png 176686 608 1460 671
str12_mask.png 176903 609 1328 828
str12_mask.png 177120 610 1021 947
str12_mask.png 177303 611 829 943
str12_mask.png 177554 612 753 921
str12_mask.png 177887 613 624 870
str12_mask.png 178170 614 614 853
str12_mask.png 178337 615 878 963
str12_mask.png 178537 616 948 983
str12_mask.png 178870 617 629 864
str12_mask.png 179137 618 443 729
str12_mask.png 179387 619 854 969
str12_mask.png 179620 620 791 965
str12_mask.png 179887 621 427 733
str12_mask.png 180020 622 383 510
str12_mask.png 180320 623 359 441
str12_mask.png 180437 624 457 353
str12_mask.png 180871 625 392 316
str12_mask.png 181089 626 320 528
str12_mask.png 181473 627 355 486
str12_mask.png 182022 628 694 579
str12_mask.png 182339 629 898 574
str12_mask.png 182806 630 482 798
#1
str12_mask.png 208205 704 877 439
str12_mask.png 208455 705 934 158
str12_mask.png 208655 706 969 184
str12_mask.png 208988 707 1028 95
str12_mask.png 209372 708 1250 215
str12_mask.png 209655 709 1269 251
str12_mask.png 210106 710 1423 389
str12_mask.png 210256 711 1382 622
str12_mask.png 210539 712 1298 782
str12_mask.png 210805 713 1267 820
str12_mask.png 211039 714 999 973
str12_mask.png 211422 715 1049 1005
str12_mask.png 211605 716 852 1000
str12_mask.png 211872 717 547 922
str12_mask.png 212072 718 425 759
str12_mask.png 212205 719 457 760
str12_mask.png 212338 720 428 431
str12_mask.png 212588 721 477 316
str12_mask.png 212905 722 706 265
str12_mask.png 213188 723 952 196
str12_mask.png 213388 724 755 246
str12_mask.png 213671 725 693 255
str12_mask.png 213905 726 687 247
str12_mask.png 214055 727 694 175
str12_mask.png 214305 728 1144 197
str12_mask.png 214572 729 1263 244
str12_mask.png 214821 730 1219 228
str12_mask.png 215138 731 1256 127
str12_mask.png 215388 732 987 114
str12_mask.png 215805 733 1382 371
str12_mask.png 216122 734 1448 360
str12_mask.png 216439 735 1409 573
str12_mask.png 216705 736 1373 613
str12_mask.png 216972 737 1496 617
str12_mask.png 217289 738 1316 775
str12_mask.png 217555 739 1286 802
str12_mask.png 217922 740 1272 827
#2
str12_mask.png 152984 457 958 476
str12_mask.png 153242 458 951 493
str12_mask.png 153659 459 962 70
str12_mask.png 153892 460 960 77
str12_mask.png 154325 461 951 45
str12_mask.png 154709 462 1400 595
str12_mask.png 155307 463 637 887
str12_mask.png 156059 464 994 70
str12_mask.png 156376 465 1209 143
str12_mask.png 156592 466 1211 147
str12_mask.png 156859 467 1199 161
str12_mask.png 157092 468 1402 345
str12_mask.png 157293 469 1350 752
str12_mask.png 157559 470 1419 266
str12_mask.png 158093 471 1436 552
str12_mask.png 158343 472 1425 568
str12_mask.png 158559 473 1275 795
str12_mask.png 158726 474 1269 765
str12_mask.png 159243 475 630 870
str12_mask.png 159709 476 487 213
str12_mask.png 160259 477 624 165
str12_mask.png 160625 478 708 119
str12_mask.png 161125 479 1243 818
str12_mask.png 161776 480 1373 645
str12_mask.png 162043 481 1276 755
str12_mask.png 162326 482 735 933
str12_mask.png 162809 483 693 145
#3
str12_mask.png 197945 650 972 488
str12_mask.png 198315 651 928 131
str12_mask.png 198515 652 963 119
str12_mask.png 198715 653 1194 127
str12_mask.png 198832 654 1194 104
str12_mask.png 199015 655 1197 79
str12_mask.png 199382 656 1424 237
str12_mask.png 199731 657 1429 244
str12_mask.png 199965 658 1472 495
str12_mask.png 200632 659 1380 656
str12_mask.png 200798 660 1332 714
str12_mask.png 201032 661 1317 769
str12_mask.png 201282 662 1294 776
str12_mask.png 201515 663 1090 871
str12_mask.png 201832 664 884 889
str12_mask.png 202198 665 647 879
str12_mask.png 202365 666 637 830
str12_mask.png 202481 667 667 821
str12_mask.png 202681 668 510 747
str12_mask.png 202881 669 508 693
str12_mask.png 203114 670 438 500
str12_mask.png 203364 671 481 461
str12_mask.png 203664 672 530 273
str12_mask.png 203981 673 532 253
str12_mask.png 204431 674 708 172
str12_mask.png 205067 675 705 216
str12_mask.png 205383 676 1039 138
str12_mask.png 205467 677 1019 159
str12_mask.png 206150 678 1462 391
str12_mask.png 206301 679 1433 364
str12_mask.png 206667 680 1476 566
str12_mask.png 206967 681 1516 587
str12_mask.png 207251 682 1496 623
str12_mask.png 207401 683 1330 754
str12_mask.png 207667 684 1328 785
#4
str12_mask.png 189180 465 1000 471
str12_mask.png 189463 466 1041 205
str12_mask.png 189596 467 1003 229
str12_mask.png 189713 468 1008 203
str12_mask.png 189863 469 1241 208
str12_mask.png 190096 470 1238 227
str12_mask.png 190329 471 1469 388
str12_mask.png 190630 472 1413 543
str12_mask.png 190997 473 1298 850
str12_mask.png 191380 474 501 420
str12_mask.png 191663 475 547 436
str12_mask.png 191829 476 750 921
str12_mask.png 191963 477 669 919
str12_mask.png 192479 478 844 238
str12_mask.png 192663 479 970 190
str12_mask.png 192896 480 742 223
str12_mask.png 193279 481 1026 993
str12_mask.png 193729 482 848 962
str12_mask.png 194029 483 1324 745
str12_mask.png 194197 484 1389 646
str12_mask.png 194430 485 1392 383
str12_mask.png 194563 486 1180 225
str12_mask.png 194847 487 956 187
str12_mask.png 195130 488 950 170
str12_mask.png 195246 489 1204 256
str12_mask.png 195613 490 1423 398
str12_mask.png 195796 491 1441 360
str12_mask.png 196013 492 1481 584
str12_mask.png 196163 493 1384 637
str12_mask.png 196313 494 1309 817
str12_mask.png 197213 495 1442 398
str12_mask.png 198180 496 969 201
str12_mask.png 198513 497 974 217
str12_mask.png 198930 498 1318 857
#5
str12_mask.png 183199 468 1049 160
str12_mask.png 183465 469 1176 167
str12_mask.png 183982 470 967 44
str12_mask.png 184098 471 838 21
str12_mask.png 184732 473 1198 44
str12_mask.png 184899 474 1200 71
str12_mask.png 185182 475 1229 101
str12_mask.png 185382 476 1240 108
str12_mask.png 185548 477 1234 127
str12_mask.png 185748 478 1202 155
str12_mask.png 186165 479 1466 572
str12_mask.png 186548 480 1454 595
str12_mask.png 186682 481 1341 754
str12_mask.png 187115 482 1282 796
str12_mask.png 187448 483 737 928
str12_mask.png 187814 484 713 829
str12_mask.png 188199 485 513 732
str12_mask.png 189585 486 1072 86
str12_mask.png 190656 487 1484 399
str12_mask.png 190790 488 1001 179
str12_mask.png 191260 489 575 230
str12_mask.png 192377 490 1248 220
str12_mask.png 192779 491 985 151
#6
str12_mask.png 205174 515 1163 232
str12_mask.png 206324 516 1477 334
str12_mask.png 206691 517 1538 335
str12_mask.png 207208 518 1328 859
str12_mask.png 207658 519 1343 840
str12_mask.png 207791 520 1252 805
str12_mask.png 207925 521 1361 806
str12_mask.png 208108 522 1310 850
str12_mask.png 208543 523 602 895
str12_mask.png 208710 524 460 495
str12_mask.png 209010 525 480 320
str12_mask.png 209843 526 1037 161
str12_mask.png 210343 527 938 169
str12_mask.png 210843 528 1218 204
str12_mask.png 211610 529 1344 805
str12_mask.png 211693 530 1300 801
str12_mask.png 212526 531 1298 782
str12_mask.png 212759 532 1347 803
str12_mask.png 213176 533 1313 773
#7
str12_mask.png 147423 356 717 389
str12_mask.png 147801 357 737 176
str12_mask.png 148018 358 974 81
str12_mask.png 148251 359 714 161
str12_mask.png 148735 360 672 211
str12_mask.png 148951 361 485 345
str12_mask.png 149435 362 467 657
str12_mask.png 149637 363 562 790
str12_mask.png 149803 364 500 745
str12_mask.png 149970 365 496 738
str12_mask.png 150337 366 723 876
str12_mask.png 150670 367 939 936
str12_mask.png 150937 368 1082 957
str12_mask.png 151120 369 1282 809
str12_mask.png 151403 370 1412 625
str12_mask.png 151637 371 1419 327
str12_mask.png 151871 372 1144 192
str12_mask.png 152254 373 927 133
str12_mask.png 153021 374 879 522
str12_mask.png 154005 375 767 382
str12_mask.png 154405 376 993 227
str12_mask.png 155038 377 913 484
#8
str12_mask.png 186288 578 890 119
str12_mask.png 186538 579 942 122
str12_mask.png 186755 580 952 121
str12_mask.png 186922 581 988 116
str12_mask.png 187572 582 1193 197
str12_mask.png 187755 583 1189 161
str12_mask.png 188588 584 1188 240
str12_mask.png 188905 585 1383 363
str12_mask.png 189188 586 1430 361
str12_mask.png 189538 587 1414 374
str12_mask.png 189738 588 1461 338
str12_mask.png 189924 589 1442 608
str12_mask.png 190257 590 1328 792
str12_mask.png 190440 591 1308 795
str12_mask.png 190574 592 1435 604
str12_mask.png 190924 593 1507 588
str12_mask.png 191274 594 1458 610
str12_mask.png 191907 595 1330 778
str12_mask.png 192424 596 1030 957
str12_mask.png 192824 597 820 957
str12_mask.png 193007 598 563 919
str12_mask.png 193290 599 378 418
str12_mask.png 193507 600 382 265
str12_mask.png 193657 601 378 261
str12_mask.png 193940 602 400 778
str12_mask.png 194224 603 565 890
str12_mask.png 194590 604 444 225
str12_mask.png 194890 605 644 169
str12_mask.png 195524 606 726 173
#9
str12_mask.png 174103 423 917 522
str12_mask.png 174256 424 969 179
str12_mask.png 174422 425 1191 231
str12_mask.png 174739 426 980 191
str12_mask.png 174839 427 978 187
str12_mask.png 175805 428 980 166
str12_mask.png 176172 429 1177 233
str12_mask.png 176472 430 1381 356
str12_mask.png 176905 431 1434 609
str12_mask.png 177289 432 1303 797
str12_mask.png 178055 433 1419 653
str12_mask.png 178489 434 1409 400
str12_mask.png 178739 435 607 920
str12_mask.png 179039 436 607 553
str12_mask.png 179255 437 554 291
str12_mask.png 179422 438 926 195
str12_mask.png 179639 439 1140 220
str12_mask.png 180805 440 1301 302
str12_mask.png 181139 441 1413 401
str12_mask.png 182572 442 1421 560
str12_mask.png 182972 443 1508 615
str12_mask.png 183572 444 1283 333
str12_mask.png 183755 445 927 202
#10
str12_mask.png 158799 500 488 354
str12_mask.png 158915 501 552 336
str12_mask.png 159365 502 1060 154
str12_mask.png 159548 503 1302 211
str12_mask.png 159816 504 1440 413
str12_mask.png 160033 505 1281 253
str12_mask.png 160233 506 1409 669
str12_mask.png 160499 507 1323 792
str12_mask.png 160866 508 1318 823
str12_mask.png 161099 509 1060 932
str12_mask.png 161299 510 882 946
str12_mask.png 161532 511 668 910
str12_mask.png 161682 512 679 878
str12_mask.png 161849 513 533 661
str12_mask.png 161999 514 492 438
str12_mask.png 162199 515 504 245
str12_mask.png 162532 516 740 211
str12_mask.png 162766 517 1004 157
str12_mask.png 163201 518 716 221
str12_mask.png 163451 519 1053 143
str12_mask.png 163735 520 1073 110
str12_mask.png 164168 521 1007 141
str12_mask.png 164535 522 1020 111
str12_mask.png 164737 523 1089 104
str12_mask.png 164822 524 1074 102
str12_mask.png 165040 525 1085 96
str12_mask.png 165630 526 1022 134
str12_mask.png 165817 527 992 206
str12_mask.png 166070 528 952 180
str12_mask.png 166388 529 1300 204
str12_mask.png 166539 530 1200 231
str12_mask.png 166826 531 1438 411
str12_mask.png 167143 532 1243 227
str12_mask.png 167427 533 1219 190
str12_mask.png 168149 534 1504 601
str12_mask.png 168235 535 1491 626
#11
str12_mask.png 189678 475 808 310
str12_mask.png 189811 476 805 327
str12_mask.png 189977 477 1014 460
str12_mask.png 190161 478 1010 61
str12_mask.png 190561 479 1044 65
str12_mask.png 190961 480 1047 28
str12_mask.png 191327 481 1049 26
str12_mask.png 192144 483 1054 47
str12_mask.png 192544 484 1297 95
str12_mask.png 192661 485 1205 126
str12_mask.png 192778 486 1218 180
str12_mask.png 193011 487 1206 98
str12_mask.png 193228 488 1208 67
str12_mask.png 193428 489 1417 316
str12_mask.png 193645 490 1490 305
str12_mask.png 193928 491 1506 540
str12_mask.png 194211 492 1478 314
str12_mask.png 194611 493 1441 299
str12_mask.png 194861 494 1521 272
str12_mask.png 195111 495 1498 393
str12_mask.png 195328 496 1480 601
str12_mask.png 195645 497 1546 582
str12_mask.png 195745 498 1522 652
str12_mask.png 195828 499 1524 601
str12_mask.png 196128 500 1563 566
str12_mask.png 196313 501 1303 773
str12_mask.png 196829 502 1323 769
str12_mask.png 197000 503 1313 758
str12_mask.png 197500 504 1326 742
str12_mask.png 197633 505 1333 802
str12_mask.png 197999 506 1118 942
str12_mask.png 198350 507 1063 943
str12_mask.png 198683 508 1031 957
str12_mask.png 198883 509 1077 929
#12
str12_mask.png 202130 596 903 149
str12_mask.png 202297 597 1202 183
str12_mask.png 202464 598 1411 360
str12_mask.png 202863 599 459 259
str12_mask.png 203198 600 854 157
str12_mask.png 203331 601 1060 160
str12_mask.png 203481 602 1267 155
str12_mask.png 203681 603 1049 117
str12_mask.png 203914 604 1027 121
str12_mask.png 204265 605 1446 563
str12_mask.png 204382 606 1399 557
str12_mask.png 204582 607 1295 796
str12_mask.png 204832 608 789 954
str12_mask.png 205016 609 594 917
str12_mask.png 205215 610 1435 401
str12_mask.png 205482 611 1235 238
str12_mask.png 205649 612 1195 154
str12_mask.png 205882 613 1176 181
str12_mask.png 206265 614 614 184
str12_mask.png 206515 615 464 306
str12_mask.png 206799 616 410 489
str12_mask.png 207083 617 486 742
str12_mask.png 207449 618 622 840
str12_mask.png 207866 619 1350 584
str12_mask.png 208000 620 1310 577
str12_mask.png 208133 621 1408 380
str12_mask.png 209116 622 1060 195
str12_mask.png 209533 623 1185 241
str12_mask.png 209850 624 907 330
str12_mask.png 210101 625 587 403
str12_mask.png 210217 626 645 418
str12_mask.png 210617 627 503 470
str12_mask.png 210833 628 395 459
str12_mask.png 211050 629 562 232
str12_mask.png 211267 630 862 166
str12_mask.png 211450 631 992 160
str12_mask.png 211683 632 1237 143
#13
str12_mask.png 181645 522 844 168
str12_mask.png 181862 523 889 123
str12_mask.png 182062 524 936 81
str12_mask.png 182329 525 1183 183
str12_mask.png 182778 526 1377 355
str12_mask.png 182945 527 1368 339
str12_mask.png 183045 528 1368 344
str12_mask.png 183445 529 1393 546
str12_mask.png 183712 530 1404 561
str12_mask.png 183995 531 1296 798
str12_mask.png 184412 532 1390 637
str12_mask.png 184712 533 1246 753
str12_mask.png 184845 534 1059 920
str12_mask.png 185445 535 841 924
str12_mask.png 185962 536 629 878
str12_mask.png 186145 537 647 882
str12_mask.png 186245 538 602 850
str12_mask.png 186578 539 479 756
str12_mask.png 187028 540 402 564
str12_mask.png 187144 541 381 472
str12_mask.png 187729 542 476 296
str12_mask.png 188296 543 676 172
str12_mask.png 188580 544 701 255
str12_mask.png 188913 545 746 250
str12_mask.png 189096 546 947 156
str12_mask.png 189379 547 986 103
str12_mask.png 189579 548 1212 154
str12_mask.png 190013 549 1417 353
str12_mask.png 190146 550 1389 363
str12_mask.png 191045 551 1400 572
str12_mask.png 191380 552 1374 511
#14
str12_mask.png 234526 665 946 371
str12_mask.png 234926 666 1222 72
str12_mask.png 235209 667 922 15
str12_mask.png 235426 668 989 7
str12_mask.png 235759 669 910 41
str12_mask.png 236059 670 1216 77
str12_mask.png 236309 671 1222 70
str12_mask.png 236476 672 1231 109
str12_mask.png 236809 673 1234 83
str12_mask.png 237242 675 1477 388
str12_mask.png 237559 676 1454 302
str12_mask.png 237709 677 1500 523
str12_mask.png 237992 678 1535 538
str12_mask.png 238176 679 1322 755
str12_mask.png 238809 680 1498 556
str12_mask.png 239092 681 1551 542
str12_mask.png 239326 682 1053 853
str12_mask.png 239492 683 883 892
str12_mask.png 239709 684 530 797
str12_mask.png 239975 685 1392 813
str12_mask.png 240109 686 1300 814
str12_mask.png 240209 687 1321 773
str12_mask.png 240575 688 495 378
str12_mask.png 240691 689 564 367
str12_mask.png 240808 690 565 242
str12_mask.png 241025 691 801 128
str12_mask.png 241275 692 1045 102
str12_mask.png 241442 693 1252 164
str12_mask.png 241592 694 1202 143
str12_mask.png 242129 695 1451 275
str12_mask.png 242379 696 841 76
str12_mask.png 242480 697 850 77
str12_mask.png 243798 698 767 43
str12_mask.png 243982 699 515 200
str12_mask.png 244332 700 627 843
#15
str12_mask.png 176528 600 891 279
str12_mask.png 176728 601 1163 288
str12_mask.png 177111 602 1324 678
str12_mask.png 177211 603 1255 844
str12_mask.png 177444 604 1415 627
str12_mask.png 177861 605 1230 353
str12_mask.png 177961 606 1137 266
str12_mask.png 178111 607 1185 286
str12_mask.png 178328 608 961 267
str12_mask.png 178611 609 898 169
str12_mask.png 178811 610 961 139
str12_mask.png 179078 611 440 365
str12_mask.png 179211 612 504 369
str12_mask.png 179444 613 792 887
str12_mask.png 179661 614 1171 903
str12_mask.png 179778 615 1322 848
str12_mask.png 180128 616 1492 622
str12_mask.png 180262 617 1456 654
str12_mask.png 180528 618 1275 836
str12_mask.png 180862 619 1133 434
str12_mask.png 181062 620 1170 302
str12_mask.png 181561 621 1080 397
str12_mask.png 181745 622 1255 796
str12_mask.png 182061 623 915 170
str12_mask.png 182278 624 935 220
str12_mask.png 182562 625 987 187
str12_mask.png 182778 626 858 789
str12_mask.png 182928 627 749 967
str12_mask.png 183095 628 580 914
str12_mask.png 183228 629 468 419
str12_mask.png 183344 630 530 416
str12_mask.png 183478 631 699 299
str12_mask.png 183661 632 693 318
str12_mask.png 183861 633 791 268
str12_mask.png 184312 634 705 307
str12_mask.png 184878 635 1233 216
str12_mask.png 185579 636 1275 359
str12_mask.png 185717 637 1386 495
str12_mask.png 185950 638 1404 449
str12_mask.png 186150 639 943 199
#16
str12_mask.png 197068 557 1012 138
str12_mask.png 197518 558 1003 126
str12_mask.png 198052 559 1299 206
str12_mask.png 199119 560 1495 330
str12_mask.png 199502 561 1537 593
str12_mask.png 199869 562 1429 620
str12_mask.png 200219 563 1347 802
str12_mask.png 200686 564 1355 821
str12_mask.png 200819 565 1074 962
str12_mask.png 201286 566 844 961
str12_mask.png 201536 567 858 979
str12_mask.png 202769 568 859 978
str12_mask.png 203152 569 758 1005
str12_mask.png 203386 570 592 924
str12_mask.png 203686 571 437 799
str12_mask.png 203834 572 497 774
str12_mask.png 204018 573 456 481
str12_mask.png 204201 574 396 498
str12_mask.png 204418 575 444 322
str12_mask.png 204618 576 523 279
str12_mask.png 204718 577 507 291
str12_mask.png 205118 578 764 182
str12_mask.png 205418 579 1025 120
str12_mask.png 206118 580 1299 232
str12_mask.png 206301 581 1255 253
str12_mask.png 206401 582 1292 146
#17
str12_mask.png 205905 594 1010 365
str12_mask.png 206155 595 1015 382
str12_mask.png 206305 596 974 393
str12_mask.png 206788 597 898 81
str12_mask.png 207105 598 727 94
str12_mask.png 207471 599 513 260
str12_mask.png 207671 600 570 294
str12_mask.png 208154 601 601 275
str12_mask.png 208687 602 451 384
str12_mask.png 208888 603 407 432
str12_mask.png 209037 604 564 712
str12_mask.png 209271 605 734 837
str12_mask.png 209538 606 898 900
str12_mask.png 209704 607 880 906
str12_mask.png 210004 608 1301 843
str12_mask.png 210454 609 1508 620
str12_mask.png 210657 610 1061 248
str12_mask.png 210824 611 944 124
str12_mask.png 211057 612 945 127
str12_mask.png 211457 613 522 211
str12_mask.png 211757 614 1314 186
str12_mask.png 212423 615 1512 338
str12_mask.png 212507 616 1398 375
str12_mask.png 212791 617 1340 518
str12_mask.png 213224 618 1194 606
str12_mask.png 213574 619 1187 356
str12_mask.png 213824 620 1187 229
str12_mask.png 214307 621 1074 246
str12_mask.png 215540 622 1155 225
#18
str12_mask.png 161225 521 944 167
str12_mask.png 161392 522 1186 168
str12_mask.png 161625 523 970 128
str12_mask.png 162059 524 1004 156
str12_mask.png 162309 525 546 285
str12_mask.png 162709 526 800 225
str12_mask.png 162942 527 1271 237
str12_mask.png 163325 528 1205 217
str12_mask.png 163492 529 1366 544
str12_mask.png 163742 530 1293 774
str12_mask.png 164725 531 666 885
str12_mask.png 165242 532 480 785
str12_mask.png 165475 533 426 549
str12_mask.png 165758 534 430 479
str12_mask.png 165991 535 502 308
str12_mask.png 166391 536 749 204
str12_mask.png 166558 537 970 176
str12_mask.png 166891 538 1002 130
str12_mask.png 167091 539 1216 189
str12_mask.png 167525 540 1212 214
str12_mask.png 167925 541 1205 227
str12_mask.png 168541 542 1416 397
str12_mask.png 168842 543 1432 628
str12_mask.png 169125 544 1294 782
str12_mask.png 169909 545 970 868
str12_mask.png 170109 546 849 925
str12_mask.png 170425 547 642 919
str12_mask.png 170742 548 1030 538
str12_mask.png 170925 549 1021 229
#19
str12_mask.png 147611 537 939 446
str12_mask.png 147884 538 825 259
str12_mask.png 148001 539 1036 195
str12_mask.png 148317 540 1177 195
str12_mask.png 148701 541 1438 499
str12_mask.png 149067 542 1277 849
str12_mask.png 149417 543 947 900
str12_mask.png 149634 544 664 848
str12_mask.png 149817 545 817 251
str12_mask.png 149984 546 932 170
str12_mask.png 150217 547 739 175
str12_mask.png 150617 548 673 233
str12_mask.png 150767 549 451 286
str12_mask.png 150867 550 507 313
str12_mask.png 151067 551 420 460
str12_mask.png 151484 552 986 204
str12_mask.png 151667 553 1214 178
str12_mask.png 151800 554 1029 115
str12_mask.png 152234 555 733 201
str12_mask.png 152450 556 1329 361
str12_mask.png 152684 557 1391 433
str12_mask.png 152968 558 1440 371
str12_mask.png 153334 559 1328 775
str12_mask.png 153634 560 1024 933
str12_mask.png 154000 561 646 243
str12_mask.png 154467 562 887 164
str12_mask.png 154650 563 1021 108
str12_mask.png 154867 564 1264 149
str12_mask.png 155388 565 1315 775
str12_mask.png 155821 566 1452 640
str12_mask.png 156038 567 617 240
str12_mask.png 156455 568 727 176
str12_mask.png 156688 569 944 124
str12_mask.png 156955 570 1174 173
str12_mask.png 157472 571 1277 765
#20
str12_mask.png 157618 492 757 160
str12_mask.png 157885 493 660 207
str12_mask.png 158368 494 442 527
str12_mask.png 158651 495 484 280
str12_mask.png 158868 496 1039 176
str12_mask.png 159418 497 1412 391
str12_mask.png 159735 498 883 904
str12_mask.png 160151 499 798 774
str12_mask.png 160351 500 643 871
str12_mask.png 160601 501 485 768
str12_mask.png 161234 502 411 476
str12_mask.png 161584 503 1434 361
str12_mask.png 161834 504 1199 167
str12_mask.png 162201 505 1235 149
str12_mask.png 162551 506 1404 428
str12_mask.png 162868 507 1480 591
str12_mask.png 163102 508 1297 804
str12_mask.png 163318 509 1017 187
str12_mask.png 163485 510 441 245
str12_mask.png 163601 511 487 252
str12_mask.png 163918 512 712 184
str12_mask.png 164318 513 1448 680
str12_mask.png 164435 514 1511 588
str12_mask.png 164785 515 1344 728
str12_mask.png 164985 516 601 233
str12_mask.png 165252 517 678 216
str12_mask.png 165635 518 429 287
str12_mask.png 165784 519 464 289
str12_mask.png 166118 520 695 195
str12_mask.png 166401 521 1008 988
str12_mask.png 166501 522 987 1011
str12_mask.png 166634 523 851 1030
str12_mask.png 166851 524 1302 810
str12_mask.png 167168 525 1460 634
#21
str12_mask.png 165601 518 975 329
str12_mask.png 165834 519 978 115
str12_mask.png 166084 520 1023 74
str12_mask.png 166467 521 1198 167
str12_mask.png 166684 522 1252 190
str12_mask.png 166934 523 1217 217
str12_mask.png 167506 524 1087 292
str12_mask.png 167773 525 1464 364
str12_mask.png 167989 526 1400 352
str12_mask.png 168239 527 1460 589
str12_mask.png 168523 528 1387 654
str12_mask.png 168823 529 1305 734
str12_mask.png 169023 530 1279 792
str12_mask.png 169439 531 1289 778
str12_mask.png 169689 532 960 916
str12_mask.png 169823 533 1049 912
str12_mask.png 170673 534 443 771
str12_mask.png 171005 535 416 644
str12_mask.png 171189 536 389 452
str12_mask.png 171372 537 421 378
str12_mask.png 171539 538 435 288
str12_mask.png 171872 539 489 271
str12_mask.png 172105 540 684 192
str12_mask.png 172489 541 732 192
str12_mask.png 173055 542 957 166
str12_mask.png 173522 543 787 222
str12_mask.png 173838 544 868 477
str12_mask.png 174222 545 926 475
str12_mask.png 174522 546 968 497
str12_mask.png 174822 547 941 468
#22
str12_mask.png 149091 470 868 260
str12_mask.png 149291 471 933 205
str12_mask.png 149575 472 1211 239
str12_mask.png 149775 473 1222 237
str12_mask.png 150025 474 1412 404
str12_mask.png 150159 475 1406 371
str12_mask.png 150442 476 1436 365
str12_mask.png 150592 477 1233 270
str12_mask.png 150827 478 1359 763
str12_mask.png 151110 479 1447 514
str12_mask.png 151260 480 1444 373
str12_mask.png 151427 481 1456 419
str12_mask.png 152293 482 1286 802
str12_mask.png 152510 483 1090 908
str12_mask.png 152894 484 940 917
str12_mask.png 153111 485 664 880
str12_mask.png 153361 486 620 856
str12_mask.png 153611 487 486 775
str12_mask.png 153960 488 441 605
str12_mask.png 154077 489 419 492
str12_mask.png 154327 490 438 407
str12_mask.png 154627 491 456 311
str12_mask.png 154810 492 610 273
str12_mask.png 155060 493 684 259
str12_mask.png 155377 494 741 227
str12_mask.png 155494 495 915 203
str12_mask.png 155944 496 972 202
str12_mask.png 156510 497 740 205
str12_mask.png 156760 498 976 203
str12_mask.png 156927 499 1241 246
str12_mask.png 157110 500 1431 416
str12_mask.png 157244 501 1428 363
str12_mask.png 157861 502 589 331
str12_mask.png 158028 503 473 494
str12_mask.png 158177 504 465 450
str12_mask.png 158478 505 720 889
#23
str12_mask.png 195230 660 939 455
str12_mask.png 195408 661 960 246
str12_mask.png 195531 662 965 179
str12_mask.png 195865 663 995 144
str12_mask.png 196298 664 779 159
str12_mask.png 196565 665 643 194
str12_mask.png 196865 666 696 218
str12_mask.png 197065 667 483 299
str12_mask.png 197198 668 522 306
str12_mask.png 197531 669 465 449
str12_mask.png 197898 670 448 615
str12_mask.png 198214 671 454 667
str12_mask.png 198414 672 642 805
str12_mask.png 198648 673 436 457
str12_mask.png 198831 674 476 604
str12_mask.png 199148 675 488 690
str12_mask.png 199348 676 666 809
str12_mask.png 199767 677 623 878
str12_mask.png 200053 678 864 907
str12_mask.png 200363 679 1027 920
str12_mask.png 200472 680 1228 906
str12_mask.png 200728 681 1389 847
str12_mask.png 200911 682 1410 787
str12_mask.png 201367 683 1380 787
str12_mask.png 202088 684 1463 626
str12_mask.png 202382 685 1462 564
str12_mask.png 202882 686 1438 385
str12_mask.png 203148 687 1280 245
str12_mask.png 203298 688 1224 193
str12_mask.png 203531 689 1215 153
str12_mask.png 203898 690 991 145
str12_mask.png 204082 691 940 188
str12_mask.png 204348 692 1016 112
str12_mask.png 204682 693 1228 207
str12_mask.png 204965 694 1213 264
#24
str12_mask.png 147071 449 1080 677
str12_mask.png 147254 450 983 96
str12_mask.png 147521 451 1183 99
str12_mask.png 147855 452 1223 125
str12_mask.png 148238 453 1212 143
str12_mask.png 148538 454 1216 104
str12_mask.png 148971 455 1230 164
str12_mask.png 149621 456 1226 172
str12_mask.png 150005 457 1447 374
str12_mask.png 150354 458 1488 582
str12_mask.png 150605 459 1307 769
str12_mask.png 151204 460 1000 904
str12_mask.png 151371 461 642 858
str12_mask.png 151554 462 488 644
str12_mask.png 151804 463 453 613
str12_mask.png 152054 464 488 335
str12_mask.png 152254 465 516 269
str12_mask.png 152737 466 1009 138
str12_mask.png 152887 467 1261 194
str12_mask.png 153087 468 1251 199
str12_mask.png 153421 469 721 167
str12_mask.png 154004 470 650 213
str12_mask.png 154371 471 1189 200
str12_mask.png 154688 472 996 103
str12_mask.png 155004 473 945 98
str12_mask.png 155438 474 1004 70
str12_mask.png 155721 475 1230 154
str12_mask.png 156621 476 1220 110
#25
str12_mask.png 173626 495 943 528
str12_mask.png 174180 496 849 498
str12_mask.png 174446 497 906 435
str12_mask.png 174646 498 844 470
str12_mask.png 174896 499 862 456
str12_mask.png 175147 500 875 461
str12_mask.png 175247 501 837 436
str12_mask.png 175447 502 834 439
str12_mask.png 175780 503 852 434
str12_mask.png 176280 504 865 458
str12_mask.png 176613 505 907 480
str12_mask.png 176797 506 879 428
str12_mask.png 176980 507 891 467
str12_mask.png 177097 508 892 425
str12_mask.png 177447 509 881 407
str12_mask.png 178230 510 814 410
str12_mask.png 178430 511 882 408
str12_mask.png 179147 512 886 423
str12_mask.png 180147 513 861 421
str12_mask.png 180230 514 876 398
str12_mask.png 180763 515 877 391
str12_mask.png 181497 516 917 385
str12_mask.png 181863 517 898 420
str12_mask.png 182196 518 892 437
str12_mask.png 182563 519 865 327
str12_mask.png 182947 520 846 381
str12_mask.png 183130 521 870 418
#26
str12_mask.png 196281 602 837 420
str12_mask.png 196622 603 773 232
str12_mask.png 196722 604 824 175
str12_mask.png 196939 605 865 153
str12_mask.png 197223 606 942 86
str12_mask.png 197657 607 1124 177
str12_mask.png 197873 608 1120 195
str12_mask.png 198140 609 1414 354
str12_mask.png 198590 610 1451 376
str12_mask.png 198957 611 1426 525
str12_mask.png 199107 612 1395 375
str12_mask.png 199323 613 1401 584
str12_mask.png 199590 614 1489 637
str12_mask.png 199857 615 1436 664
str12_mask.png 200240 616 1267 809
str12_mask.png 200507 617 1283 829
str12_mask.png 200757 618 1099 903
str12_mask.png 201073 619 791 964
str12_mask.png 201357 620 620 925
str12_mask.png 201540 621 598 894
str12_mask.png 201690 622 1016 971
str12_mask.png 201973 623 569 870
str12_mask.png 202172 624 377 820
str12_mask.png 202589 625 415 507
str12_mask.png 203672 626 676 288
str12_mask.png 203889 627 609 309
str12_mask.png 204373 628 1030 144
str12_mask.png 204707 629 1034 170
str12_mask.png 205407 630 693 258
str12_mask.png 205657 631 1259 197
str12_mask.png 206023 632 1460 348
str12_mask.png 206174 633 1177 256
#27
str12_mask.png 148394 480 936 195
str12_mask.png 148628 481 910 164
str12_mask.png 148878 482 724 204
str12_mask.png 149361 483 523 255
str12_mask.png 149510 484 653 247
str12_mask.png 149677 485 578 287
str12_mask.png 149910 486 474 442
str12_mask.png 150244 487 527 617
str12_mask.png 150410 488 528 615
str12_mask.png 150544 489 633 821
str12_mask.png 150894 490 661 814
str12_mask.png 151161 491 920 900
str12_mask.png 151510 492 1141 926
str12_mask.png 152111 493 1327 775
str12_mask.png 152344 494 1399 634
str12_mask.png 152644 495 1413 466
str12_mask.png 153028 496 1382 404
str12_mask.png 153278 497 1444 393
str12_mask.png 154178 498 947 151
str12_mask.png 154294 499 888 141
str12_mask.png 154627 500 718 203
str12_mask.png 154861 501 725 202
str12_mask.png 155077 502 667 240
str12_mask.png 155194 503 701 241
str12_mask.png 155327 504 616 227
str12_mask.png 155577 505 1291 173
str12_mask.png 155894 506 1284 150
str12_mask.png 156211 507 932 114
str12_mask.png 156311 508 956 118
str12_mask.png 156461 509 998 113
str12_mask.png 156844 510 937 208
str12_mask.png 156994 511 1206 208
str12_mask.png 157227 512 1419 345
str12_mask.png 157428 513 1398 343
str12_mask.png 157644 514 1482 597
#28
str12_mask.png 216169 656 931 400
str12_mask.png 216492 657 964 191
str12_mask.png 217257 658 1225 209
str12_mask.png 217893 659 1423 347
str12_mask.png 218676 661 1065 272
str12_mask.png 218909 662 1000 235
str12_mask.png 219243 663 1253 229
str12_mask.png 219459 664 1489 381
str12_mask.png 219893 665 1512 567
str12_mask.png 220276 666 1378 771
str12_mask.png 220893 667 1035 899
str12_mask.png 221126 668 808 890
str12_mask.png 221343 669 672 836
str12_mask.png 221593 670 612 559
str12_mask.png 221743 671 520 379
str12_mask.png 222126 672 968 203
str12_mask.png 222393 673 1218 189
str12_mask.png 222559 674 1042 128
str12_mask.png 222909 675 1461 363
str12_mask.png 223259 676 1552 558
str12_mask.png 223410 677 1497 574
str12_mask.png 223760 678 1044 861
str12_mask.png 223943 679 918 899
str12_mask.png 224159 680 655 859
str12_mask.png 224409 681 622 820
str12_mask.png 224609 682 441 643
str12_mask.png 224826 683 398 462
str12_mask.png 225026 684 458 621
str12_mask.png 225492 685 499 756
str12_mask.png 225942 686 945 256
str12_mask.png 226192 687 963 196
#29
str12_mask.png 195978 590 952 149
str12_mask.png 196345 591 1002 125
str12_mask.png 196495 592 1022 110
str12_mask.png 196611 593 1244 160
str12_mask.png 196928 594 1266 162
str12_mask.png 197278 595 1262 201
str12_mask.png 197495 596 1438 350
str12_mask.png 197579 597 1369 367
str12_mask.png 197812 598 1433 362
str12_mask.png 198295 599 1423 581
str12_mask.png 198695 600 1389 609
str12_mask.png 199212 601 1276 808
str12_mask.png 199612 602 1239 806
str12_mask.png 199895 603 1277 803
str12_mask.png 200162 604 1029 924
str12_mask.png 200378 605 1028 929
str12_mask.png 200729 606 831 952
str12_mask.png 200979 607 840 969
str12_mask.png 201112 608 831 940
str12_mask.png 201562 609 808 940
str12_mask.png 201679 610 622 896
str12_mask.png 201879 611 582 862
str12_mask.png 202012 612 589 870
str12_mask.png 202528 613 414 765
str12_mask.png 202761 614 413 734
str12_mask.png 202945 615 446 732
str12_mask.png 203295 616 413 477
str12_mask.png 203611 617 382 446
str12_mask.png 203978 618 453 322
str12_mask.png 204228 619 486 305
str12_mask.png 204711 620 711 241
str12_mask.png 205128 621 744 221
#30
str12_mask.png 180944 637 816 203
str12_mask.png 181160 638 1156 192
str12_mask.png 181344 639 1198 187
str12_mask.png 181511 640 720 190
str12_mask.png 181794 641 965 167
str12_mask.png 182127 642 402 368
str12_mask.png 182816 644 467 621
str12_mask.png 182983 645 567 859
str12_mask.png 183183 646 460 769
str12_mask.png 183516 647 604 877
str12_mask.png 183833 648 471 788
str12_mask.png 183983 649 640 915
str12_mask.png 184200 650 864 976
str12_mask.png 184416 651 1153 927
str12_mask.png 184583 652 1283 859
str12_mask.png 184949 653 1266 825
str12_mask.png 185199 654 1446 640
str12_mask.png 185717 655 1377 351
str12_mask.png 185917 656 1328 339
str12_mask.png 186117 657 1382 371
str12_mask.png 186450 658 1199 370
str12_mask.png 186600 659 1194 239
str12_mask.png 187283 660 1192 214
str12_mask.png 187700 661 939 181
str12_mask.png 188450 662 863 138
str12_mask.png 188900 663 750 163
str12_mask.png 189150 664 927 184
str12_mask.png 189367 665 1170 239
str12_mask.png 189600 666 1215 252
str12_mask.png 190317 667 1197 245
#31
str12_mask.png 171746 601 569 329
str12_mask.png 171962 602 821 140
str12_mask.png 172112 603 978 102
str12_mask.png 172345 604 1284 199
str12_mask.png 172746 605 1476 467
str12_mask.png 172863 606 1440 473
str12_mask.png 173146 607 1383 473
str12_mask.png 173430 608 1394 325
str12_mask.png 173647 609 1434 601
str12_mask.png 173947 610 1220 832
str12_mask.png 174446 611 468 749
str12_mask.png 174615 612 683 861
str12_mask.png 174882 613 429 456
str12_mask.png 175198 614 479 264
str12_mask.png 175532 615 705 160
str12_mask.png 175918 616 991 111
str12_mask.png 176143 617 724 211
str12_mask.png 176376 618 1023 133
str12_mask.png 176777 619 1223 192
str12_mask.png 177310 620 1407 136
str12_mask.png 177427 621 1067 253
str12_mask.png 177594 622 947 185
str12_mask.png 177794 623 1232 206
str12_mask.png 178110 624 1423 365
str12_mask.png 178410 625 1391 576
str12_mask.png 179093 626 1434 583
str12_mask.png 179493 627 1267 835
str12_mask.png 179794 628 1009 872
str12_mask.png 180210 629 820 870
str12_mask.png 180410 630 604 729
str12_mask.png 180643 631 479 737
str12_mask.png 180843 632 476 712
str12_mask.png 181027 633 432 481
#32
str12_mask.png 176976 586 947 179
str12_mask.png 177276 587 1016 110
str12_mask.png 177626 588 1205 207
str12_mask.png 177844 589 1014 178
str12_mask.png 178194 590 1006 130
str12_mask.png 178511 591 1018 109
str12_mask.png 178811 592 1194 179
str12_mask.png 179027 593 1254 153
str12_mask.png 179344 594 1203 157
str12_mask.png 179477 595 1247 118
str12_mask.png 179611 596 1005 156
str12_mask.png 179911 597 1021 60
str12_mask.png 180094 598 1252 178
str12_mask.png 180427 599 1429 292
str12_mask.png 180544 600 1390 278
str12_mask.png 180778 601 1206 146
str12_mask.png 181012 602 1444 432
str12_mask.png 181328 603 1438 336
str12_mask.png 181595 604 1413 600
str12_mask.png 181845 605 1311 757
str12_mask.png 182161 606 1024 882
str12_mask.png 182395 607 747 865
str12_mask.png 182528 608 646 822
str12_mask.png 182795 609 414 365
str12_mask.png 183078 610 461 244
str12_mask.png 183415 611 714 163
str12_mask.png 183685 612 604 301
str12_mask.png 183955 613 506 574
str12_mask.png 184222 614 694 830
str12_mask.png 184489 615 1281 776
str12_mask.png 184722 616 1328 789
str12_mask.png 185372 617 672 390
str12_mask.png 185455 618 864 219
str12_mask.png 185638 619 1008 115
str12_mask.png 185722 620 982 121
str12_mask.png 186005 621 1323 728
str12_mask.png 186240 622 1373 831
str12_mask.png 186556 623 897 917
#33
str12_mask.png 228550 612 955 443
str12_mask.png 229163 613 944 128
str12_mask.png 229468 614 1009 45
str12_mask.png 231071 617 1305 740
str12_mask.png 231854 618 1482 525
str12_mask.png 232554 619 1301 732
str12_mask.png 233171 620 1469 520
str12_mask.png 233438 621 1301 637
str12_mask.png 233788 622 1281 778
str12_mask.png 234504 623 1494 498
str12_mask.png 234604 624 1481 513
str12_mask.png 234888 625 1404 508
str12_mask.png 235688 626 1314 732
str12_mask.png 236071 627 1263 740
str12_mask.png 236554 628 1312 743
str12_mask.png 237321 629 908 133
str12_mask.png 237505 630 906 68
str12_mask.png 237607 631 925 81
str12_mask.png 238051 632 847 112
str12_mask.png 238274 633 920 49
#34
str12_mask.png 171311 495 1419 572
str12_mask.png 171762 496 1482 548
str12_mask.png 171995 497 1458 399
str12_mask.png 172445 498 1354 326
str12_mask.png 172595 499 1232 260
str12_mask.png 172812 500 985 201
str12_mask.png 173295 501 761 204
str12_mask.png 173562 502 460 327
str12_mask.png 173695 503 509 353
str12_mask.png 174162 504 698 902
str12_mask.png 174378 505 891 955
str12_mask.png 174695 506 1101 960
str12_mask.png 174845 507 1322 831
str12_mask.png 175278 508 1325 825
str12_mask.png 175545 509 1326 839
str12_mask.png 175695 510 1292 810
str12_mask.png 175929 511 1016 938
str12_mask.png 176412 512 1179 431
str12_mask.png 176562 513 1285 195
str12_mask.png 176662 514 1283 181
str12_mask.png 177012 515 1276 195
str12_mask.png 177296 516 1272 128
str12_mask.png 177512 517 1025 183
str12_mask.png 177746 518 721 229
str12_mask.png 177995 519 967 185
str12_mask.png 178195 520 1253 202
str12_mask.png 179046 521 1446 578
str12_mask.png 179263 522 1332 787
str12_mask.png 179480 523 989 936
str12_mask.png 179679 524 585 904
str12_mask.png 179879 525 474 771
str12_mask.png 180029 526 491 754
str12_mask.png 180146 527 459 474
str12_mask.png 180379 528 525 297
str12_mask.png 180646 529 819 228
#35
str12_mask.png 171771 578 882 195
str12_mask.png 172121 579 696 172
str12_mask.png 172338 580 1285 250
str12_mask.png 172555 581 684 234
str12_mask.png 172888 582 1425 432
str12_mask.png 173039 583 1380 423
str12_mask.png 173222 584 1297 814
str12_mask.png 173555 585 956 886
str12_mask.png 173788 586 812 908
str12_mask.png 174038 587 540 823
str12_mask.png 174338 588 502 707
str12_mask.png 174772 589 805 597
str12_mask.png 175338 590 1056 781
str12_mask.png 175755 591 861 602
str12_mask.png 175906 592 511 688
str12_mask.png 176323 593 910 738
str12_mask.png 176623 594 1225 764
str12_mask.png 176873 595 774 812
str12_mask.png 177123 596 465 636
str12_mask.png 177489 597 458 448
str12_mask.png 177841 598 406 387
str12_mask.png 177974 599 379 382
str12_mask.png 178224 600 432 293
str12_mask.png 178541 601 369 389
str12_mask.png 179025 602 591 430
str12_mask.png 179308 603 431 459
str12_mask.png 179642 604 709 484
str12_mask.png 179826 605 882 531
str12_mask.png 180042 606 508 320
str12_mask.png 180326 607 882 196
str12_mask.png 180662 608 830 278
str12_mask.png 180901 609 764 222
str12_mask.png 181135 610 910 605
str12_mask.png 181368 611 786 268
#36
str12_mask.png 187282 598 440 506
str12_mask.png 188032 599 679 141
str12_mask.png 188215 600 945 86
str12_mask.png 188532 601 824 150
str12_mask.png 188965 602 798 170
str12_mask.png 189132 603 742 191
str12_mask.png 189465 604 988 138
str12_mask.png 189648 605 1262 196
str12_mask.png 189898 606 1407 373
str12_mask.png 190015 607 1450 395
str12_mask.png 190432 608 1474 560
str12_mask.png 190682 609 1430 708
str12_mask.png 190915 610 1357 814
str12_mask.png 191249 611 999 916
str12_mask.png 191598 612 563 771
str12_mask.png 191982 613 463 422
str12_mask.png 192833 614 747 280
str12_mask.png 193050 615 742 229
str12_mask.png 193217 616 933 130
str12_mask.png 193850 617 1194 175
str12_mask.png 194267 618 1342 237
str12_mask.png 194534 619 1312 483
str12_mask.png 194884 620 1299 472
str12_mask.png 195151 621 1513 550
str12_mask.png 195418 622 1338 841
str12_mask.png 195651 623 1346 841
str12_mask.png 195884 624 1082 973
str12_mask.png 196184 625 1076 962
str12_mask.png 196517 626 1075 968
#37
str12_mask.png 171656 559 935 434
str12_mask.png 171839 560 853 97
str12_mask.png 172256 561 676 863
str12_mask.png 172489 562 975 919
str12_mask.png 172806 563 1165 823
str12_mask.png 172939 564 1305 736
str12_mask.png 173173 565 1429 559
str12_mask.png 173339 566 1426 572
str12_mask.png 173489 567 1425 492
str12_mask.png 173723 568 1239 198
str12_mask.png 173873 569 1175 147
str12_mask.png 174173 570 925 129
str12_mask.png 174589 571 621 258
str12_mask.png 174755 572 488 320
str12_mask.png 174989 573 418 792
str12_mask.png 175189 574 443 387
str12_mask.png 175523 575 1295 222
str12_mask.png 175623 576 1401 371
str12_mask.png 175990 577 1449 560
str12_mask.png 176123 578 1448 540
str12_mask.png 176306 579 854 148
str12_mask.png 176556 580 870 159
str12_mask.png 177006 581 751 684
str12_mask.png 177206 582 560 881
str12_mask.png 177422 583 864 912
str12_mask.png 177772 584 1162 329
str12_mask.png 178589 587 984 295
str12_mask.png 178772 588 1010 264
str12_mask.png 179339 589 1018 259
str12_mask.png 179589 590 1014 282
str12_mask.png 179739 591 1035 249
str12_mask.png 180139 592 891 285
str12_mask.png 180256 593 983 288
str12_mask.png 180656 594 1051 287
str12_mask.png 181056 595 915 561
str12_mask.png 181356 596 1074 156
#38
str12_mask.png 170484 509 484 450
str12_mask.png 170967 510 636 872
str12_mask.png 171351 511 972 942
str12_mask.png 171717 512 1411 573
str12_mask.png 172001 513 1229 250
str12_mask.png 172984 514 952 178
str12_mask.png 173767 515 990 115
str12_mask.png 174034 516 950 127
str12_mask.png 174167 517 901 217
str12_mask.png 174617 518 725 222
str12_mask.png 175100 519 680 253
str12_mask.png 175484 520 521 353
str12_mask.png 175717 521 467 326
str12_mask.png 175917 522 869 381
str12_mask.png 176083 523 1381 620
str12_mask.png 176367 524 1310 811
str12_mask.png 176633 525 1061 835
str12_mask.png 176933 526 1062 845
str12_mask.png 177116 527 1077 908
str12_mask.png 177533 528 704 449
str12_mask.png 177800 529 486 482
str12_mask.png 178116 530 940 523
str12_mask.png 179267 531 1074 512
#39
str12_mask.png 159445 465 1014 34
str12_mask.png 159978 466 1170 97
str12_mask.png 160245 467 1178 132
str12_mask.png 160478 468 1149 112
str12_mask.png 160694 469 1439 318
str12_mask.png 160844 470 1477 610
str12_mask.png 161061 471 1284 799
str12_mask.png 161361 472 546 886
str12_mask.png 161578 473 365 627
str12_mask.png 161810 474 485 316
str12_mask.png 162060 475 900 158
str12_mask.png 162477 476 998 155
str12_mask.png 164214 477 1054 93
str12_mask.png 164947 478 1158 80
str12_mask.png 165547 479 1421 267
str12_mask.png 165980 480 1452 294
str12_mask.png 166547 481 1359 242
str12_mask.png 166780 482 1479 183
str12_mask.png 167114 483 1144 40
str12_mask.png 167364 484 1151 49
str12_mask.png 167614 485 1126 66
str12_mask.png 167847 486 859 2
str12_mask.png 168097 487 1175 73
str12_mask.png 168730 489 867 84
#40
str12_mask.png 170370 525 1006 408
str12_mask.png 170637 526 1120 174
str12_mask.png 171104 527 955 73
str12_mask.png 171370 528 962 75
str12_mask.png 171704 529 1178 113
str12_mask.png 171837 530 1201 122
str12_mask.png 171954 531 1191 109
str12_mask.png 172137 532 1242 155
str12_mask.png 172404 533 1428 343
str12_mask.png 172937 534 1471 558
str12_mask.png 173570 535 1343 768
str12_mask.png 174270 536 1313 795
str12_mask.png 174554 537 1096 908
str12_mask.png 175104 538 896 918
str12_mask.png 175237 539 879 911
str12_mask.png 175604 540 693 893
str12_mask.png 175754 541 671 883
str12_mask.png 176153 542 654 843
str12_mask.png 176436 543 495 683
str12_mask.png 176686 544 447 465
str12_mask.png 177353 545 506 306
str12_mask.png 177603 546 763 169
str12_mask.png 178103 547 603 250
str12_mask.png 178436 548 864 137
str12_mask.png 178753 549 1035 118
str12_mask.png 179053 550 860 137
str12_mask.png 179253 551 767 151
str12_mask.png 179636 552 736 231
str12_mask.png 179903 553 1037 141
str12_mask.png 180303 554 1057 79
#41
str12_mask.png 155793 477 996 227
str12_mask.png 156244 478 1127 251
str12_mask.png 156560 479 1412 384
str12_mask.png 157277 480 1453 576
str12_mask.png 157877 481 1321 742
str12_mask.png 158327 482 1080 867
str12_mask.png 158727 483 998 913
str12_mask.png 159027 484 725 931
str12_mask.png 159477 485 530 922
str12_mask.png 159659 486 544 865
str12_mask.png 159943 487 342 759
str12_mask.png 160310 488 263 564
str12_mask.png 160710 489 312 423
str12_mask.png 160993 490 390 332
str12_mask.png 161526 491 647 273
str12_mask.png 162093 492 951 244
str12_mask.png 162576 493 1231 252
str12_mask.png 162676 494 1235 270
str12_mask.png 163059 495 1302 298
str12_mask.png 163177 496 875 258
#42
str12_mask.png 176867 569 932 99
str12_mask.png 176983 570 925 124
str12_mask.png 177183 571 973 107
str12_mask.png 177400 572 1021 46
str12_mask.png 177766 573 1238 130
str12_mask.png 178283 574 1234 81
str12_mask.png 178617 575 1232 54
str12_mask.png 179033 576 1241 135
str12_mask.png 179150 577 1244 112
str12_mask.png 179666 578 1467 250
str12_mask.png 179784 579 1417 282
str12_mask.png 180017 580 1467 262
str12_mask.png 180384 581 1438 510
str12_mask.png 180767 582 1496 535
str12_mask.png 181117 583 1473 575
str12_mask.png 182017 584 1489 563
str12_mask.png 182284 585 1483 577
str12_mask.png 182550 586 1515 556
str12_mask.png 182784 587 1436 559
str12_mask.png 183034 588 1343 675
str12_mask.png 183200 589 1307 760
str12_mask.png 183517 590 1036 874
str12_mask.png 183817 591 892 889
str12_mask.png 184117 592 570 804
str12_mask.png 184216 593 601 797
str12_mask.png 184583 594 478 283
str12_mask.png 184800 595 457 210
str12_mask.png 185000 596 558 230
str12_mask.png 185300 597 432 397
str12_mask.png 185716 598 409 364
str12_mask.png 186000 599 698 115
str12_mask.png 186250 600 676 173
#43
