str1_ctwo.png 270793 921 460 531
str1_ctwo.png 271076 922 400 647
str1_ctwo.png 271260 923 386 486
str1_ctwo.png 271460 924 1428 546
str1_ctwo.png 271677 925 1472 559
str1_ctwo.png 271960 926 1457 504
str1_ctwo.png 272310 927 1450 593
str1_ctwo.png 272560 928 1535 597
str1_ctwo.png 272877 929 1555 555
str1_ctwo.png 273043 930 564 547
str1_ctwo.png 273226 931 490 567
str1_ctwo.png 273661 932 377 519
str1_ctwo.png 274594 933 1423 562
str1_ctwo.png 274728 934 1304 567
str1_ctwo.png 275478 935 647 561
#1
str1_ctwo.png 323155 1100 873 417
str1_ctwo.png 323688 1101 488 583
str1_ctwo.png 323822 1102 1426 523
str1_ctwo.png 323972 1103 1360 536
str1_ctwo.png 324222 1104 1488 491
str1_ctwo.png 324605 1105 1525 442
str1_ctwo.png 325138 1106 404 514
str1_ctwo.png 325421 1107 565 548
str1_ctwo.png 325638 1108 463 664
str1_ctwo.png 325921 1109 465 362
str1_ctwo.png 326489 1110 1364 487
str1_ctwo.png 326672 1111 1450 518
str1_ctwo.png 327189 1112 354 385
str1_ctwo.png 327321 1113 462 437
str1_ctwo.png 327522 1114 537 417
str1_ctwo.png 327839 1115 1330 510
str1_ctwo.png 327973 1116 1271 499
#2
str1_ctwo.png 255812 741 722 344
str1_ctwo.png 256151 742 490 404
str1_ctwo.png 256735 743 1382 409
str1_ctwo.png 256818 744 1370 409
str1_ctwo.png 257818 745 1429 400
str1_ctwo.png 258118 746 1357 434
str1_ctwo.png 258301 747 1425 448
str1_ctwo.png 258585 748 1404 388
str1_ctwo.png 258751 749 1400 375
str1_ctwo.png 258934 750 1516 437
str1_ctwo.png 259466 751 1392 498
str1_ctwo.png 259852 752 470 440
str1_ctwo.png 259984 753 500 453
str1_ctwo.png 260468 754 443 403
str1_ctwo.png 260551 755 439 390
str1_ctwo.png 260850 756 390 565
#3
str1_ctwo.png 301990 968 949 293
str1_ctwo.png 302108 969 986 176
str1_ctwo.png 302191 970 969 210
str1_ctwo.png 302625 971 1527 407
str1_ctwo.png 302742 972 1439 416
str1_ctwo.png 303058 973 524 423
str1_ctwo.png 303175 974 517 443
str1_ctwo.png 304001 975 1646 417
str1_ctwo.png 304255 976 508 456
str1_ctwo.png 304338 977 536 447
str1_ctwo.png 305605 978 752 434
str1_ctwo.png 305939 979 977 428
str1_ctwo.png 306706 980 1017 409
#4
str1_ctwo.png 295453 751 500 450
str1_ctwo.png 295786 752 1423 531
str1_ctwo.png 296170 753 1503 476
str1_ctwo.png 296636 754 506 555
str1_ctwo.png 296953 755 1467 513
str1_ctwo.png 297254 756 1428 526
str1_ctwo.png 297687 757 1494 447
str1_ctwo.png 297870 758 1496 476
str1_ctwo.png 298037 759 1466 523
str1_ctwo.png 298304 760 470 559
str1_ctwo.png 298420 761 518 559
str1_ctwo.png 298603 762 1460 546
str1_ctwo.png 299104 763 1500 470
str1_ctwo.png 299337 764 1491 478
str1_ctwo.png 300021 765 523 571
#5
str1_ctwo.png 292477 748 1104 328
str1_ctwo.png 292860 749 649 369
str1_ctwo.png 293277 750 642 410
str1_ctwo.png 293611 751 1351 437
str1_ctwo.png 293850 752 1552 391
str1_ctwo.png 294183 753 1453 422
str1_ctwo.png 294533 754 1487 376
str1_ctwo.png 294750 755 1572 398
str1_ctwo.png 295016 756 1638 378
str1_ctwo.png 295150 757 1615 405
str1_ctwo.png 295383 758 1458 492
str1_ctwo.png 295583 759 588 524
str1_ctwo.png 295999 760 579 409
str1_ctwo.png 296632 761 579 529
str1_ctwo.png 297016 762 1445 367
#6
str1_ctwo.png 322281 811 444 441
str1_ctwo.png 322647 812 1466 497
str1_ctwo.png 323047 813 1541 483
str1_ctwo.png 323264 814 1548 452
str1_ctwo.png 323380 815 1535 467
str1_ctwo.png 323630 816 1542 450
str1_ctwo.png 323964 817 1590 453
str1_ctwo.png 324314 818 1340 494
str1_ctwo.png 324414 819 1350 480
str1_ctwo.png 324647 820 1452 482
str1_ctwo.png 324880 821 1436 471
str1_ctwo.png 325347 822 1191 497
str1_ctwo.png 325597 823 1042 495
str1_ctwo.png 326097 824 1036 483
str1_ctwo.png 326414 825 981 489
str1_ctwo.png 326665 826 435 467
str1_ctwo.png 326931 827 445 497
#7
str1_ctwo.png 242844 579 549 376
str1_ctwo.png 243161 580 1352 420
str1_ctwo.png 243628 581 531 417
str1_ctwo.png 243961 582 1379 450
str1_ctwo.png 244528 583 463 431
str1_ctwo.png 244811 584 1328 446
str1_ctwo.png 245294 585 528 412
str1_ctwo.png 245578 586 1404 448
str1_ctwo.png 246161 587 540 396
str1_ctwo.png 246495 588 1431 459
str1_ctwo.png 247128 589 498 360
#8
str1_ctwo.png 293264 902 777 377
str1_ctwo.png 293681 903 351 594
str1_ctwo.png 293964 904 1393 498
str1_ctwo.png 294397 905 1484 460
str1_ctwo.png 294831 906 1421 421
str1_ctwo.png 295014 907 1433 442
str1_ctwo.png 295247 908 436 480
str1_ctwo.png 295531 909 413 474
str1_ctwo.png 295764 910 432 492
str1_ctwo.png 295964 911 417 472
str1_ctwo.png 296097 912 367 434
str1_ctwo.png 296731 913 421 646
str1_ctwo.png 296931 914 1407 445
str1_ctwo.png 297531 915 1467 459
str1_ctwo.png 298081 916 1419 445
#9
str1_ctwo.png 275361 652 1260 469
str1_ctwo.png 275562 653 476 500
str1_ctwo.png 276345 654 1366 492
str1_ctwo.png 276611 655 1560 502
str1_ctwo.png 276729 656 1519 510
str1_ctwo.png 278329 657 925 513
str1_ctwo.png 278629 658 507 518
str1_ctwo.png 279278 659 1129 504
str1_ctwo.png 279478 660 1371 505
str1_ctwo.png 279812 661 1516 508
#10
str1_ctwo.png 258191 805 861 418
str1_ctwo.png 258521 806 513 457
str1_ctwo.png 258804 807 1442 504
str1_ctwo.png 258939 808 1397 510
str1_ctwo.png 259089 809 1516 502
str1_ctwo.png 259623 810 1404 477
str1_ctwo.png 260056 811 513 453
str1_ctwo.png 260190 812 574 433
str1_ctwo.png 260324 813 537 427
str1_ctwo.png 260758 814 1480 448
str1_ctwo.png 260943 815 1394 464
str1_ctwo.png 261194 816 1555 484
str1_ctwo.png 261494 817 1498 543
str1_ctwo.png 261877 818 426 460
str1_ctwo.png 262029 819 514 445
str1_ctwo.png 262462 820 616 444
str1_ctwo.png 263129 821 1523 471
#11
str1_ctwo.png 293845 810 932 517
str1_ctwo.png 294012 811 677 415
str1_ctwo.png 294245 812 664 413
str1_ctwo.png 294528 813 462 408
str1_ctwo.png 294728 814 345 421
str1_ctwo.png 294828 815 444 362
str1_ctwo.png 295028 816 447 361
str1_ctwo.png 295761 817 495 217
str1_ctwo.png 296361 818 506 483
str1_ctwo.png 296578 819 453 599
str1_ctwo.png 296811 820 442 426
str1_ctwo.png 297261 821 1436 447
str1_ctwo.png 297511 822 1533 376
str1_ctwo.png 297845 823 1618 465
str1_ctwo.png 298195 824 1503 479
str1_ctwo.png 298412 825 411 539
str1_ctwo.png 298528 826 488 468
str1_ctwo.png 298744 827 493 275
#12
str1_ctwo.png 303804 946 583 455
str1_ctwo.png 303987 947 1370 472
str1_ctwo.png 304121 948 1323 464
str1_ctwo.png 304221 949 1525 458
str1_ctwo.png 304554 950 1404 464
str1_ctwo.png 305371 951 447 551
str1_ctwo.png 305871 952 446 442
str1_ctwo.png 306238 953 1379 461
str1_ctwo.png 306405 954 1511 422
str1_ctwo.png 306838 955 1389 440
str1_ctwo.png 307105 956 376 465
str1_ctwo.png 307223 957 451 473
str1_ctwo.png 307473 958 433 352
str1_ctwo.png 307889 959 484 473
str1_ctwo.png 308506 960 1355 408
#13
str1_ctwo.png 286130 809 1342 475
str1_ctwo.png 286281 810 1313 461
str1_ctwo.png 286431 811 1422 453
str1_ctwo.png 286848 812 467 430
str1_ctwo.png 286964 813 504 451
str1_ctwo.png 287814 814 1354 488
str1_ctwo.png 287964 815 1333 463
str1_ctwo.png 288431 816 1421 463
str1_ctwo.png 288999 817 1429 466
str1_ctwo.png 289518 818 534 454
str1_ctwo.png 290601 819 442 520
#14
str1_ctwo.png 362874 1039 433 405
str1_ctwo.png 362990 1040 532 391
str1_ctwo.png 363523 1041 460 472
str1_ctwo.png 363723 1042 488 319
str1_ctwo.png 363840 1043 475 322
str1_ctwo.png 364140 1044 1435 419
str1_ctwo.png 364274 1045 1529 404
str1_ctwo.png 364924 1046 1419 358
str1_ctwo.png 365290 1047 466 473
str1_ctwo.png 365373 1048 536 453
str1_ctwo.png 365606 1049 458 402
str1_ctwo.png 365756 1050 458 389
str1_ctwo.png 366373 1051 1502 411
str1_ctwo.png 366657 1052 1502 455
str1_ctwo.png 366890 1053 1507 442
str1_ctwo.png 366990 1054 1406 375
str1_ctwo.png 367140 1055 423 401
str1_ctwo.png 367440 1056 514 378
#15
str1_ctwo.png 270541 921 1397 536
str1_ctwo.png 270875 922 530 572
str1_ctwo.png 271182 923 464 576
str1_ctwo.png 271536 924 1429 536
str1_ctwo.png 271636 925 1395 554
str1_ctwo.png 272036 926 1435 557
str1_ctwo.png 272470 927 1404 513
str1_ctwo.png 272670 928 400 531
str1_ctwo.png 272836 929 439 535
str1_ctwo.png 273002 930 511 554
str1_ctwo.png 273272 931 1469 532
str1_ctwo.png 273409 932 1432 545
str1_ctwo.png 273925 933 1365 550
str1_ctwo.png 274492 934 411 544
str1_ctwo.png 274725 935 455 550
str1_ctwo.png 274942 936 1413 502
#16
str1_ctwo.png 293942 808 1053 328
str1_ctwo.png 294313 809 470 475
str1_ctwo.png 294563 810 539 482
str1_ctwo.png 295447 811 1452 510
str1_ctwo.png 295798 812 1643 486
str1_ctwo.png 296131 813 489 488
str1_ctwo.png 297181 814 1524 429
str1_ctwo.png 297297 815 1519 442
str1_ctwo.png 297464 816 1519 437
str1_ctwo.png 297797 817 1365 522
str1_ctwo.png 298081 818 1629 465
str1_ctwo.png 298564 819 1458 382
str1_ctwo.png 298880 820 1513 413
str1_ctwo.png 298975 821 1455 390
#17
str1_ctwo.png 329363 919 752 387
str1_ctwo.png 329896 920 1159 447
str1_ctwo.png 330820 921 1374 495
str1_ctwo.png 331020 922 1450 560
str1_ctwo.png 331554 923 1361 503
str1_ctwo.png 331754 924 1360 507
str1_ctwo.png 331970 925 1432 525
str1_ctwo.png 332420 926 1314 491
str1_ctwo.png 332904 927 1092 472
str1_ctwo.png 333137 928 1099 484
str1_ctwo.png 333454 929 1108 478
str1_ctwo.png 333820 930 1100 468
str1_ctwo.png 334351 931 1303 484
#18
str1_ctwo.png 265176 848 507 433
str1_ctwo.png 265776 849 1419 492
str1_ctwo.png 266476 850 538 520
str1_ctwo.png 267075 851 463 432
str1_ctwo.png 267275 852 1435 478
str1_ctwo.png 267992 853 1489 490
#19
str1_ctwo.png 245536 892 921 467
str1_ctwo.png 245807 893 658 434
str1_ctwo.png 245957 894 524 534
str1_ctwo.png 246374 895 1353 514
str1_ctwo.png 246541 896 1424 484
str1_ctwo.png 246924 897 516 498
str1_ctwo.png 247358 898 1450 524
str1_ctwo.png 247842 899 1493 471
str1_ctwo.png 248275 900 494 593
str1_ctwo.png 248491 901 502 386
str1_ctwo.png 248825 902 1483 506
str1_ctwo.png 249326 903 1464 688
str1_ctwo.png 249442 904 1474 490
#20
str1_ctwo.png 251382 797 636 340
str1_ctwo.png 251599 798 509 445
str1_ctwo.png 251849 799 1435 532
str1_ctwo.png 252565 800 499 487
str1_ctwo.png 253299 801 458 580
str1_ctwo.png 253649 802 1423 491
str1_ctwo.png 253915 803 1551 507
str1_ctwo.png 254049 804 1516 511
str1_ctwo.png 254365 805 458 440
str1_ctwo.png 254648 806 1474 523
str1_ctwo.png 254782 807 1448 523
str1_ctwo.png 255566 808 518 527
str1_ctwo.png 255832 809 1320 533
str1_ctwo.png 256082 810 1437 466
#21
str1_ctwo.png 264290 816 993 536
str1_ctwo.png 264406 817 982 538
str1_ctwo.png 264740 818 977 539
str1_ctwo.png 265040 819 481 413
str1_ctwo.png 265256 820 468 405
str1_ctwo.png 265940 821 1397 453
str1_ctwo.png 266257 822 1447 440
str1_ctwo.png 266523 823 1532 433
str1_ctwo.png 266907 824 432 404
str1_ctwo.png 267039 825 477 401
str1_ctwo.png 267123 826 479 414
str1_ctwo.png 267306 827 910 481
str1_ctwo.png 268556 828 921 463
#22
str1_ctwo.png 243705 746 923 376
str1_ctwo.png 244140 747 510 513
str1_ctwo.png 244423 748 486 459
str1_ctwo.png 244623 749 1396 526
str1_ctwo.png 245091 750 1515 505
str1_ctwo.png 245874 751 855 423
str1_ctwo.png 246390 752 1437 515
str1_ctwo.png 246658 753 1471 417
str1_ctwo.png 247108 754 1575 390
str1_ctwo.png 247291 755 1485 421
str1_ctwo.png 247525 756 1395 421
str1_ctwo.png 247691 757 1479 500
str1_ctwo.png 247925 758 1395 481
str1_ctwo.png 248375 759 1522 442
str1_ctwo.png 248658 760 1468 512
#23
str1_ctwo.png 310629 1005 884 422
str1_ctwo.png 310912 1006 526 483
str1_ctwo.png 311078 1007 416 579
str1_ctwo.png 311311 1008 486 422
str1_ctwo.png 311845 1009 1574 445
str1_ctwo.png 312079 1010 1479 410
str1_ctwo.png 312312 1011 1420 383
str1_ctwo.png 312562 1012 1543 406
str1_ctwo.png 312995 1013 1570 446
str1_ctwo.png 313312 1014 463 565
str1_ctwo.png 313595 1015 1559 537
str1_ctwo.png 313778 1016 1454 478
str1_ctwo.png 314362 1017 1391 507
str1_ctwo.png 314779 1018 1347 491
#24
str1_ctwo.png 242031 731 950 456
str1_ctwo.png 242364 732 488 389
str1_ctwo.png 243014 733 475 483
str1_ctwo.png 243297 734 531 322
str1_ctwo.png 243581 735 1461 438
str1_ctwo.png 244031 736 1553 438
str1_ctwo.png 244448 737 1675 427
str1_ctwo.png 244664 738 1347 496
str1_ctwo.png 244898 739 1495 442
str1_ctwo.png 245398 740 1441 471
str1_ctwo.png 245664 741 1403 438
str1_ctwo.png 245831 742 1483 454
str1_ctwo.png 246081 743 1553 390
str1_ctwo.png 246281 744 1410 413
str1_ctwo.png 246531 745 1416 477
str1_ctwo.png 246814 746 1469 502
#25
str1_ctwo.png 269994 777 981 491
str1_ctwo.png 270328 778 1015 474
str1_ctwo.png 270528 779 1028 470
str1_ctwo.png 270878 780 1048 451
str1_ctwo.png 271144 781 1055 502
str1_ctwo.png 271702 782 1058 452
str1_ctwo.png 271912 783 1045 481
str1_ctwo.png 272312 784 998 465
str1_ctwo.png 272562 785 980 477
str1_ctwo.png 272895 786 1043 450
str1_ctwo.png 273012 787 1010 452
str1_ctwo.png 273245 788 1048 422
str1_ctwo.png 273779 789 1022 437
str1_ctwo.png 273895 790 1010 409
str1_ctwo.png 274095 791 1040 420
str1_ctwo.png 274445 792 1002 399
#26
str1_ctwo.png 303272 965 928 441
str1_ctwo.png 303605 966 529 467
str1_ctwo.png 303926 967 1389 479
str1_ctwo.png 304192 968 1499 454
str1_ctwo.png 304326 969 1398 486
str1_ctwo.png 304460 970 1483 522
str1_ctwo.png 304743 971 463 473
str1_ctwo.png 305576 972 1433 502
str1_ctwo.png 305744 973 1328 528
str1_ctwo.png 305844 974 1391 492
str1_ctwo.png 306060 975 1538 533
str1_ctwo.png 306310 976 483 449
str1_ctwo.png 306627 977 527 491
str1_ctwo.png 307194 978 1484 519
str1_ctwo.png 307411 979 1598 569
str1_ctwo.png 307628 980 1592 488
str1_ctwo.png 307845 981 514 477
#27
str1_ctwo.png 255136 822 1075 406
str1_ctwo.png 255453 823 590 475
str1_ctwo.png 255937 824 1388 488
str1_ctwo.png 256336 825 610 449
str1_ctwo.png 256786 826 603 468
str1_ctwo.png 256869 827 623 452
str1_ctwo.png 257120 828 531 514
str1_ctwo.png 257765 829 1107 483
str1_ctwo.png 258065 830 1089 462
str1_ctwo.png 258182 831 1099 488
str1_ctwo.png 258282 832 1117 463
str1_ctwo.png 258599 833 1127 486
str1_ctwo.png 259682 834 1141 476
str1_ctwo.png 260049 835 1132 483
#28
str1_ctwo.png 345171 1034 1400 437
str1_ctwo.png 345371 1035 511 417
str1_ctwo.png 345455 1036 498 409
str1_ctwo.png 345872 1037 489 384
str1_ctwo.png 346071 1038 1574 423
str1_ctwo.png 346205 1039 1510 444
str1_ctwo.png 346488 1040 1425 430
str1_ctwo.png 346638 1041 1434 434
str1_ctwo.png 346922 1042 1427 490
str1_ctwo.png 347205 1043 1532 453
str1_ctwo.png 347389 1044 461 406
str1_ctwo.png 348089 1045 1384 452
str1_ctwo.png 348355 1046 1390 452
str1_ctwo.png 348472 1047 1386 476
str1_ctwo.png 348839 1048 1549 468
str1_ctwo.png 349122 1049 1442 454
str1_ctwo.png 349272 1050 1448 441
#29
str1_ctwo.png 302881 885 509 466
str1_ctwo.png 303081 886 1421 502
str1_ctwo.png 303314 887 504 509
str1_ctwo.png 303934 888 1487 488
str1_ctwo.png 304051 889 1422 491
str1_ctwo.png 304367 890 1383 434
str1_ctwo.png 304601 891 1510 436
str1_ctwo.png 305017 892 1507 494
str1_ctwo.png 305417 893 495 489
str1_ctwo.png 305801 894 496 613
str1_ctwo.png 306051 895 502 383
str1_ctwo.png 306317 896 1488 480
str1_ctwo.png 306418 897 1444 480
str1_ctwo.png 306618 898 1516 441
#30
str1_ctwo.png 282739 957 564 486
str1_ctwo.png 282956 958 1348 484
str1_ctwo.png 283207 959 1423 499
str1_ctwo.png 283390 960 492 492
str1_ctwo.png 283606 961 507 484
str1_ctwo.png 284243 962 1434 421
str1_ctwo.png 284461 963 1530 448
str1_ctwo.png 284761 964 1499 526
str1_ctwo.png 284944 965 618 497
str1_ctwo.png 285193 966 507 454
str1_ctwo.png 285777 967 1115 483
str1_ctwo.png 285893 968 1427 474
str1_ctwo.png 286027 969 1396 490
str1_ctwo.png 286744 970 988 582
str1_ctwo.png 287177 971 547 554
#31
str1_ctwo.png 275088 909 504 442
str1_ctwo.png 275305 910 1397 445
str1_ctwo.png 275439 911 1363 453
str1_ctwo.png 275939 912 482 490
str1_ctwo.png 276072 913 503 496
str1_ctwo.png 276339 914 441 425
str1_ctwo.png 276689 915 495 599
str1_ctwo.png 277006 916 457 383
str1_ctwo.png 277339 917 1455 451
str1_ctwo.png 277489 918 1428 459
str1_ctwo.png 277739 919 1402 493
str1_ctwo.png 277956 920 1463 494
str1_ctwo.png 278206 921 1533 461
str1_ctwo.png 278523 922 1514 418
str1_ctwo.png 278689 923 1390 399
str1_ctwo.png 279239 924 1376 473
str1_ctwo.png 279556 925 1604 503
#32
str1_ctwo.png 284597 960 552 459
str1_ctwo.png 284864 961 534 351
str1_ctwo.png 285064 962 505 584
str1_ctwo.png 285347 963 444 587
str1_ctwo.png 285564 964 445 429
str1_ctwo.png 285814 965 546 388
str1_ctwo.png 286214 966 1461 430
str1_ctwo.png 286367 967 1520 424
str1_ctwo.png 286583 968 1442 411
str1_ctwo.png 286933 969 1485 434
str1_ctwo.png 287250 970 1435 453
str1_ctwo.png 287567 971 1483 400
str1_ctwo.png 287817 972 1416 401
str1_ctwo.png 288033 973 1411 409
str1_ctwo.png 288467 974 1511 429
str1_ctwo.png 288950 975 489 403
str1_ctwo.png 289099 976 525 424
str1_ctwo.png 289319 977 564 547
#33
str1_ctwo.png 344319 880 838 321
str1_ctwo.png 344752 881 1412 364
str1_ctwo.png 345152 882 1498 412
str1_ctwo.png 345835 883 1438 415
str1_ctwo.png 348418 884 1417 351
str1_ctwo.png 348602 885 1433 324
str1_ctwo.png 348785 886 486 325
str1_ctwo.png 349068 887 1439 369
#34
str1_ctwo.png 268633 791 551 540
str1_ctwo.png 269017 792 1418 520
str1_ctwo.png 269283 793 1400 464
str1_ctwo.png 270083 794 1515 549
str1_ctwo.png 270400 795 453 474
str1_ctwo.png 270500 796 487 478
str1_ctwo.png 270733 797 590 548
str1_ctwo.png 271150 798 1454 491
str1_ctwo.png 271484 799 1234 528
str1_ctwo.png 272050 800 1199 554
str1_ctwo.png 272300 801 882 553
str1_ctwo.png 272600 802 1049 551
str1_ctwo.png 272884 803 1017 571
#35
str1_ctwo.png 268336 908 512 446
str1_ctwo.png 268552 909 455 395
str1_ctwo.png 269002 910 1440 455
str1_ctwo.png 269120 911 1393 462
str1_ctwo.png 269320 912 1494 447
str1_ctwo.png 269670 913 440 403
str1_ctwo.png 269770 914 415 406
str1_ctwo.png 269902 915 467 427
str1_ctwo.png 270053 916 419 574
str1_ctwo.png 270403 917 1497 515
str1_ctwo.png 270520 918 1437 518
str1_ctwo.png 270653 919 1392 441
str1_ctwo.png 271053 920 1543 464
str1_ctwo.png 271436 921 1298 491
str1_ctwo.png 271887 922 1388 462
str1_ctwo.png 272321 923 583 406
str1_ctwo.png 272654 924 450 390
str1_ctwo.png 272920 925 471 586
#36
str1_ctwo.png 286531 897 944 419
str1_ctwo.png 286697 898 513 361
str1_ctwo.png 287131 899 507 378
str1_ctwo.png 287497 900 403 397
str1_ctwo.png 287781 901 1438 387
str1_ctwo.png 287915 902 1426 410
str1_ctwo.png 288064 903 1527 419
str1_ctwo.png 288348 904 1605 418
str1_ctwo.png 288864 905 500 427
str1_ctwo.png 289214 906 424 603
str1_ctwo.png 289731 907 1451 510
str1_ctwo.png 289948 908 1492 515
str1_ctwo.png 290548 909 1567 451
str1_ctwo.png 291181 910 1616 494
#37
str1_ctwo.png 267157 883 571 471
str1_ctwo.png 267724 884 1495 434
str1_ctwo.png 267891 885 1488 461
str1_ctwo.png 268191 886 344 406
str1_ctwo.png 268291 887 449 411
str1_ctwo.png 268591 888 1365 467
str1_ctwo.png 268792 889 1361 457
str1_ctwo.png 269375 890 566 444
str1_ctwo.png 269492 891 561 464
str1_ctwo.png 269642 892 1378 469
str1_ctwo.png 269725 893 1313 465
str1_ctwo.png 269809 894 1314 437
str1_ctwo.png 270093 895 981 429
str1_ctwo.png 270443 896 910 357
str1_ctwo.png 270776 897 1197 443
str1_ctwo.png 271559 898 1414 467
str1_ctwo.png 271693 899 1326 468
#38
str1_ctwo.png 266063 779 916 418
str1_ctwo.png 266606 780 589 472
str1_ctwo.png 266940 781 514 386
str1_ctwo.png 267340 782 814 384
str1_ctwo.png 267657 783 1370 443
str1_ctwo.png 267923 784 1551 469
str1_ctwo.png 268224 785 1376 529
str1_ctwo.png 268424 786 513 505
str1_ctwo.png 268657 787 478 425
str1_ctwo.png 268874 788 449 635
str1_ctwo.png 269340 789 548 443
str1_ctwo.png 269907 790 1264 422
str1_ctwo.png 270823 791 1275 421
str1_ctwo.png 271056 792 1275 426
#39
str1_ctwo.png 252084 654 362 274
str1_ctwo.png 252870 655 1428 277
str1_ctwo.png 253153 656 1436 315
str1_ctwo.png 253786 657 485 462
str1_ctwo.png 253886 658 488 476
str1_ctwo.png 254403 659 1501 361
str1_ctwo.png 254570 660 1447 416
str1_ctwo.png 254820 661 841 382
str1_ctwo.png 255236 662 828 382
str1_ctwo.png 256189 663 880 465
#40
str1_ctwo.png 273576 831 1036 454
str1_ctwo.png 273910 832 1337 485
str1_ctwo.png 274193 833 939 503
str1_ctwo.png 274593 834 700 458
str1_ctwo.png 274877 835 1391 425
str1_ctwo.png 275210 836 402 403
str1_ctwo.png 275361 837 479 415
str1_ctwo.png 275611 838 531 416
str1_ctwo.png 276195 839 1480 466
str1_ctwo.png 276362 840 1416 448
str1_ctwo.png 276946 841 1469 427
str1_ctwo.png 277312 842 1461 405
str1_ctwo.png 277512 843 1160 426
str1_ctwo.png 277979 844 538 431
str1_ctwo.png 278246 845 846 447
#41
str1_ctwo.png 252544 704 388 548
str1_ctwo.png 253078 705 1381 531
str1_ctwo.png 253728 706 217 536
str1_ctwo.png 253861 707 395 520
str1_ctwo.png 254312 708 1297 527
str1_ctwo.png 254778 709 217 538
str1_ctwo.png 254911 710 396 532
str1_ctwo.png 255394 711 1513 535
str1_ctwo.png 255512 712 1340 534
str1_ctwo.png 256395 713 1422 477
str1_ctwo.png 256695 714 83 494
str1_ctwo.png 256828 715 277 512
#42
str1_ctwo.png 276099 874 457 367
str1_ctwo.png 276231 875 507 367
str1_ctwo.png 276331 876 469 556
str1_ctwo.png 276615 877 464 345
str1_ctwo.png 277198 878 1389 434
str1_ctwo.png 277398 879 1505 421
str1_ctwo.png 277698 880 1414 405
str1_ctwo.png 278448 881 1390 390
str1_ctwo.png 278865 882 501 373
str1_ctwo.png 278965 883 513 350
str1_ctwo.png 279081 884 482 538
str1_ctwo.png 279365 885 444 457
str1_ctwo.png 279598 886 1416 408
str1_ctwo.png 279932 887 1393 422
str1_ctwo.png 280115 888 1383 373
str1_ctwo.png 280482 889 1507 373
#43
