str18_ctwo.png 370384 1218 360 602
str18_ctwo.png 370500 1219 461 601
str18_ctwo.png 370717 1220 502 586
str18_ctwo.png 370900 1221 1528 568
str18_ctwo.png 371017 1222 1423 591
str18_ctwo.png 371134 1223 1422 602
str18_ctwo.png 371385 1224 381 628
str18_ctwo.png 371501 1225 487 629
str18_ctwo.png 372085 1226 1491 605
str18_ctwo.png 372319 1227 1492 607
str18_ctwo.png 372769 1228 1443 592
str18_ctwo.png 373203 1229 440 616
str18_ctwo.png 373302 1230 544 620
str18_ctwo.png 373919 1231 596 586
str18_ctwo.png 374219 1232 1554 532
#1
str18_ctwo.png 448924 1538 515 517
str18_ctwo.png 449224 1539 505 589
str18_ctwo.png 449458 1540 486 613
str18_ctwo.png 449741 1541 346 585
str18_ctwo.png 450241 1542 1501 489
str18_ctwo.png 450408 1543 1430 528
str18_ctwo.png 450641 1544 1462 592
str18_ctwo.png 450958 1545 1366 505
str18_ctwo.png 451291 1546 1381 482
str18_ctwo.png 451525 1547 1388 460
str18_ctwo.png 451741 1548 1447 638
str18_ctwo.png 452041 1549 1464 594
str18_ctwo.png 452441 1550 542 573
str18_ctwo.png 452708 1551 357 618
str18_ctwo.png 453025 1552 455 656
str18_ctwo.png 453642 1553 367 648
#2
str18_ctwo.png 366299 992 482 485
str18_ctwo.png 366398 993 514 506
str18_ctwo.png 366782 994 1397 435
str18_ctwo.png 366949 995 1374 440
str18_ctwo.png 367349 996 1420 443
str18_ctwo.png 368264 997 1382 485
str18_ctwo.png 368483 998 1407 415
str18_ctwo.png 368783 999 511 490
str18_ctwo.png 369516 1000 362 527
str18_ctwo.png 369866 1001 530 478
str18_ctwo.png 370233 1002 325 542
#3
str18_ctwo.png 407087 1325 939 353
str18_ctwo.png 407271 1326 524 457
str18_ctwo.png 407638 1327 481 529
str18_ctwo.png 407838 1328 632 534
str18_ctwo.png 408438 1329 592 519
str18_ctwo.png 408689 1330 450 481
str18_ctwo.png 409274 1331 1379 536
str18_ctwo.png 409374 1332 1479 494
str18_ctwo.png 409693 1333 1480 461
str18_ctwo.png 409930 1334 1518 544
str18_ctwo.png 410097 1335 1583 547
str18_ctwo.png 410430 1336 1482 598
str18_ctwo.png 411264 1337 548 520
str18_ctwo.png 411631 1338 1469 523
str18_ctwo.png 411898 1339 1493 533
#4
str18_ctwo.png 408685 1070 493 558
str18_ctwo.png 408937 1071 601 595
str18_ctwo.png 409037 1072 621 597
str18_ctwo.png 409537 1073 584 489
str18_ctwo.png 409720 1074 375 553
str18_ctwo.png 409953 1075 1460 580
str18_ctwo.png 410270 1076 1550 498
str18_ctwo.png 410437 1077 1540 399
str18_ctwo.png 410787 1078 1456 578
str18_ctwo.png 411004 1079 1454 602
str18_ctwo.png 411772 1080 1562 356
str18_ctwo.png 412376 1081 614 609
str18_ctwo.png 412510 1082 385 553
str18_ctwo.png 412677 1083 407 557
str18_ctwo.png 412860 1084 579 533
str18_ctwo.png 413094 1085 589 513
#5
str18_ctwo.png 398818 1025 787 385
str18_ctwo.png 399303 1026 667 462
str18_ctwo.png 399637 1027 1388 508
str18_ctwo.png 399837 1028 1548 463
str18_ctwo.png 400254 1029 1896 597
str18_ctwo.png 400454 1030 1517 520
str18_ctwo.png 400753 1031 1395 433
str18_ctwo.png 401437 1032 1484 495
str18_ctwo.png 402053 1033 569 498
str18_ctwo.png 402470 1034 613 502
str18_ctwo.png 402703 1035 607 518
str18_ctwo.png 403003 1036 638 502
str18_ctwo.png 403220 1037 617 511
str18_ctwo.png 403536 1038 641 426
#6
str18_ctwo.png 453615 1114 991 571
str18_ctwo.png 453877 1115 436 545
str18_ctwo.png 454110 1116 565 554
str18_ctwo.png 454410 1117 1463 563
str18_ctwo.png 454976 1118 1387 507
str18_ctwo.png 455126 1119 589 558
str18_ctwo.png 455877 1120 449 591
str18_ctwo.png 456226 1121 1498 552
str18_ctwo.png 456726 1122 1473 549
str18_ctwo.png 456860 1123 1529 495
str18_ctwo.png 457226 1124 1472 467
str18_ctwo.png 457410 1125 471 536
str18_ctwo.png 458110 1126 490 544
str18_ctwo.png 458277 1127 585 598
#7
str18_ctwo.png 339325 829 793 402
str18_ctwo.png 339575 830 536 515
str18_ctwo.png 339958 831 575 506
str18_ctwo.png 340242 832 609 527
str18_ctwo.png 340592 833 559 475
str18_ctwo.png 341025 834 310 505
str18_ctwo.png 341158 835 343 514
str18_ctwo.png 341491 836 1391 447
str18_ctwo.png 341942 837 525 526
str18_ctwo.png 342441 838 409 558
str18_ctwo.png 342642 839 271 525
str18_ctwo.png 342808 840 308 538
str18_ctwo.png 343024 841 1410 475
str18_ctwo.png 343325 842 1512 460
str18_ctwo.png 343575 843 1410 456
str18_ctwo.png 343958 844 1397 592
str18_ctwo.png 344141 845 1435 611
#8
str18_ctwo.png 414700 1244 367 514
str18_ctwo.png 415016 1245 505 547
str18_ctwo.png 415333 1246 1483 502
str18_ctwo.png 415649 1247 1424 441
str18_ctwo.png 415950 1248 443 539
str18_ctwo.png 416349 1249 548 553
str18_ctwo.png 416616 1250 497 468
str18_ctwo.png 417132 1251 337 532
str18_ctwo.png 417499 1252 1406 477
str18_ctwo.png 417766 1253 1540 437
str18_ctwo.png 418049 1254 1455 592
str18_ctwo.png 418466 1255 1520 464
str18_ctwo.png 418649 1256 497 535
str18_ctwo.png 418916 1257 480 519
str18_ctwo.png 419348 1258 1147 577
#9
str18_ctwo.png 394963 835 1324 505
str18_ctwo.png 395296 836 1440 531
str18_ctwo.png 395963 837 1425 562
str18_ctwo.png 396296 838 1430 551
str18_ctwo.png 397097 839 1453 563
str18_ctwo.png 397347 840 620 580
str18_ctwo.png 397563 841 511 575
str18_ctwo.png 398280 842 1218 570
str18_ctwo.png 398447 843 1446 572
#10
str18_ctwo.png 366695 1121 959 564
str18_ctwo.png 367029 1122 565 617
str18_ctwo.png 367178 1123 584 580
str18_ctwo.png 367788 1124 1520 574
str18_ctwo.png 367994 1125 1475 680
str18_ctwo.png 368162 1126 1542 556
str18_ctwo.png 368496 1127 1448 521
str18_ctwo.png 368896 1128 1583 577
str18_ctwo.png 369063 1129 1573 578
str18_ctwo.png 369198 1130 1596 600
str18_ctwo.png 369434 1131 1479 741
str18_ctwo.png 369651 1132 1415 754
str18_ctwo.png 370335 1133 1431 728
str18_ctwo.png 371148 1134 1433 874
str18_ctwo.png 371448 1135 1447 809
str18_ctwo.png 371615 1136 1478 726
#11
str18_ctwo.png 408481 1166 687 339
str18_ctwo.png 408664 1167 313 480
str18_ctwo.png 408797 1168 415 416
str18_ctwo.png 408914 1169 566 472
str18_ctwo.png 409181 1170 597 480
str18_ctwo.png 409381 1171 560 398
str18_ctwo.png 409747 1172 289 440
str18_ctwo.png 410164 1173 251 479
str18_ctwo.png 410330 1174 545 504
str18_ctwo.png 410514 1175 1494 416
str18_ctwo.png 410698 1176 1422 424
str18_ctwo.png 410881 1177 1557 449
str18_ctwo.png 411081 1178 1559 432
str18_ctwo.png 411348 1179 1439 605
str18_ctwo.png 411464 1180 1476 606
str18_ctwo.png 411664 1181 1486 577
str18_ctwo.png 411964 1182 1487 618
str18_ctwo.png 412364 1183 1416 394
str18_ctwo.png 412681 1184 407 561
str18_ctwo.png 412830 1185 483 487
str18_ctwo.png 412914 1186 610 482
#12
str18_ctwo.png 449261 1302 667 475
str18_ctwo.png 449544 1303 580 483
str18_ctwo.png 449877 1304 415 467
str18_ctwo.png 450813 1307 548 511
str18_ctwo.png 451181 1308 1449 493
str18_ctwo.png 451414 1309 1521 447
str18_ctwo.png 451698 1310 1562 445
str18_ctwo.png 452164 1311 406 524
str18_ctwo.png 452299 1312 468 531
str18_ctwo.png 452600 1313 543 438
str18_ctwo.png 452801 1314 1372 466
str18_ctwo.png 452985 1315 1414 441
str18_ctwo.png 453268 1316 1532 447
str18_ctwo.png 453635 1317 1418 457
str18_ctwo.png 453977 1318 444 549
#13
str18_ctwo.png 386089 1028 839 431
str18_ctwo.png 386206 1029 487 517
str18_ctwo.png 386339 1030 505 538
str18_ctwo.png 386889 1031 360 552
str18_ctwo.png 387405 1032 1366 537
str18_ctwo.png 387722 1033 1450 480
str18_ctwo.png 388189 1034 1455 567
str18_ctwo.png 388639 1035 1392 453
str18_ctwo.png 389239 1036 472 499
str18_ctwo.png 389372 1037 495 543
str18_ctwo.png 389655 1038 594 581
str18_ctwo.png 390838 1039 395 578
#14
str18_ctwo.png 507044 1403 1033 418
str18_ctwo.png 507361 1404 546 415
str18_ctwo.png 507644 1405 447 454
str18_ctwo.png 508214 1406 574 424
str18_ctwo.png 508418 1407 607 433
str18_ctwo.png 508568 1408 610 439
str18_ctwo.png 508768 1409 383 489
str18_ctwo.png 509186 1410 1443 463
str18_ctwo.png 509302 1411 1538 430
str18_ctwo.png 509669 1412 1424 464
str18_ctwo.png 510635 1413 476 506
str18_ctwo.png 511252 1414 1423 481
#15
str18_ctwo.png 373838 1237 799 500
str18_ctwo.png 374071 1238 456 582
str18_ctwo.png 374405 1239 495 576
str18_ctwo.png 374522 1240 593 596
str18_ctwo.png 374705 1241 1385 584
str18_ctwo.png 374822 1242 1337 591
str18_ctwo.png 374922 1243 1434 526
str18_ctwo.png 375856 1244 1400 517
str18_ctwo.png 376356 1245 1376 543
str18_ctwo.png 376690 1246 1462 527
str18_ctwo.png 377289 1247 484 603
str18_ctwo.png 377440 1248 524 603
str18_ctwo.png 377890 1249 515 571
str18_ctwo.png 378240 1250 605 579
#16
str18_ctwo.png 390415 1092 488 511
str18_ctwo.png 390798 1093 597 551
str18_ctwo.png 391265 1094 1481 700
str18_ctwo.png 391923 1095 1556 446
str18_ctwo.png 392114 1096 1621 435
str18_ctwo.png 392547 1097 1510 601
str18_ctwo.png 392947 1098 1436 495
str18_ctwo.png 393631 1099 1598 453
str18_ctwo.png 394247 1100 1632 513
str18_ctwo.png 394697 1101 1523 458
#17
str18_ctwo.png 444485 1233 496 544
str18_ctwo.png 445002 1234 1392 505
str18_ctwo.png 445485 1235 628 545
str18_ctwo.png 445652 1236 500 549
str18_ctwo.png 446608 1237 518 579
str18_ctwo.png 446891 1238 609 558
str18_ctwo.png 447775 1239 588 546
str18_ctwo.png 448141 1240 600 563
str18_ctwo.png 448275 1241 614 550
str18_ctwo.png 449108 1242 601 517
#18
str18_ctwo.png 372568 1104 515 538
str18_ctwo.png 372785 1105 579 564
str18_ctwo.png 373985 1106 1416 535
str18_ctwo.png 374536 1107 1533 488
str18_ctwo.png 374970 1108 1469 585
str18_ctwo.png 375103 1109 1455 599
str18_ctwo.png 375303 1110 1452 628
str18_ctwo.png 375536 1111 1534 454
str18_ctwo.png 375853 1112 1403 458
str18_ctwo.png 376419 1113 593 521
str18_ctwo.png 376736 1114 450 576
str18_ctwo.png 376970 1115 605 584
str18_ctwo.png 377286 1116 482 633
#19
str18_ctwo.png 355226 1241 619 560
str18_ctwo.png 355426 1242 1397 460
str18_ctwo.png 355794 1243 1476 514
str18_ctwo.png 356110 1244 522 578
str18_ctwo.png 356343 1245 551 608
str18_ctwo.png 356426 1246 610 601
str18_ctwo.png 356743 1247 530 572
str18_ctwo.png 356960 1248 465 609
str18_ctwo.png 357060 1249 597 510
str18_ctwo.png 357310 1250 622 589
str18_ctwo.png 357876 1251 1391 510
str18_ctwo.png 357994 1252 1379 528
str18_ctwo.png 358227 1253 1474 506
str18_ctwo.png 358611 1254 1565 446
str18_ctwo.png 358978 1255 1445 556
str18_ctwo.png 359244 1256 1433 541
str18_ctwo.png 359644 1257 1426 525
#20
str18_ctwo.png 351929 1095 467 519
str18_ctwo.png 352346 1096 456 568
str18_ctwo.png 352563 1097 1446 528
str18_ctwo.png 352913 1098 1422 489
str18_ctwo.png 353279 1099 1541 491
str18_ctwo.png 353513 1100 375 536
str18_ctwo.png 353645 1101 416 559
str18_ctwo.png 353962 1102 1493 566
str18_ctwo.png 354645 1103 402 578
str18_ctwo.png 354862 1104 554 559
str18_ctwo.png 355145 1105 521 637
str18_ctwo.png 355429 1106 597 579
str18_ctwo.png 355762 1107 274 565
str18_ctwo.png 356295 1108 597 578
#21
str18_ctwo.png 365734 1122 600 501
str18_ctwo.png 365934 1123 486 507
str18_ctwo.png 366133 1124 373 534
str18_ctwo.png 366250 1125 356 522
str18_ctwo.png 366383 1126 261 565
str18_ctwo.png 366683 1127 518 575
str18_ctwo.png 366783 1128 509 558
str18_ctwo.png 367267 1129 520 522
str18_ctwo.png 367586 1130 582 544
str18_ctwo.png 368226 1131 1460 480
str18_ctwo.png 368626 1132 1421 506
str18_ctwo.png 368826 1133 1399 465
str18_ctwo.png 369060 1134 1541 467
str18_ctwo.png 369376 1135 1482 565
str18_ctwo.png 369793 1136 1404 547
str18_ctwo.png 370343 1137 1408 531
#22
str18_ctwo.png 343468 1042 530 501
str18_ctwo.png 344219 1043 1405 524
str18_ctwo.png 344871 1044 1578 448
str18_ctwo.png 345243 1045 1473 459
str18_ctwo.png 346110 1046 600 534
str18_ctwo.png 346277 1047 545 514
str18_ctwo.png 346643 1048 400 578
str18_ctwo.png 346876 1049 556 510
str18_ctwo.png 347426 1050 593 508
str18_ctwo.png 347710 1051 607 537
str18_ctwo.png 348060 1052 607 533
#23
str18_ctwo.png 437314 1412 557 544
str18_ctwo.png 437581 1413 346 550
str18_ctwo.png 437797 1414 614 527
str18_ctwo.png 437980 1415 561 484
str18_ctwo.png 438481 1416 375 480
str18_ctwo.png 438814 1417 1383 469
str18_ctwo.png 438947 1418 1402 486
str18_ctwo.png 439298 1419 1551 451
str18_ctwo.png 439681 1420 1522 537
str18_ctwo.png 440131 1421 1585 475
str18_ctwo.png 440598 1422 1470 462
str18_ctwo.png 440848 1423 1401 450
str18_ctwo.png 441065 1424 550 531
str18_ctwo.png 441714 1425 548 509
#24
str18_ctwo.png 338320 1006 959 419
str18_ctwo.png 338620 1007 1603 568
str18_ctwo.png 338704 1008 1451 472
str18_ctwo.png 338939 1009 490 483
str18_ctwo.png 339088 1010 542 454
str18_ctwo.png 339205 1011 625 464
str18_ctwo.png 340372 1012 550 489
str18_ctwo.png 340774 1013 525 490
str18_ctwo.png 341074 1014 1036 329
str18_ctwo.png 341691 1016 1436 400
str18_ctwo.png 342208 1017 499 481
str18_ctwo.png 342691 1018 488 505
str18_ctwo.png 342958 1019 1412 495
#25
str18_ctwo.png 366369 1096 989 550
str18_ctwo.png 366635 1097 953 542
str18_ctwo.png 366952 1098 959 538
str18_ctwo.png 367035 1099 966 555
str18_ctwo.png 367335 1100 968 527
str18_ctwo.png 367535 1101 957 492
str18_ctwo.png 367719 1102 944 518
str18_ctwo.png 368252 1103 942 496
str18_ctwo.png 368419 1104 977 512
str18_ctwo.png 368585 1105 957 485
str18_ctwo.png 369235 1106 952 502
str18_ctwo.png 369668 1107 941 485
str18_ctwo.png 370085 1108 941 498
#26
str18_ctwo.png 416585 1318 873 493
str18_ctwo.png 416818 1319 332 642
str18_ctwo.png 417018 1320 553 579
str18_ctwo.png 417318 1321 407 561
str18_ctwo.png 417452 1322 430 561
str18_ctwo.png 417669 1323 1416 545
str18_ctwo.png 417802 1324 1343 558
str18_ctwo.png 417952 1325 1449 589
str18_ctwo.png 418169 1326 1519 492
str18_ctwo.png 418552 1327 1445 622
str18_ctwo.png 418969 1328 472 553
str18_ctwo.png 419168 1329 413 591
str18_ctwo.png 419335 1330 552 558
str18_ctwo.png 419552 1331 424 631
str18_ctwo.png 419952 1332 430 658
str18_ctwo.png 420635 1333 315 564
str18_ctwo.png 421086 1334 1358 563
str18_ctwo.png 421273 1335 1355 530
str18_ctwo.png 421473 1336 1524 505
#27
str18_ctwo.png 361883 1120 459 555
str18_ctwo.png 362267 1121 1419 570
str18_ctwo.png 362501 1122 1401 499
str18_ctwo.png 362717 1123 1400 488
str18_ctwo.png 363134 1124 1503 499
str18_ctwo.png 363351 1125 1440 614
str18_ctwo.png 363701 1126 1466 501
str18_ctwo.png 364285 1127 1554 497
str18_ctwo.png 364685 1128 1387 477
str18_ctwo.png 365001 1129 1390 478
str18_ctwo.png 365101 1130 1407 487
str18_ctwo.png 365301 1131 1442 469
str18_ctwo.png 365418 1132 1423 464
str18_ctwo.png 365718 1133 1432 467
str18_ctwo.png 366001 1134 1419 471
str18_ctwo.png 366301 1135 1416 452
#28
str18_ctwo.png 482220 1433 984 508
str18_ctwo.png 482702 1434 597 527
str18_ctwo.png 482968 1435 453 519
str18_ctwo.png 483335 1436 592 559
str18_ctwo.png 483568 1437 579 528
str18_ctwo.png 483868 1438 613 596
str18_ctwo.png 484301 1439 432 574
str18_ctwo.png 484385 1440 333 570
str18_ctwo.png 484718 1441 512 585
str18_ctwo.png 484985 1442 556 535
str18_ctwo.png 485268 1443 564 512
str18_ctwo.png 485418 1444 561 522
str18_ctwo.png 485601 1445 1464 477
str18_ctwo.png 485935 1446 1605 465
str18_ctwo.png 486202 1447 1478 617
str18_ctwo.png 486535 1448 1462 661
str18_ctwo.png 487052 1449 1446 472
str18_ctwo.png 487218 1450 1567 481
#29
str18_ctwo.png 408064 1205 403 512
str18_ctwo.png 408213 1206 455 544
str18_ctwo.png 408365 1207 598 595
str18_ctwo.png 409131 1208 367 571
str18_ctwo.png 409348 1209 611 578
str18_ctwo.png 409598 1210 1468 531
str18_ctwo.png 409699 1211 1421 532
str18_ctwo.png 409965 1212 1480 480
str18_ctwo.png 410265 1213 1546 460
str18_ctwo.png 412654 1214 593 571
#30
str18_ctwo.png 391590 1245 917 554
str18_ctwo.png 391818 1246 509 576
str18_ctwo.png 392068 1247 578 582
str18_ctwo.png 392218 1248 1469 544
str18_ctwo.png 392385 1249 1451 555
str18_ctwo.png 392668 1250 1519 487
str18_ctwo.png 392901 1251 531 551
str18_ctwo.png 393218 1252 406 620
str18_ctwo.png 393484 1253 599 586
str18_ctwo.png 393601 1254 600 603
str18_ctwo.png 393818 1255 612 545
str18_ctwo.png 393918 1256 569 533
str18_ctwo.png 394051 1257 609 589
str18_ctwo.png 395034 1258 1502 474
str18_ctwo.png 395118 1259 1531 476
str18_ctwo.png 395268 1260 1405 475
str18_ctwo.png 395585 1261 1541 479
str18_ctwo.png 396100 1262 1280 790
str18_ctwo.png 396452 1263 1381 488
#31
str18_ctwo.png 383799 1225 974 390
str18_ctwo.png 384167 1226 437 510
str18_ctwo.png 384600 1227 411 483
str18_ctwo.png 384969 1228 1444 504
str18_ctwo.png 385120 1229 1404 510
str18_ctwo.png 385420 1230 382 466
str18_ctwo.png 385570 1231 422 487
str18_ctwo.png 385988 1232 426 485
str18_ctwo.png 386192 1233 1442 499
str18_ctwo.png 386342 1234 1404 503
str18_ctwo.png 386759 1235 391 505
str18_ctwo.png 386944 1236 432 513
str18_ctwo.png 387044 1237 578 534
str18_ctwo.png 387327 1238 1459 475
str18_ctwo.png 387478 1239 1428 486
str18_ctwo.png 387712 1240 1533 459
str18_ctwo.png 388062 1241 1478 536
str18_ctwo.png 388211 1242 1444 582
str18_ctwo.png 388428 1243 1386 453
#32
str18_ctwo.png 388308 1302 538 524
str18_ctwo.png 388541 1303 609 545
str18_ctwo.png 388925 1304 534 527
str18_ctwo.png 389075 1305 621 589
str18_ctwo.png 389514 1306 609 581
str18_ctwo.png 389635 1307 424 540
str18_ctwo.png 390056 1308 574 485
str18_ctwo.png 390626 1309 1432 480
str18_ctwo.png 391044 1310 1511 453
str18_ctwo.png 391344 1311 1471 595
str18_ctwo.png 391545 1312 1564 425
str18_ctwo.png 392095 1313 605 517
str18_ctwo.png 392331 1314 594 558
str18_ctwo.png 392680 1315 404 523
#33
str18_ctwo.png 472854 1207 1400 417
str18_ctwo.png 473105 1208 1500 427
str18_ctwo.png 473338 1209 1574 405
str18_ctwo.png 473538 1210 529 476
str18_ctwo.png 473938 1211 406 558
str18_ctwo.png 474138 1212 275 578
str18_ctwo.png 474354 1213 543 557
str18_ctwo.png 474587 1214 1481 528
str18_ctwo.png 474688 1215 1455 504
str18_ctwo.png 475288 1216 1449 596
str18_ctwo.png 475604 1217 1491 407
str18_ctwo.png 476004 1218 1549 401
#34
str18_ctwo.png 373883 1066 1015 439
str18_ctwo.png 374431 1067 622 596
str18_ctwo.png 374648 1068 1433 554
str18_ctwo.png 375383 1069 1418 612
str18_ctwo.png 375772 1070 1399 588
str18_ctwo.png 376155 1071 1317 578
str18_ctwo.png 376706 1072 608 603
str18_ctwo.png 376923 1073 608 597
str18_ctwo.png 377606 1074 644 592
str18_ctwo.png 378649 1075 1403 568
#35
str18_ctwo.png 378188 1217 527 518
str18_ctwo.png 378671 1218 350 536
str18_ctwo.png 379054 1219 554 566
str18_ctwo.png 379304 1220 577 577
str18_ctwo.png 379804 1221 600 559
str18_ctwo.png 380221 1222 543 515
str18_ctwo.png 380671 1223 1383 490
str18_ctwo.png 380888 1224 1428 532
str18_ctwo.png 381071 1225 1528 492
str18_ctwo.png 381338 1226 1564 481
str18_ctwo.png 381738 1227 1553 457
str18_ctwo.png 381938 1228 1498 454
str18_ctwo.png 382171 1229 1566 456
str18_ctwo.png 382438 1230 1570 448
str18_ctwo.png 382921 1231 1419 624
#36
str18_ctwo.png 411894 1237 530 458
str18_ctwo.png 412077 1238 535 471
str18_ctwo.png 412210 1239 536 496
str18_ctwo.png 412394 1240 537 496
str18_ctwo.png 412794 1241 1406 475
str18_ctwo.png 413311 1242 1432 517
str18_ctwo.png 413677 1243 521 504
str18_ctwo.png 414377 1244 1577 534
str18_ctwo.png 414794 1245 1516 529
str18_ctwo.png 415177 1246 1579 501
str18_ctwo.png 415711 1247 573 507
str18_ctwo.png 416061 1248 556 523
#37
str18_ctwo.png 377059 1191 969 422
str18_ctwo.png 377259 1192 537 507
str18_ctwo.png 377526 1193 1395 469
str18_ctwo.png 377843 1194 1381 495
str18_ctwo.png 378143 1195 1378 520
str18_ctwo.png 378360 1196 1378 509
str18_ctwo.png 378560 1197 894 475
str18_ctwo.png 379412 1198 1211 465
str18_ctwo.png 379795 1199 592 495
str18_ctwo.png 379895 1200 665 492
str18_ctwo.png 380412 1201 1385 439
str18_ctwo.png 380512 1202 1378 472
str18_ctwo.png 380713 1203 870 486
str18_ctwo.png 380846 1204 870 474
str18_ctwo.png 381046 1205 881 470
str18_ctwo.png 381379 1206 888 457
str18_ctwo.png 381746 1207 762 419
str18_ctwo.png 381863 1208 524 394
#38
str18_ctwo.png 376547 1019 1174 423
str18_ctwo.png 377327 1020 628 495
str18_ctwo.png 377578 1021 1355 494
str18_ctwo.png 378111 1022 1152 556
str18_ctwo.png 379311 1023 507 532
str18_ctwo.png 379594 1024 1425 546
str18_ctwo.png 380428 1025 1309 589
#39
str18_ctwo.png 346636 894 911 437
str18_ctwo.png 346896 895 471 487
str18_ctwo.png 347096 896 589 477
str18_ctwo.png 347263 897 622 520
str18_ctwo.png 347496 898 1561 458
str18_ctwo.png 347646 899 1460 408
str18_ctwo.png 347746 900 1409 399
str18_ctwo.png 348996 901 590 484
str18_ctwo.png 349312 902 580 461
str18_ctwo.png 349562 903 604 549
str18_ctwo.png 350346 904 1491 421
str18_ctwo.png 350613 905 1395 406
str18_ctwo.png 350979 906 1384 394
str18_ctwo.png 351163 907 1360 386
str18_ctwo.png 351629 908 1384 379
#40
str18_ctwo.png 384164 1102 577 500
str18_ctwo.png 385347 1103 1433 456
str18_ctwo.png 385531 1104 1362 439
str18_ctwo.png 385715 1105 1442 466
str18_ctwo.png 386581 1106 1085 496
str18_ctwo.png 388015 1107 589 471
str18_ctwo.png 388331 1108 524 518
#41
str18_ctwo.png 348835 905 393 581
str18_ctwo.png 349352 906 351 578
str18_ctwo.png 349619 907 472 577
str18_ctwo.png 349969 908 396 582
str18_ctwo.png 350169 909 347 585
str18_ctwo.png 350402 910 444 585
str18_ctwo.png 350602 911 533 580
str18_ctwo.png 351035 912 1581 560
str18_ctwo.png 351136 913 1417 558
str18_ctwo.png 351907 914 1438 520
str18_ctwo.png 352430 915 1348 587
str18_ctwo.png 353213 916 1403 580
str18_ctwo.png 353521 917 498 558
#42
str18_ctwo.png 379979 1196 558 484
str18_ctwo.png 380362 1197 474 509
str18_ctwo.png 380679 1198 1417 440
str18_ctwo.png 380829 1199 1385 453
str18_ctwo.png 381012 1200 1524 439
str18_ctwo.png 381463 1201 1581 411
str18_ctwo.png 381713 1202 1410 471
str18_ctwo.png 382046 1203 1428 552
str18_ctwo.png 382462 1204 478 463
str18_ctwo.png 382645 1205 559 487
str18_ctwo.png 382995 1206 503 543
str18_ctwo.png 383262 1207 286 550
str18_ctwo.png 383512 1208 602 531
str18_ctwo.png 384179 1209 1418 504
str18_ctwo.png 384413 1210 1390 481
str18_ctwo.png 384596 1211 1444 597
#43
