str19_mask.png 252563 861 1202 242
str19_mask.png 252780 862 1179 218
str19_mask.png 252914 863 1439 304
str19_mask.png 253349 864 1573 564
str19_mask.png 253633 865 1491 791
str19_mask.png 254001 866 1272 923
str19_mask.png 254168 867 1245 951
str19_mask.png 254652 868 1090 970
str19_mask.png 254803 869 946 973
str19_mask.png 255604 870 788 970
str19_mask.png 255704 871 768 976
str19_mask.png 255905 872 611 921
str19_mask.png 256021 873 501 872
str19_mask.png 256138 874 511 857
str19_mask.png 256555 875 403 697
str19_mask.png 256890 876 397 656
str19_mask.png 257040 877 452 398
str19_mask.png 257374 878 425 390
str19_mask.png 257741 879 678 180
str19_mask.png 258275 880 978 133
str19_mask.png 258575 881 1010 115
str19_mask.png 259026 882 1311 156
str19_mask.png 259160 883 1173 229
str19_mask.png 259445 884 1429 322
str19_mask.png 259830 885 1565 540
str19_mask.png 260114 886 1524 635
str19_mask.png 260418 887 1442 763
str19_mask.png 260619 888 1236 935
str19_mask.png 260923 889 1234 962
str19_mask.png 261090 890 953 967
str19_mask.png 261408 891 927 964
str19_mask.png 261642 892 663 990
#1
str19_mask.png 298492 1012 863 256
str19_mask.png 298625 1013 920 121
str19_mask.png 298859 1014 958 128
str19_mask.png 299159 1015 1198 150
str19_mask.png 299442 1016 1218 151
str19_mask.png 299776 1017 1384 262
str19_mask.png 299909 1018 1413 288
str19_mask.png 300109 1019 1481 556
str19_mask.png 300376 1020 1210 897
str19_mask.png 300609 1021 913 1002
str19_mask.png 300842 1022 710 1011
str19_mask.png 301309 1023 475 902
str19_mask.png 301459 1024 519 893
str19_mask.png 301559 1025 383 625
str19_mask.png 301825 1026 433 391
str19_mask.png 302042 1027 656 179
str19_mask.png 302342 1028 696 135
str19_mask.png 302425 1029 697 160
str19_mask.png 302542 1030 695 136
str19_mask.png 302692 1031 712 122
str19_mask.png 302809 1032 947 114
str19_mask.png 303076 1033 1216 979
str19_mask.png 303359 1034 1244 1006
str19_mask.png 303625 1035 980 1000
str19_mask.png 304126 1036 1396 805
str19_mask.png 304409 1037 1514 545
str19_mask.png 304759 1038 1391 771
str19_mask.png 305109 1039 1496 485
str19_mask.png 305359 1040 1525 487
str19_mask.png 305543 1041 1392 278
str19_mask.png 305876 1042 1423 290
str19_mask.png 306242 1043 330 622
str19_mask.png 306375 1044 403 657
str19_mask.png 306542 1045 492 870
str19_mask.png 306775 1046 512 896
str19_mask.png 307092 1047 388 647
str19_mask.png 307425 1048 442 382
str19_mask.png 307959 1049 684 169
str19_mask.png 308242 1050 929 121
#2
str19_mask.png 233747 677 962 52
str19_mask.png 234031 678 760 45
str19_mask.png 234231 679 667 80
str19_mask.png 234514 680 954 52
str19_mask.png 234697 681 927 62
str19_mask.png 234847 682 1164 66
str19_mask.png 235181 683 1392 220
str19_mask.png 235348 684 1249 876
str19_mask.png 235598 685 921 910
str19_mask.png 235781 686 1177 883
str19_mask.png 236114 687 736 928
str19_mask.png 236331 688 427 552
str19_mask.png 236514 689 453 284
str19_mask.png 236781 690 567 162
str19_mask.png 237847 691 492 322
str19_mask.png 238031 692 524 323
str19_mask.png 238216 693 515 329
str19_mask.png 238482 694 737 785
str19_mask.png 238787 695 499 520
str19_mask.png 239053 696 806 898
str19_mask.png 239237 697 1009 877
str19_mask.png 239403 698 1217 867
str19_mask.png 239620 699 1418 606
str19_mask.png 239887 700 1458 439
str19_mask.png 240553 701 1151 865
str19_mask.png 240655 702 1209 894
str19_mask.png 241039 703 1412 665
str19_mask.png 241605 704 1411 431
str19_mask.png 241889 705 1138 79
str19_mask.png 242055 706 1340 139
str19_mask.png 242439 707 1364 720
str19_mask.png 242889 708 1308 263
str19_mask.png 243072 709 1367 195
str19_mask.png 243389 710 1132 88
#3
str19_mask.png 283259 922 921 340
str19_mask.png 284092 923 979 825
str19_mask.png 284359 924 1516 385
str19_mask.png 284692 925 1433 170
str19_mask.png 284859 926 1105 0
str19_mask.png 285242 927 475 567
str19_mask.png 285542 928 674 869
str19_mask.png 285676 929 1151 957
str19_mask.png 285826 930 1303 938
str19_mask.png 286159 931 759 936
str19_mask.png 286392 932 533 812
str19_mask.png 286676 933 1473 520
str19_mask.png 286826 934 1551 480
str19_mask.png 287010 935 1429 198
str19_mask.png 287443 936 1192 66
str19_mask.png 288076 937 391 575
str19_mask.png 288667 938 910 892
str19_mask.png 289084 939 1549 402
str19_mask.png 289600 940 1159 54
str19_mask.png 289734 941 1156 28
str19_mask.png 290117 942 1528 570
str19_mask.png 290868 943 430 427
str19_mask.png 291185 944 827 2
str19_mask.png 291651 945 457 530
str19_mask.png 291852 946 500 314
str19_mask.png 292435 947 1545 480
str19_mask.png 292902 948 891 43
#4
str19_mask.png 274796 715 993 527
str19_mask.png 275169 716 950 311
str19_mask.png 275685 717 1200 995
str19_mask.png 275836 718 1235 973
str19_mask.png 276135 719 997 969
str19_mask.png 276235 720 981 988
str19_mask.png 276369 721 783 978
str19_mask.png 276585 722 527 822
str19_mask.png 276752 723 454 639
str19_mask.png 277002 724 471 375
str19_mask.png 277535 725 706 197
str19_mask.png 277935 726 1489 417
str19_mask.png 278336 727 1416 812
str19_mask.png 278586 728 828 983
str19_mask.png 278753 729 791 1014
str19_mask.png 279003 730 1236 987
str19_mask.png 279969 731 719 175
str19_mask.png 280453 732 1379 308
str19_mask.png 281402 733 985 986
str19_mask.png 281702 734 1006 989
str19_mask.png 282469 735 1008 961
str19_mask.png 282669 736 1011 965
str19_mask.png 282936 737 986 972
str19_mask.png 283019 738 990 988
str19_mask.png 283136 739 776 974
str19_mask.png 283602 740 1213 974
str19_mask.png 283969 741 1461 817
str19_mask.png 284119 742 1494 542
str19_mask.png 284552 743 1377 303
str19_mask.png 284819 744 1400 296
#5
str19_mask.png 268830 686 879 359
str19_mask.png 269597 688 932 18
str19_mask.png 270781 690 1542 390
str19_mask.png 271031 691 1475 697
str19_mask.png 271281 692 1208 912
str19_mask.png 271714 693 966 977
str19_mask.png 272098 694 675 966
str19_mask.png 272281 695 706 982
str19_mask.png 272381 696 668 969
str19_mask.png 272531 697 485 911
str19_mask.png 272730 698 634 875
str19_mask.png 273263 699 477 650
str19_mask.png 275548 703 1103 42
str19_mask.png 275831 704 1097 32
str19_mask.png 276281 705 1102 48
str19_mask.png 276548 706 1312 829
str19_mask.png 276681 707 1231 922
str19_mask.png 277065 708 1206 954
str19_mask.png 277248 709 956 998
str19_mask.png 277581 710 706 987
str19_mask.png 277731 711 421 914
str19_mask.png 277863 712 566 862
str19_mask.png 278013 713 578 855
str19_mask.png 278597 714 1552 484
#6
str19_mask.png 294590 747 984 562
str19_mask.png 296373 748 536 876
str19_mask.png 296607 749 745 1026
str19_mask.png 297240 750 863 1008
str19_mask.png 297524 751 988 1016
str19_mask.png 297840 752 1053 989
str19_mask.png 298123 753 988 1024
str19_mask.png 298473 754 1398 943
str19_mask.png 298673 755 1497 847
str19_mask.png 299124 756 1427 267
str19_mask.png 299308 757 1418 256
str19_mask.png 299491 758 1434 276
str19_mask.png 299774 759 1411 245
str19_mask.png 300091 760 993 114
str19_mask.png 300274 761 901 104
str19_mask.png 300591 762 1156 105
str19_mask.png 300896 763 1177 150
str19_mask.png 301363 764 932 126
str19_mask.png 301546 765 909 121
str19_mask.png 301663 766 905 131
str19_mask.png 301812 767 412 530
str19_mask.png 301979 768 390 397
str19_mask.png 302196 769 392 347
str19_mask.png 302812 770 580 341
str19_mask.png 303231 771 691 331
str19_mask.png 303731 772 718 289
str19_mask.png 303981 773 704 286
str19_mask.png 304114 774 721 263
str19_mask.png 304464 775 745 224
#7
str19_mask.png 222370 507 879 90
str19_mask.png 222636 508 651 66
str19_mask.png 222853 509 424 446
str19_mask.png 222986 510 464 444
str19_mask.png 223136 511 787 920
str19_mask.png 223453 512 1003 955
str19_mask.png 224019 513 1280 865
str19_mask.png 224369 514 782 452
str19_mask.png 225087 515 1200 682
str19_mask.png 225537 516 881 680
str19_mask.png 226053 517 854 427
str19_mask.png 226653 518 676 685
str19_mask.png 227363 519 891 454
str19_mask.png 227798 520 1006 368
str19_mask.png 228131 521 903 168
str19_mask.png 228248 522 943 98
str19_mask.png 228465 523 682 92
str19_mask.png 228748 524 450 534
str19_mask.png 228948 525 875 915
str19_mask.png 229314 526 749 954
str19_mask.png 229431 527 1188 940
str19_mask.png 229664 528 972 965
str19_mask.png 229931 529 1415 748
str19_mask.png 230215 530 1509 506
str19_mask.png 230432 531 1378 255
str19_mask.png 230815 532 1058 103
str19_mask.png 231098 533 1146 138
str19_mask.png 231232 534 914 89
str19_mask.png 231848 535 644 102
#8
str19_mask.png 272663 837 882 457
str19_mask.png 273013 838 612 116
str19_mask.png 273213 839 876 97
str19_mask.png 273497 840 1127 114
str19_mask.png 273680 841 1128 118
str19_mask.png 273930 842 1400 240
str19_mask.png 274297 843 1125 129
str19_mask.png 274513 844 1140 140
str19_mask.png 275030 845 1387 310
str19_mask.png 275363 846 1508 518
str19_mask.png 275580 847 1473 489
str19_mask.png 275893 848 1441 748
str19_mask.png 276169 849 1447 763
str19_mask.png 276436 850 1261 894
str19_mask.png 276719 851 1215 937
str19_mask.png 277036 852 1248 972
str19_mask.png 277302 853 954 979
str19_mask.png 277802 854 698 990
str19_mask.png 278352 855 445 896
str19_mask.png 278952 856 323 645
str19_mask.png 279552 857 312 631
str19_mask.png 279769 858 343 401
str19_mask.png 280019 859 324 392
str19_mask.png 280235 860 333 378
str19_mask.png 280352 861 356 345
str19_mask.png 280535 862 368 367
str19_mask.png 280702 863 591 118
str19_mask.png 280869 864 581 105
str19_mask.png 281519 865 855 62
str19_mask.png 281985 866 876 52
str19_mask.png 282185 867 871 46
str19_mask.png 282385 868 857 42
#9
str19_mask.png 258237 606 1258 476
str19_mask.png 258453 607 1328 285
str19_mask.png 258653 608 1133 154
str19_mask.png 258936 609 885 155
str19_mask.png 259220 610 672 187
str19_mask.png 259637 611 595 596
str19_mask.png 259820 612 582 601
str19_mask.png 259953 613 784 932
str19_mask.png 260136 614 936 952
str19_mask.png 260637 615 1170 934
str19_mask.png 260986 616 970 953
str19_mask.png 261820 617 1211 921
str19_mask.png 262120 618 1409 770
str19_mask.png 262920 619 1198 913
str19_mask.png 263270 620 1221 947
str19_mask.png 263936 621 1416 752
str19_mask.png 264203 622 1495 458
str19_mask.png 264536 623 1374 290
str19_mask.png 264986 624 1092 189
str19_mask.png 265270 625 738 165
str19_mask.png 265736 626 468 384
str19_mask.png 265919 627 428 640
str19_mask.png 266319 628 533 836
str19_mask.png 266686 629 748 960
str19_mask.png 267019 630 975 950
#10
str19_mask.png 239441 743 906 418
str19_mask.png 239830 744 984 98
str19_mask.png 240198 745 1162 121
str19_mask.png 240415 746 1209 145
str19_mask.png 240667 747 1174 113
str19_mask.png 240954 748 1446 272
str19_mask.png 241259 749 1523 555
str19_mask.png 241461 750 1392 903
str19_mask.png 242334 751 1218 1057
str19_mask.png 243651 754 503 541
str19_mask.png 243803 755 482 397
str19_mask.png 244403 756 1043 199
str19_mask.png 244570 757 1255 188
str19_mask.png 244805 758 1439 248
str19_mask.png 245239 759 1057 182
str19_mask.png 245407 760 918 123
str19_mask.png 245808 761 496 499
str19_mask.png 245977 762 627 864
str19_mask.png 248070 764 1079 291
str19_mask.png 248407 765 1386 260
str19_mask.png 248624 766 1465 285
str19_mask.png 248775 767 1539 519
str19_mask.png 249181 768 1555 523
str19_mask.png 249350 769 1066 468
#11
str19_mask.png 272490 737 802 58
str19_mask.png 272623 738 886 50
str19_mask.png 273023 739 1077 56
str19_mask.png 273290 740 1160 24
str19_mask.png 273523 741 900 28
str19_mask.png 273856 742 856 27
str19_mask.png 274073 743 1135 68
str19_mask.png 274439 744 1443 209
str19_mask.png 274756 745 1526 475
str19_mask.png 275023 746 1427 795
str19_mask.png 275189 747 1421 801
str19_mask.png 275523 748 879 983
str19_mask.png 275689 749 672 1008
str19_mask.png 275889 750 445 862
str19_mask.png 276072 751 448 317
str19_mask.png 276422 752 755 56
str19_mask.png 276539 753 686 47
str19_mask.png 276805 754 671 32
str19_mask.png 277372 756 1289 48
str19_mask.png 277756 757 1560 501
str19_mask.png 278089 758 1430 757
str19_mask.png 278173 759 1430 776
str19_mask.png 278439 760 1139 962
str19_mask.png 278589 761 935 985
str19_mask.png 279379 762 333 391
str19_mask.png 279465 763 413 325
str19_mask.png 279649 764 416 351
str19_mask.png 279765 765 412 314
str19_mask.png 280465 767 1266 125
str19_mask.png 280598 768 1535 194
str19_mask.png 280732 769 1433 233
str19_mask.png 281166 770 1560 436
str19_mask.png 281666 771 1536 504
str19_mask.png 281999 772 1405 868
#12
str19_mask.png 284644 878 1211 107
str19_mask.png 284844 879 872 98
str19_mask.png 285011 880 728 125
str19_mask.png 285261 881 476 356
str19_mask.png 285678 882 1104 956
str19_mask.png 286028 883 815 981
str19_mask.png 286294 884 1451 794
str19_mask.png 286428 885 1406 785
str19_mask.png 286662 886 1488 515
str19_mask.png 286945 887 1394 229
str19_mask.png 287129 888 1173 129
str19_mask.png 287378 889 1162 68
str19_mask.png 287562 890 835 41
str19_mask.png 287845 891 400 506
str19_mask.png 287944 892 465 514
str19_mask.png 288361 893 449 372
str19_mask.png 288628 894 1448 285
str19_mask.png 288729 895 1370 302
str19_mask.png 289680 897 687 650
str19_mask.png 290013 898 1011 1007
str19_mask.png 290363 899 1136 414
str19_mask.png 290713 900 1469 434
str19_mask.png 290930 901 1502 580
str19_mask.png 291146 902 1425 801
str19_mask.png 291346 903 1172 947
str19_mask.png 291580 904 855 933
str19_mask.png 291763 905 718 960
str19_mask.png 291963 906 394 606
str19_mask.png 292062 907 448 608
str19_mask.png 292179 908 452 288
str19_mask.png 292396 909 761 121
str19_mask.png 292646 910 964 85
str19_mask.png 293012 911 812 385
str19_mask.png 293246 912 647 434
str19_mask.png 294196 913 976 390
#13
str19_mask.png 264307 754 965 166
str19_mask.png 264440 755 902 83
str19_mask.png 264990 756 1136 109
str19_mask.png 265423 757 1154 121
str19_mask.png 265624 758 1384 277
str19_mask.png 266540 759 1463 455
str19_mask.png 267090 760 1487 506
str19_mask.png 267807 761 1403 744
str19_mask.png 268374 762 1224 894
str19_mask.png 268940 763 1206 942
str19_mask.png 269090 764 1207 958
str19_mask.png 269307 765 955 973
str19_mask.png 269957 766 742 969
str19_mask.png 270207 767 743 984
str19_mask.png 270507 768 554 903
str19_mask.png 270740 769 574 912
str19_mask.png 271340 770 391 670
str19_mask.png 271590 771 386 608
str19_mask.png 271740 772 424 409
str19_mask.png 272457 773 425 336
str19_mask.png 272573 774 632 146
str19_mask.png 273090 775 662 134
str19_mask.png 273323 776 907 84
str19_mask.png 273957 777 938 64
str19_mask.png 274173 778 1162 95
#14
str19_mask.png 330852 939 1341 234
str19_mask.png 332735 941 1128 33
str19_mask.png 332902 942 1123 26
str19_mask.png 333368 943 1404 143
str19_mask.png 333669 944 1398 149
str19_mask.png 334002 945 1102 37
str19_mask.png 334102 946 1121 11
str19_mask.png 335318 949 490 315
str19_mask.png 335485 950 476 333
str19_mask.png 335768 951 434 613
str19_mask.png 336135 952 538 864
str19_mask.png 336402 953 807 950
str19_mask.png 336735 954 776 983
str19_mask.png 336834 955 1019 983
str19_mask.png 337151 956 1051 968
str19_mask.png 337502 957 1228 955
str19_mask.png 337735 958 1258 935
str19_mask.png 337902 959 1456 769
str19_mask.png 338302 960 1546 490
str19_mask.png 338769 961 1439 235
str19_mask.png 338919 962 1441 229
str19_mask.png 339252 963 1446 233
str19_mask.png 339369 964 1148 97
str19_mask.png 339669 965 911 69
#15
str19_mask.png 252762 869 1277 328
str19_mask.png 252962 870 1379 332
str19_mask.png 253279 871 823 159
str19_mask.png 253479 872 804 130
str19_mask.png 253629 873 596 122
str19_mask.png 253795 874 681 189
str19_mask.png 254213 875 940 132
str19_mask.png 254596 876 1211 177
str19_mask.png 254779 877 1207 187
str19_mask.png 255063 878 1349 347
str19_mask.png 255214 879 1410 675
str19_mask.png 255481 880 1255 890
str19_mask.png 255764 881 1150 996
str19_mask.png 255897 882 965 1004
str19_mask.png 256114 883 1211 990
str19_mask.png 256497 884 1233 993
str19_mask.png 256814 885 756 999
str19_mask.png 257230 886 945 1004
str19_mask.png 257630 887 490 480
str19_mask.png 257897 888 918 236
str19_mask.png 258297 889 1193 194
str19_mask.png 258597 890 1361 343
str19_mask.png 258948 891 1458 721
str19_mask.png 259081 892 1439 527
str19_mask.png 259432 893 1375 433
str19_mask.png 260115 894 1062 396
str19_mask.png 260716 895 953 494
str19_mask.png 261179 896 1110 356
str19_mask.png 261307 897 1121 214
str19_mask.png 261725 898 785 194
str19_mask.png 261909 899 606 233
#16
str19_mask.png 271752 752 1020 128
str19_mask.png 272023 753 835 134
str19_mask.png 272373 754 961 125
str19_mask.png 272722 755 944 77
str19_mask.png 274990 756 1518 155
str19_mask.png 275373 757 1621 433
str19_mask.png 275540 758 1598 445
str19_mask.png 275773 759 1498 795
str19_mask.png 275957 760 1502 783
str19_mask.png 276157 761 1265 971
str19_mask.png 276340 762 1255 968
str19_mask.png 276707 763 1010 1044
str19_mask.png 276923 764 963 1030
str19_mask.png 277341 765 700 1046
str19_mask.png 277657 766 690 1049
str19_mask.png 277907 767 695 1046
str19_mask.png 278174 768 698 1017
str19_mask.png 278374 769 478 931
str19_mask.png 279390 770 471 361
str19_mask.png 279756 771 489 344
str19_mask.png 280023 772 385 364
str19_mask.png 280340 773 458 190
str19_mask.png 280556 774 560 178
str19_mask.png 280990 775 889 92
str19_mask.png 281306 776 493 342
#17
str19_mask.png 297881 841 1439 226
str19_mask.png 298398 842 1005 954
str19_mask.png 298914 843 691 982
str19_mask.png 299131 844 695 973
str19_mask.png 299630 845 431 420
str19_mask.png 299830 846 385 659
str19_mask.png 300197 847 1585 706
str19_mask.png 300348 848 1477 710
str19_mask.png 300648 849 1498 480
str19_mask.png 301930 850 996 32
str19_mask.png 302747 851 996 664
str19_mask.png 302914 852 1020 968
str19_mask.png 303197 853 1039 994
str19_mask.png 303397 854 1303 992
str19_mask.png 303830 855 1322 1006
str19_mask.png 304047 856 1320 1014
str19_mask.png 304297 857 1292 949
str19_mask.png 304847 858 1222 626
str19_mask.png 305281 859 1134 501
str19_mask.png 305781 860 1062 450
str19_mask.png 305914 861 1052 429
str19_mask.png 306514 862 977 414
str19_mask.png 306614 863 1003 433
#18
str19_mask.png 241801 772 893 441
str19_mask.png 242081 773 727 224
str19_mask.png 242847 775 764 129
str19_mask.png 243097 776 1064 114
str19_mask.png 243264 777 1177 115
str19_mask.png 243464 778 1425 210
str19_mask.png 243614 779 1391 220
str19_mask.png 243881 780 1495 442
str19_mask.png 244264 781 1379 753
str19_mask.png 244481 782 1196 936
str19_mask.png 244864 783 961 969
str19_mask.png 245181 784 763 982
str19_mask.png 245464 785 766 981
str19_mask.png 245564 786 525 938
str19_mask.png 245847 787 723 962
str19_mask.png 246048 788 442 800
str19_mask.png 246231 789 419 704
str19_mask.png 246697 790 441 469
str19_mask.png 246947 791 466 401
str19_mask.png 247580 792 744 189
str19_mask.png 247780 793 678 156
str19_mask.png 248114 794 930 120
str19_mask.png 248414 795 980 81
str19_mask.png 248547 796 947 91
str19_mask.png 248747 797 1192 105
str19_mask.png 249180 798 1425 230
str19_mask.png 249331 799 1396 244
str19_mask.png 249747 800 1505 489
str19_mask.png 250081 801 1405 783
str19_mask.png 250431 802 1210 953
str19_mask.png 250697 803 936 1004
str19_mask.png 250931 804 972 1001
str19_mask.png 251181 805 1208 975
str19_mask.png 251431 806 1231 976
#19
str19_mask.png 227038 823 1082 416
str19_mask.png 227308 824 895 142
str19_mask.png 227492 825 723 122
str19_mask.png 227808 826 1197 968
str19_mask.png 228108 827 948 976
str19_mask.png 228458 828 754 977
str19_mask.png 228625 829 1044 711
str19_mask.png 228792 830 1389 420
str19_mask.png 228926 831 1343 283
str19_mask.png 229159 832 1172 163
str19_mask.png 229576 833 904 101
str19_mask.png 230159 834 1134 123
str19_mask.png 230493 835 881 924
str19_mask.png 230726 836 533 843
str19_mask.png 230909 837 441 654
str19_mask.png 231125 838 475 373
str19_mask.png 231509 839 562 337
str19_mask.png 231725 840 1083 363
str19_mask.png 231842 841 1416 364
str19_mask.png 232009 842 1385 271
str19_mask.png 232660 843 1423 299
str19_mask.png 233110 844 1488 501
str19_mask.png 233410 845 1385 804
str19_mask.png 233643 846 1213 942
str19_mask.png 233893 847 765 985
str19_mask.png 234259 848 477 384
str19_mask.png 234459 849 785 98
str19_mask.png 234642 850 991 77
str19_mask.png 234876 851 1170 110
str19_mask.png 235109 852 776 100
str19_mask.png 235359 853 513 381
str19_mask.png 235609 854 577 899
str19_mask.png 235742 855 850 991
str19_mask.png 235959 856 1221 946
str19_mask.png 236210 857 1437 402
str19_mask.png 236343 858 1372 257
str19_mask.png 236560 859 1150 130
str19_mask.png 236843 860 815 89
str19_mask.png 237059 861 510 362
#20
str19_mask.png 233182 738 720 317
str19_mask.png 233416 739 683 138
str19_mask.png 233683 740 929 107
str19_mask.png 233949 741 1193 123
str19_mask.png 234399 742 1132 114
str19_mask.png 234799 743 870 113
str19_mask.png 235049 744 680 135
str19_mask.png 235399 745 965 119
str19_mask.png 236066 746 1184 110
str19_mask.png 236382 747 1448 298
str19_mask.png 236733 748 768 172
str19_mask.png 237016 749 938 113
str19_mask.png 237766 750 607 216
str19_mask.png 237933 751 469 539
str19_mask.png 238149 752 452 381
str19_mask.png 238432 753 676 166
str19_mask.png 238732 754 975 860
str19_mask.png 238916 755 418 666
str19_mask.png 239366 756 634 955
str19_mask.png 239499 757 632 980
str19_mask.png 239766 758 544 905
str19_mask.png 240082 759 766 972
str19_mask.png 240382 760 955 987
str19_mask.png 240749 761 726 996
str19_mask.png 240949 762 622 223
str19_mask.png 241232 763 896 148
str19_mask.png 241516 764 906 995
str19_mask.png 241816 765 1242 953
str19_mask.png 242182 766 1242 988
str19_mask.png 242449 767 1322 182
str19_mask.png 242632 768 1191 142
str19_mask.png 242999 769 1422 286
#21
str19_mask.png 241706 743 989 537
str19_mask.png 242040 744 942 162
str19_mask.png 242223 745 937 72
str19_mask.png 242840 746 1205 93
str19_mask.png 243256 747 1052 290
str19_mask.png 243557 748 1365 228
str19_mask.png 243707 749 1410 245
str19_mask.png 244207 750 1438 244
str19_mask.png 244424 751 1522 479
str19_mask.png 244624 752 1506 523
str19_mask.png 245373 753 1449 768
str19_mask.png 245573 754 1423 770
str19_mask.png 246290 755 1210 940
str19_mask.png 246690 756 1231 942
str19_mask.png 246890 757 983 980
str19_mask.png 247040 758 922 1005
str19_mask.png 247373 759 980 1006
str19_mask.png 248406 760 482 866
str19_mask.png 248873 761 499 887
str19_mask.png 249289 762 370 658
str19_mask.png 249623 763 388 633
str19_mask.png 249856 764 406 409
str19_mask.png 250139 765 423 367
str19_mask.png 250339 766 431 377
str19_mask.png 250956 767 721 118
str19_mask.png 251139 768 659 135
#22
str19_mask.png 225269 690 1104 365
str19_mask.png 225852 691 908 178
str19_mask.png 226202 692 1149 188
str19_mask.png 226419 693 1178 196
str19_mask.png 226735 694 1187 225
str19_mask.png 226919 695 1249 241
str19_mask.png 227086 696 1399 329
str19_mask.png 227219 697 1387 300
str19_mask.png 227503 698 1436 302
str19_mask.png 227636 699 1527 436
str19_mask.png 227804 700 1521 470
str19_mask.png 228304 701 1512 498
str19_mask.png 228504 702 1533 528
str19_mask.png 228971 703 1442 758
str19_mask.png 229304 704 1447 762
str19_mask.png 229804 705 1313 853
str19_mask.png 230037 706 1257 884
str19_mask.png 230154 707 1253 919
str19_mask.png 230287 708 1094 922
str19_mask.png 230454 709 1015 957
str19_mask.png 230621 710 990 978
str19_mask.png 230804 711 972 957
str19_mask.png 230921 712 984 955
str19_mask.png 231404 713 757 940
str19_mask.png 231554 714 685 954
str19_mask.png 231721 715 726 959
str19_mask.png 231937 716 503 892
str19_mask.png 232454 717 435 694
str19_mask.png 232720 718 401 663
str19_mask.png 233137 719 430 451
str19_mask.png 233304 720 443 398
str19_mask.png 234154 721 854 194
str19_mask.png 234504 722 705 189
str19_mask.png 234937 723 890 190
#23
str19_mask.png 286648 945 646 128
str19_mask.png 286748 946 659 172
str19_mask.png 287314 947 408 383
str19_mask.png 287431 948 459 366
str19_mask.png 288047 949 437 388
str19_mask.png 288264 950 403 639
str19_mask.png 288547 951 532 782
str19_mask.png 288814 952 561 810
str19_mask.png 289104 953 588 838
str19_mask.png 289379 954 810 947
str19_mask.png 289580 955 769 962
str19_mask.png 289871 956 810 957
str19_mask.png 290054 957 1075 967
str19_mask.png 290273 958 1053 971
str19_mask.png 290583 959 1301 956
str19_mask.png 291401 960 1444 786
str19_mask.png 291868 961 1545 551
str19_mask.png 292101 962 1504 516
str19_mask.png 292268 963 1517 500
str19_mask.png 292634 964 1549 494
str19_mask.png 292851 965 1452 290
str19_mask.png 293168 966 1414 262
str19_mask.png 293385 967 1451 275
str19_mask.png 294085 968 1225 147
str19_mask.png 294218 969 1171 155
str19_mask.png 294518 970 1178 107
#24
str19_mask.png 223836 674 1041 46
str19_mask.png 224219 675 642 90
str19_mask.png 224369 676 454 287
str19_mask.png 224569 677 492 587
str19_mask.png 224869 678 582 783
str19_mask.png 225002 679 810 907
str19_mask.png 225352 680 1008 936
str19_mask.png 225519 681 1257 947
str19_mask.png 225802 682 1477 790
str19_mask.png 225953 683 1428 773
str19_mask.png 226069 684 1260 884
str19_mask.png 226269 685 1225 912
str19_mask.png 226753 686 1509 434
str19_mask.png 227053 687 1419 216
str19_mask.png 227319 688 1235 106
str19_mask.png 227503 689 1206 120
str19_mask.png 227736 690 1517 481
str19_mask.png 227936 691 1471 735
str19_mask.png 228286 692 1040 959
str19_mask.png 228369 693 1005 971
str19_mask.png 228553 694 999 983
str19_mask.png 228719 695 982 984
str19_mask.png 229036 696 679 978
str19_mask.png 229569 697 441 550
str19_mask.png 229735 698 468 350
str19_mask.png 230002 699 707 147
str19_mask.png 230335 700 944 76
str19_mask.png 230836 701 1163 66
str19_mask.png 231303 702 1222 66
str19_mask.png 231503 703 1228 70
str19_mask.png 231836 704 1415 154
str19_mask.png 232836 705 1175 150
str19_mask.png 233086 706 917 121
str19_mask.png 233419 707 464 230
#25
str19_mask.png 249867 719 1014 485
str19_mask.png 250028 720 1002 517
str19_mask.png 250228 721 998 539
str19_mask.png 250445 722 963 508
str19_mask.png 250611 723 968 461
str19_mask.png 250745 724 1028 500
str19_mask.png 251411 725 1061 477
str19_mask.png 251528 726 1029 481
str19_mask.png 251728 727 1010 493
str19_mask.png 253095 728 1028 465
str19_mask.png 253278 729 1035 495
str19_mask.png 253478 730 980 449
str19_mask.png 254011 731 979 590
str19_mask.png 254161 732 1008 478
str19_mask.png 254461 733 1014 461
str19_mask.png 254794 734 973 480
str19_mask.png 255111 735 1008 517
str19_mask.png 255461 736 975 578
str19_mask.png 255645 737 1018 476
str19_mask.png 255995 738 1005 451
str19_mask.png 256511 739 1019 474
str19_mask.png 256678 740 1010 499
str19_mask.png 256895 741 1002 465
str19_mask.png 257228 742 1003 442
str19_mask.png 257428 743 987 468
str19_mask.png 257645 744 1008 449
str19_mask.png 257745 745 998 472
str19_mask.png 258045 746 1004 470
str19_mask.png 258828 747 1023 485
str19_mask.png 259694 748 1023 453
str19_mask.png 259861 749 967 453
#26
str19_mask.png 282593 889 932 443
str19_mask.png 283026 890 867 151
str19_mask.png 283276 891 623 155
str19_mask.png 283459 892 1152 173
str19_mask.png 283609 893 1125 170
str19_mask.png 283909 894 1435 321
str19_mask.png 284209 895 1476 538
str19_mask.png 284409 896 1225 818
str19_mask.png 284543 897 1170 928
str19_mask.png 284710 898 1218 935
str19_mask.png 284910 899 1420 846
str19_mask.png 285126 900 1150 955
str19_mask.png 285293 901 1210 963
str19_mask.png 285876 902 931 980
str19_mask.png 286093 903 716 953
str19_mask.png 286626 904 519 896
str19_mask.png 287042 905 388 705
str19_mask.png 287343 906 448 523
str19_mask.png 287493 907 447 465
str19_mask.png 287876 908 497 441
str19_mask.png 288276 909 706 201
str19_mask.png 288509 910 645 217
str19_mask.png 288676 911 953 133
str19_mask.png 288892 912 944 135
str19_mask.png 289042 913 1155 175
str19_mask.png 289442 914 1237 172
str19_mask.png 289842 915 1490 239
str19_mask.png 289993 916 1386 323
str19_mask.png 290377 917 1482 545
str19_mask.png 290760 918 1419 756
str19_mask.png 291010 919 1420 800
str19_mask.png 291277 920 1242 915
str19_mask.png 291443 921 1248 922
str19_mask.png 291610 922 1227 942
str19_mask.png 291943 923 1210 939
str19_mask.png 292210 924 1229 963
str19_mask.png 292560 925 940 979
#27
str19_mask.png 232953 739 1030 403
str19_mask.png 233237 740 838 117
str19_mask.png 234003 741 507 317
str19_mask.png 234370 742 508 590
str19_mask.png 234686 743 596 825
str19_mask.png 235003 744 849 836
str19_mask.png 235270 745 814 952
str19_mask.png 235636 746 1014 943
str19_mask.png 235986 747 1056 948
str19_mask.png 236186 748 1315 940
str19_mask.png 236736 749 1485 843
str19_mask.png 237004 750 1385 821
str19_mask.png 237237 751 1460 616
str19_mask.png 237403 752 1497 546
str19_mask.png 237870 753 1412 261
str19_mask.png 238370 754 1103 136
str19_mask.png 238704 755 875 128
str19_mask.png 238804 756 860 126
str19_mask.png 239237 757 1125 124
str19_mask.png 239437 758 1388 289
str19_mask.png 240037 759 1484 429
str19_mask.png 240154 760 1479 447
str19_mask.png 240320 761 1273 513
str19_mask.png 240503 762 1188 911
str19_mask.png 241220 763 915 968
str19_mask.png 241503 764 1231 940
str19_mask.png 241787 765 1413 763
str19_mask.png 242070 766 1446 466
str19_mask.png 242370 767 1396 290
str19_mask.png 242637 768 1510 488
#28
str19_mask.png 321325 957 842 183
str19_mask.png 321442 958 650 142
str19_mask.png 321742 959 1001 913
str19_mask.png 322009 960 1114 127
str19_mask.png 322209 961 1159 153
str19_mask.png 322525 962 1399 299
str19_mask.png 322809 963 1528 482
str19_mask.png 323209 964 1187 198
str19_mask.png 323559 965 1337 804
str19_mask.png 323725 966 1250 927
str19_mask.png 323875 967 1240 914
str19_mask.png 324625 968 1018 963
str19_mask.png 324825 969 999 980
str19_mask.png 325209 970 751 981
str19_mask.png 325542 971 492 654
str19_mask.png 325692 972 414 466
str19_mask.png 326075 973 429 624
str19_mask.png 326575 974 1431 706
str19_mask.png 326758 975 1489 720
str19_mask.png 327242 976 1533 549
str19_mask.png 327880 977 1448 328
str19_mask.png 328316 978 475 326
str19_mask.png 328700 979 623 152
str19_mask.png 329633 980 436 319
str19_mask.png 330133 981 882 138
str19_mask.png 330516 982 1159 144
#29
str19_mask.png 277976 809 732 396
str19_mask.png 278209 810 786 124
str19_mask.png 278326 811 938 118
str19_mask.png 278609 812 940 94
str19_mask.png 278976 813 957 77
str19_mask.png 279143 814 1204 92
str19_mask.png 279526 815 1215 127
str19_mask.png 280026 816 1425 256
str19_mask.png 280110 817 1357 278
str19_mask.png 280260 818 1385 294
str19_mask.png 280593 819 1494 493
str19_mask.png 280860 820 1467 534
str19_mask.png 281177 821 1404 745
str19_mask.png 281493 822 1377 808
str19_mask.png 281927 823 1199 899
str19_mask.png 282227 824 1186 945
str19_mask.png 282660 825 968 973
str19_mask.png 283043 826 948 977
str19_mask.png 283593 827 735 973
str19_mask.png 283893 828 697 984
str19_mask.png 284393 829 528 886
str19_mask.png 285059 830 420 648
str19_mask.png 285543 831 437 418
str19_mask.png 285843 832 468 358
str19_mask.png 286143 833 668 205
str19_mask.png 286459 834 680 155
str19_mask.png 287143 835 950 102
#30
str19_mask.png 259918 893 753 192
str19_mask.png 260135 894 1075 175
str19_mask.png 260319 895 1186 185
str19_mask.png 260452 896 925 177
str19_mask.png 260735 897 1189 185
str19_mask.png 261019 898 992 963
str19_mask.png 261185 899 1236 980
str19_mask.png 261419 900 1427 797
str19_mask.png 261636 901 1488 541
str19_mask.png 261852 902 1411 343
str19_mask.png 263588 903 1339 293
str19_mask.png 264244 904 1105 371
str19_mask.png 264493 905 457 440
str19_mask.png 264610 906 491 445
str19_mask.png 265243 907 433 528
str19_mask.png 265393 908 417 698
str19_mask.png 265643 909 700 917
str19_mask.png 265826 910 973 977
str19_mask.png 266093 911 745 990
str19_mask.png 266376 912 971 1005
str19_mask.png 267510 913 1433 724
str19_mask.png 267930 914 1411 349
str19_mask.png 268797 915 856 222
str19_mask.png 269280 916 626 210
str19_mask.png 269430 917 656 201
str19_mask.png 269580 918 674 220
#31
str19_mask.png 253326 844 589 245
str19_mask.png 253476 845 679 107
str19_mask.png 253709 846 956 77
str19_mask.png 253926 847 1169 107
str19_mask.png 254359 848 883 92
str19_mask.png 254692 849 925 92
str19_mask.png 254875 850 1153 132
str19_mask.png 255209 851 1402 261
str19_mask.png 255942 852 1510 532
str19_mask.png 256092 853 1486 533
str19_mask.png 256376 854 1398 791
str19_mask.png 256725 855 1407 750
str19_mask.png 256959 856 1510 503
str19_mask.png 257159 857 1320 930
str19_mask.png 257326 858 1200 952
str19_mask.png 258176 859 940 956
str19_mask.png 258759 860 71 574
str19_mask.png 258942 861 695 852
str19_mask.png 259092 862 526 818
str19_mask.png 259725 865 489 690
str19_mask.png 259892 866 411 596
str19_mask.png 260092 867 462 323
str19_mask.png 260875 868 428 347
str19_mask.png 261608 869 403 622
str19_mask.png 261925 870 684 167
str19_mask.png 262108 871 663 141
str19_mask.png 262825 872 952 79
#32
str19_mask.png 263347 877 900 98
str19_mask.png 263564 878 928 89
str19_mask.png 263764 879 689 97
str19_mask.png 264047 880 661 124
str19_mask.png 264281 881 616 71
str19_mask.png 264414 882 679 115
str19_mask.png 264680 883 958 104
str19_mask.png 265080 884 1182 140
str19_mask.png 265464 885 1343 157
str19_mask.png 265631 886 1401 235
str19_mask.png 265948 887 1516 520
str19_mask.png 266298 888 1277 848
str19_mask.png 266448 889 1406 827
str19_mask.png 266748 890 1425 758
str19_mask.png 267165 891 1383 835
str19_mask.png 267365 892 1010 945
str19_mask.png 267615 893 1236 916
str19_mask.png 267948 894 985 943
str19_mask.png 268215 895 773 953
str19_mask.png 268681 896 560 853
str19_mask.png 268814 897 482 668
str19_mask.png 269148 898 474 402
str19_mask.png 269498 899 701 175
str19_mask.png 269814 900 941 114
str19_mask.png 270064 901 1278 177
str19_mask.png 270297 902 1503 508
str19_mask.png 270381 903 1463 498
str19_mask.png 270599 904 1435 802
str19_mask.png 270865 905 1198 910
str19_mask.png 271165 906 982 1004
str19_mask.png 271415 907 758 969
str19_mask.png 271699 908 568 749
str19_mask.png 271781 909 591 749
str19_mask.png 271915 910 472 550
str19_mask.png 272282 911 1196 131
str19_mask.png 272950 912 1308 267
#33
str19_mask.png 321188 827 1074 835
str19_mask.png 321638 828 1080 615
str19_mask.png 321888 829 650 94
str19_mask.png 322271 830 910 610
str19_mask.png 322488 831 692 36
str19_mask.png 322872 832 938 592
str19_mask.png 323539 833 693 67
str19_mask.png 323672 834 959 615
str19_mask.png 324005 835 903 46
str19_mask.png 324972 836 1048 601
str19_mask.png 325805 837 1234 1032
str19_mask.png 326056 838 1208 1060
str19_mask.png 326440 839 937 580
str19_mask.png 326723 840 671 59
str19_mask.png 326873 841 931 612
str19_mask.png 327290 842 1194 83
str19_mask.png 328157 843 1047 570
str19_mask.png 328290 844 932 616
str19_mask.png 329323 845 1100 837
str19_mask.png 329740 846 987 562
str19_mask.png 330740 847 1071 561
str19_mask.png 330890 848 946 615
str19_mask.png 331107 849 1034 590
#34
str19_mask.png 251557 740 993 206
str19_mask.png 251707 741 953 160
str19_mask.png 252074 742 1222 129
str19_mask.png 252507 743 1493 251
str19_mask.png 252608 744 1433 292
str19_mask.png 252875 745 1538 497
str19_mask.png 253242 746 1462 738
str19_mask.png 253392 747 1270 948
str19_mask.png 253608 748 1022 973
str19_mask.png 253875 749 766 979
str19_mask.png 254075 750 543 884
str19_mask.png 254674 751 443 673
str19_mask.png 254907 752 462 406
str19_mask.png 255174 753 683 201
str19_mask.png 255507 754 999 155
str19_mask.png 255691 755 1229 149
str19_mask.png 256091 756 1543 299
str19_mask.png 256308 757 1533 721
str19_mask.png 257158 759 542 670
str19_mask.png 257509 760 445 640
str19_mask.png 257925 761 688 155
str19_mask.png 258125 762 686 168
str19_mask.png 258542 763 913 135
str19_mask.png 258742 764 1235 140
str19_mask.png 259409 765 1386 241
str19_mask.png 259642 766 1514 507
str19_mask.png 259859 767 1517 514
str19_mask.png 260309 768 1460 740
str19_mask.png 260710 769 1023 940
str19_mask.png 260943 770 1009 973
#35
str19_mask.png 251034 843 1037 142
str19_mask.png 251234 844 930 90
str19_mask.png 251401 845 1180 97
str19_mask.png 251684 846 1427 229
str19_mask.png 251901 847 1491 551
str19_mask.png 252068 848 1204 971
str19_mask.png 252368 849 1382 799
str19_mask.png 252552 850 916 974
str19_mask.png 252835 851 717 982
str19_mask.png 253085 852 450 733
str19_mask.png 253201 853 487 737
str19_mask.png 253401 854 400 493
str19_mask.png 253585 855 417 409
str19_mask.png 253801 856 658 176
str19_mask.png 254200 857 917 113
str19_mask.png 254618 858 1217 242
str19_mask.png 254834 859 1448 330
str19_mask.png 255068 860 1431 686
str19_mask.png 255285 861 1156 841
str19_mask.png 255485 862 503 784
str19_mask.png 255618 863 421 698
str19_mask.png 255935 864 455 715
str19_mask.png 256251 865 964 993
str19_mask.png 256785 866 1003 994
str19_mask.png 256918 867 965 989
str19_mask.png 257035 868 951 1010
str19_mask.png 257285 869 987 1001
str19_mask.png 257618 870 954 1007
str19_mask.png 257768 871 957 993
str19_mask.png 257885 872 996 994
str19_mask.png 258501 873 718 959
str19_mask.png 258634 874 767 963
str19_mask.png 258851 875 518 889
str19_mask.png 259101 876 753 954
str19_mask.png 259451 877 1227 981
str19_mask.png 259818 878 1427 834
str19_mask.png 260068 879 1416 764
str19_mask.png 260452 880 987 323
str19_mask.png 260735 881 854 171
#36
str19_mask.png 269582 839 1002 388
str19_mask.png 270215 840 987 37
str19_mask.png 270449 841 721 105
str19_mask.png 270598 842 677 68
str19_mask.png 270766 843 447 283
str19_mask.png 271049 844 478 616
str19_mask.png 271266 845 875 936
str19_mask.png 271433 846 777 966
str19_mask.png 271666 847 1213 938
str19_mask.png 271883 848 1248 941
str19_mask.png 272133 849 1400 803
str19_mask.png 272267 850 1429 796
str19_mask.png 272417 851 1521 527
str19_mask.png 272683 852 1466 253
str19_mask.png 273100 853 1442 285
str19_mask.png 273267 854 1069 959
str19_mask.png 273450 855 996 989
str19_mask.png 273683 856 1499 280
str19_mask.png 273850 857 1469 247
str19_mask.png 274217 858 1198 107
str19_mask.png 274683 859 984 71
str19_mask.png 275066 860 671 118
str19_mask.png 275183 861 663 114
str19_mask.png 275633 862 450 352
str19_mask.png 276200 863 1178 81
str19_mask.png 276616 864 1525 731
str19_mask.png 276783 865 1467 729
str19_mask.png 276867 866 1454 759
str19_mask.png 277167 867 1458 735
str19_mask.png 277533 868 1465 734
str19_mask.png 278167 869 1059 1030
str19_mask.png 278333 870 1018 991
str19_mask.png 278633 871 1010 978
str19_mask.png 278800 872 1226 964
str19_mask.png 279100 873 763 941
str19_mask.png 279267 874 1031 710
#37
str19_mask.png 250339 822 1086 375
str19_mask.png 250572 823 776 72
str19_mask.png 250988 824 1143 83
str19_mask.png 251188 825 1266 269
str19_mask.png 251389 826 1390 229
str19_mask.png 251606 827 1231 835
str19_mask.png 251939 828 1480 501
str19_mask.png 252256 829 837 906
str19_mask.png 252489 830 952 972
str19_mask.png 252723 831 730 960
str19_mask.png 252856 832 680 413
str19_mask.png 253155 833 452 541
str19_mask.png 253306 834 470 308
str19_mask.png 253489 835 882 91
str19_mask.png 253672 836 1175 123
str19_mask.png 253790 837 1073 63
str19_mask.png 253973 838 1371 228
str19_mask.png 254256 839 1113 76
str19_mask.png 254356 840 1117 91
str19_mask.png 254856 841 1462 462
str19_mask.png 255123 842 1440 687
str19_mask.png 255356 843 1391 315
str19_mask.png 255590 844 1381 183
str19_mask.png 255973 845 1376 182
str19_mask.png 256106 846 1007 76
str19_mask.png 256406 847 848 56
str19_mask.png 257273 848 1487 566
str19_mask.png 257456 849 1400 742
str19_mask.png 257739 850 1198 883
str19_mask.png 258073 851 1529 408
str19_mask.png 258423 852 1371 264
str19_mask.png 258689 853 1037 31
str19_mask.png 259439 855 835 40
str19_mask.png 259539 856 832 17
str19_mask.png 259906 857 830 6
str19_mask.png 260123 858 774 62
#38
str19_mask.png 248571 728 1041 486
str19_mask.png 248688 729 1051 477
str19_mask.png 249121 730 978 103
str19_mask.png 249371 731 1469 297
str19_mask.png 249554 732 1471 297
str19_mask.png 249721 733 1451 749
str19_mask.png 250238 734 1076 904
str19_mask.png 250655 735 782 953
str19_mask.png 251021 736 458 588
str19_mask.png 251204 737 474 375
str19_mask.png 251388 738 475 397
str19_mask.png 251654 739 1008 267
str19_mask.png 252555 740 1016 260
str19_mask.png 253588 741 1461 282
str19_mask.png 253954 742 1452 290
str19_mask.png 254154 743 1467 273
str19_mask.png 254304 744 1461 283
str19_mask.png 254438 745 1450 293
str19_mask.png 254888 746 1238 901
str19_mask.png 255971 747 905 378
str19_mask.png 256288 748 906 357
str19_mask.png 256471 749 899 378
str19_mask.png 256971 750 901 382
str19_mask.png 257688 751 903 380
str19_mask.png 258021 752 894 386
#39
str19_mask.png 234995 628 909 402
str19_mask.png 236367 629 868 828
str19_mask.png 238960 630 1045 892
str19_mask.png 239077 631 1083 918
str19_mask.png 239394 632 1463 655
str19_mask.png 239628 633 1212 893
str19_mask.png 239794 634 1415 249
str19_mask.png 240760 636 746 5
str19_mask.png 241710 637 535 822
str19_mask.png 242010 638 1139 844
str19_mask.png 244462 641 918 177
str19_mask.png 244629 642 924 182
#40
str19_mask.png 250783 766 980 782
str19_mask.png 250932 767 976 953
str19_mask.png 251249 768 983 975
str19_mask.png 251749 769 745 977
str19_mask.png 252282 770 949 85
str19_mask.png 252665 771 1220 94
str19_mask.png 253065 772 1457 212
str19_mask.png 253249 773 1374 230
str19_mask.png 253416 774 1493 484
str19_mask.png 254016 775 1442 774
str19_mask.png 254732 776 403 337
str19_mask.png 255019 777 691 129
str19_mask.png 255319 778 726 122
str19_mask.png 255486 779 978 86
str19_mask.png 255652 780 982 79
str19_mask.png 255969 781 1230 90
str19_mask.png 256419 782 1129 129
str19_mask.png 256703 783 1405 243
str19_mask.png 256987 784 1417 259
str19_mask.png 257337 785 368 648
str19_mask.png 257488 786 435 643
str19_mask.png 257738 787 815 896
str19_mask.png 257972 788 552 885
str19_mask.png 258472 789 529 853
str19_mask.png 258805 790 590 860
str19_mask.png 259172 791 1033 969
str19_mask.png 259439 792 1271 966
#41
str19_mask.png 231803 644 880 146
str19_mask.png 231937 645 830 167
str19_mask.png 232203 646 1100 181
str19_mask.png 232487 647 828 178
str19_mask.png 232853 648 1148 207
str19_mask.png 233204 649 1448 322
str19_mask.png 233403 650 1443 306
str19_mask.png 233770 651 1576 560
str19_mask.png 234153 652 1432 783
str19_mask.png 234404 653 1183 908
str19_mask.png 234670 654 853 966
str19_mask.png 235153 655 570 988
str19_mask.png 235319 656 715 958
str19_mask.png 235636 657 405 864
str19_mask.png 236020 658 274 651
str19_mask.png 236503 659 320 418
str19_mask.png 236769 660 622 240
str19_mask.png 237353 661 930 208
str19_mask.png 239919 662 945 193
str19_mask.png 241253 663 1254 221
#42
str19_mask.png 255932 804 981 964
str19_mask.png 256182 805 725 939
str19_mask.png 256499 806 969 922
str19_mask.png 256716 807 1206 892
str19_mask.png 256999 808 1047 7
str19_mask.png 257199 809 885 34
str19_mask.png 257466 810 611 65
str19_mask.png 257798 811 408 598
str19_mask.png 258115 812 522 840
str19_mask.png 258565 813 419 327
str19_mask.png 258798 814 437 276
str19_mask.png 259115 815 671 66
str19_mask.png 260015 816 680 59
str19_mask.png 260265 817 921 30
str19_mask.png 260648 819 933 17
str19_mask.png 260765 820 1158 30
str19_mask.png 261115 821 1217 9
str19_mask.png 261382 822 1411 168
str19_mask.png 261516 823 1391 162
str19_mask.png 261649 824 1404 193
str19_mask.png 261932 825 1530 424
str19_mask.png 262249 826 1510 457
str19_mask.png 262599 827 1415 717
str19_mask.png 262999 828 1425 728
str19_mask.png 263749 829 1231 888
str19_mask.png 264315 830 983 912
str19_mask.png 264599 831 953 928
str19_mask.png 264882 832 986 920
str19_mask.png 265215 833 1218 911
#43
