str15_ctwo.png 353167 1169 902 502
str15_ctwo.png 353367 1170 305 604
str15_ctwo.png 353500 1171 414 612
str15_ctwo.png 353650 1172 374 554
str15_ctwo.png 353933 1173 1553 562
str15_ctwo.png 354017 1174 1428 587
str15_ctwo.png 354184 1175 1393 580
str15_ctwo.png 354468 1176 1501 616
str15_ctwo.png 354785 1177 1481 606
str15_ctwo.png 355101 1178 416 564
str15_ctwo.png 355801 1179 987 667
str15_ctwo.png 356051 1180 928 558
str15_ctwo.png 357018 1181 951 572
str15_ctwo.png 357185 1182 938 566
#1
str15_ctwo.png 423562 1453 461 486
str15_ctwo.png 423795 1454 398 544
str15_ctwo.png 424196 1455 441 572
str15_ctwo.png 424362 1456 403 459
str15_ctwo.png 424796 1457 490 494
str15_ctwo.png 424979 1458 493 479
str15_ctwo.png 425129 1459 1397 534
str15_ctwo.png 425280 1460 1336 550
str15_ctwo.png 425530 1461 1437 557
str15_ctwo.png 425946 1462 1336 538
str15_ctwo.png 426396 1463 1352 522
str15_ctwo.png 426646 1464 1506 544
str15_ctwo.png 427029 1465 1508 514
str15_ctwo.png 427479 1466 480 532
str15_ctwo.png 427746 1467 403 542
str15_ctwo.png 427996 1468 410 519
#2
str15_ctwo.png 349100 964 1400 454
str15_ctwo.png 349400 965 484 450
str15_ctwo.png 349716 966 454 468
str15_ctwo.png 350150 967 448 431
str15_ctwo.png 350617 968 483 475
str15_ctwo.png 351170 969 1379 439
str15_ctwo.png 351357 970 1093 774
str15_ctwo.png 352023 971 1410 466
str15_ctwo.png 353039 972 1323 427
str15_ctwo.png 353257 973 1370 469
#3
str15_ctwo.png 389114 1267 926 451
str15_ctwo.png 389447 1268 495 447
str15_ctwo.png 389613 1269 486 467
str15_ctwo.png 389763 1270 467 494
str15_ctwo.png 390147 1271 1508 477
str15_ctwo.png 390264 1272 1436 499
str15_ctwo.png 390547 1273 1501 509
str15_ctwo.png 390897 1274 1490 525
str15_ctwo.png 391114 1275 1569 423
str15_ctwo.png 391281 1276 1546 427
str15_ctwo.png 391381 1277 1551 447
str15_ctwo.png 391514 1278 1378 489
str15_ctwo.png 391997 1279 431 444
str15_ctwo.png 392214 1280 525 498
str15_ctwo.png 392547 1281 1442 493
str15_ctwo.png 392731 1282 1424 512
str15_ctwo.png 392866 1283 1369 482
str15_ctwo.png 393415 1284 466 468
str15_ctwo.png 393665 1285 1415 473
str15_ctwo.png 393899 1286 1542 474
#4
str15_ctwo.png 391356 1020 1155 418
str15_ctwo.png 391556 1021 1447 516
str15_ctwo.png 392223 1022 467 515
str15_ctwo.png 392924 1023 432 462
str15_ctwo.png 393157 1024 1535 534
str15_ctwo.png 393807 1025 1365 542
str15_ctwo.png 393991 1026 1373 542
str15_ctwo.png 394207 1027 1527 523
str15_ctwo.png 394457 1028 434 503
str15_ctwo.png 394640 1029 478 530
str15_ctwo.png 394957 1030 508 565
str15_ctwo.png 395240 1031 546 559
str15_ctwo.png 395440 1032 434 469
str15_ctwo.png 395657 1033 453 449
str15_ctwo.png 395990 1034 1490 544
#5
str15_ctwo.png 380764 985 840 341
str15_ctwo.png 381294 986 525 401
str15_ctwo.png 381877 987 815 586
str15_ctwo.png 382111 988 565 526
str15_ctwo.png 382511 989 529 567
str15_ctwo.png 383061 990 571 387
str15_ctwo.png 383561 991 499 461
str15_ctwo.png 384211 992 635 394
str15_ctwo.png 384344 993 1676 502
str15_ctwo.png 384478 994 1482 505
str15_ctwo.png 384645 995 1406 463
str15_ctwo.png 384911 996 1485 479
str15_ctwo.png 385111 997 1386 449
str15_ctwo.png 385411 998 1505 476
#6
str15_ctwo.png 427575 1055 974 568
str15_ctwo.png 427876 1056 398 508
str15_ctwo.png 428509 1057 361 508
str15_ctwo.png 428775 1058 1442 505
str15_ctwo.png 429042 1059 1429 516
str15_ctwo.png 429275 1060 1513 567
str15_ctwo.png 429659 1061 1512 579
str15_ctwo.png 430459 1062 1498 554
str15_ctwo.png 430709 1063 1477 586
str15_ctwo.png 430859 1064 1483 573
str15_ctwo.png 431075 1065 1483 567
str15_ctwo.png 431525 1066 1494 550
str15_ctwo.png 432125 1067 1480 548
#7
str15_ctwo.png 322547 779 487 513
str15_ctwo.png 322761 780 453 500
str15_ctwo.png 323045 781 432 475
str15_ctwo.png 323262 782 521 512
str15_ctwo.png 323645 783 430 457
str15_ctwo.png 323878 784 468 544
str15_ctwo.png 324178 785 483 623
str15_ctwo.png 324645 786 481 601
str15_ctwo.png 324778 787 440 475
str15_ctwo.png 325062 788 440 500
str15_ctwo.png 325198 789 427 419
str15_ctwo.png 325515 790 499 532
str15_ctwo.png 325948 791 1421 542
str15_ctwo.png 326250 792 442 528
str15_ctwo.png 326783 793 398 444
str15_ctwo.png 326966 794 1402 503
#8
str15_ctwo.png 390883 1176 927 417
str15_ctwo.png 391300 1177 336 481
str15_ctwo.png 391433 1178 348 499
str15_ctwo.png 391583 1179 352 510
str15_ctwo.png 391750 1180 331 474
str15_ctwo.png 393183 1181 441 441
str15_ctwo.png 393400 1182 1400 536
str15_ctwo.png 394148 1183 1406 526
str15_ctwo.png 394400 1184 1410 504
str15_ctwo.png 394916 1185 1407 503
str15_ctwo.png 395216 1186 389 496
str15_ctwo.png 395683 1187 352 474
#9
str15_ctwo.png 374635 802 445 480
str15_ctwo.png 374752 803 492 486
str15_ctwo.png 376685 804 1330 530
str15_ctwo.png 376868 805 1447 541
str15_ctwo.png 376985 806 1419 549
str15_ctwo.png 377369 807 503 565
str15_ctwo.png 377602 808 438 531
str15_ctwo.png 377735 809 461 525
str15_ctwo.png 378568 810 444 493
#10
str15_ctwo.png 346893 1057 979 539
str15_ctwo.png 347128 1058 510 614
str15_ctwo.png 347260 1059 564 580
str15_ctwo.png 347836 1060 1460 647
str15_ctwo.png 348042 1061 1382 613
str15_ctwo.png 348143 1062 1383 580
str15_ctwo.png 348510 1063 917 685
str15_ctwo.png 349213 1065 1272 637
str15_ctwo.png 350196 1066 507 515
str15_ctwo.png 350615 1067 483 579
str15_ctwo.png 350915 1068 1560 558
str15_ctwo.png 351049 1069 1446 559
str15_ctwo.png 351382 1070 1491 578
str15_ctwo.png 351716 1071 1001 541
#11
str15_ctwo.png 389420 1107 456 433
str15_ctwo.png 389687 1108 402 444
str15_ctwo.png 389803 1109 414 426
str15_ctwo.png 390070 1110 421 363
str15_ctwo.png 390653 1111 500 429
str15_ctwo.png 390837 1112 523 434
str15_ctwo.png 391637 1113 468 486
str15_ctwo.png 392003 1114 474 562
str15_ctwo.png 392253 1115 465 557
str15_ctwo.png 392570 1116 1479 483
str15_ctwo.png 392837 1117 1391 495
str15_ctwo.png 393087 1118 1523 480
str15_ctwo.png 393404 1119 1560 520
str15_ctwo.png 393890 1120 1582 508
str15_ctwo.png 394079 1121 1547 527
#12
str15_ctwo.png 423612 1221 1180 393
str15_ctwo.png 423863 1222 1027 458
str15_ctwo.png 423979 1223 472 489
str15_ctwo.png 424430 1224 1367 504
str15_ctwo.png 424813 1225 448 480
str15_ctwo.png 424915 1226 493 484
str15_ctwo.png 425048 1227 417 443
str15_ctwo.png 425515 1228 647 434
str15_ctwo.png 425940 1229 1298 463
str15_ctwo.png 426576 1231 485 423
str15_ctwo.png 426727 1232 563 421
str15_ctwo.png 427178 1233 1330 410
str15_ctwo.png 427328 1234 1263 401
str15_ctwo.png 427512 1235 1255 394
str15_ctwo.png 427746 1236 846 410
str15_ctwo.png 427998 1237 517 429
str15_ctwo.png 428166 1238 486 449
#13
str15_ctwo.png 368338 983 504 471
str15_ctwo.png 368504 984 459 486
str15_ctwo.png 369154 985 435 535
str15_ctwo.png 369638 986 1387 520
str15_ctwo.png 369788 987 1361 512
str15_ctwo.png 370005 988 1421 534
str15_ctwo.png 370522 989 1352 529
str15_ctwo.png 370888 990 433 508
str15_ctwo.png 370971 991 471 510
str15_ctwo.png 371988 992 405 516
str15_ctwo.png 372271 993 456 618
str15_ctwo.png 372904 994 424 440
#14
str15_ctwo.png 485413 1352 926 400
str15_ctwo.png 485729 1353 512 411
str15_ctwo.png 486196 1354 420 368
str15_ctwo.png 486702 1355 448 397
str15_ctwo.png 486936 1356 451 372
str15_ctwo.png 487503 1357 466 359
str15_ctwo.png 487787 1358 461 386
str15_ctwo.png 488070 1359 459 445
str15_ctwo.png 488654 1360 1497 447
str15_ctwo.png 488838 1361 1403 447
str15_ctwo.png 489737 1362 1516 452
#15
str15_ctwo.png 356704 1182 937 515
str15_ctwo.png 356987 1183 388 570
str15_ctwo.png 357137 1184 450 578
str15_ctwo.png 357720 1185 442 585
str15_ctwo.png 357987 1186 474 552
str15_ctwo.png 358687 1187 497 542
str15_ctwo.png 358871 1188 1462 566
str15_ctwo.png 359038 1189 1368 570
str15_ctwo.png 359521 1190 445 533
str15_ctwo.png 359621 1191 389 554
str15_ctwo.png 359871 1192 1410 578
str15_ctwo.png 359955 1193 1367 572
str15_ctwo.png 360372 1194 1455 594
str15_ctwo.png 360822 1195 434 583
str15_ctwo.png 360906 1196 390 590
str15_ctwo.png 361122 1197 452 592
str15_ctwo.png 361289 1198 421 527
str15_ctwo.png 361685 1199 459 554
#16
str15_ctwo.png 373296 1041 453 532
str15_ctwo.png 373480 1042 444 532
str15_ctwo.png 373913 1043 453 524
str15_ctwo.png 374296 1044 1525 600
str15_ctwo.png 374447 1045 1413 487
str15_ctwo.png 374931 1046 1415 466
str15_ctwo.png 375231 1047 1415 477
str15_ctwo.png 375914 1048 1412 487
str15_ctwo.png 376596 1049 219 588
str15_ctwo.png 376896 1050 295 474
str15_ctwo.png 377513 1051 268 516
str15_ctwo.png 377746 1052 409 454
#17
str15_ctwo.png 423945 1179 938 381
str15_ctwo.png 424112 1180 931 391
str15_ctwo.png 424378 1181 500 445
str15_ctwo.png 424595 1182 1497 502
str15_ctwo.png 424712 1183 1357 509
str15_ctwo.png 424945 1184 906 455
str15_ctwo.png 425446 1185 1496 545
str15_ctwo.png 425984 1186 1486 564
str15_ctwo.png 426201 1187 1510 573
str15_ctwo.png 426634 1188 1447 543
str15_ctwo.png 427284 1189 1392 530
str15_ctwo.png 427651 1190 1016 483
str15_ctwo.png 428317 1191 335 479
str15_ctwo.png 428719 1192 537 489
#18
str15_ctwo.png 352961 1052 474 514
str15_ctwo.png 353645 1053 1380 507
str15_ctwo.png 353928 1054 1431 524
str15_ctwo.png 354594 1055 1383 535
str15_ctwo.png 355211 1056 1456 534
str15_ctwo.png 355411 1057 1440 537
str15_ctwo.png 355694 1058 550 535
str15_ctwo.png 355894 1059 478 542
str15_ctwo.png 356544 1060 440 517
str15_ctwo.png 357144 1061 491 543
str15_ctwo.png 357510 1062 456 569
#19
str15_ctwo.png 335920 1176 959 487
str15_ctwo.png 336137 1177 478 497
str15_ctwo.png 336286 1178 500 517
str15_ctwo.png 336604 1179 1427 550
str15_ctwo.png 336905 1180 1463 570
str15_ctwo.png 337205 1181 1350 542
str15_ctwo.png 337638 1182 447 510
str15_ctwo.png 337938 1183 422 544
str15_ctwo.png 338339 1184 488 640
str15_ctwo.png 338705 1185 491 594
str15_ctwo.png 339322 1186 478 508
str15_ctwo.png 339589 1187 1431 545
str15_ctwo.png 339989 1188 1347 540
str15_ctwo.png 340356 1189 1420 564
#20
str15_ctwo.png 334846 1039 465 504
str15_ctwo.png 335313 1040 1426 561
str15_ctwo.png 335763 1041 1501 574
str15_ctwo.png 336030 1042 1367 551
str15_ctwo.png 336247 1043 472 541
str15_ctwo.png 336530 1044 424 485
str15_ctwo.png 336913 1045 422 562
str15_ctwo.png 337229 1046 472 642
str15_ctwo.png 337529 1047 499 551
str15_ctwo.png 338029 1048 480 658
str15_ctwo.png 338162 1049 506 764
str15_ctwo.png 338346 1050 452 564
str15_ctwo.png 338596 1051 425 457
str15_ctwo.png 339112 1052 1421 547
str15_ctwo.png 339429 1053 1512 556
str15_ctwo.png 339513 1054 1491 564
str15_ctwo.png 339647 1055 1348 558
#21
str15_ctwo.png 347290 1069 899 508
str15_ctwo.png 347990 1070 379 474
str15_ctwo.png 348123 1071 431 478
str15_ctwo.png 348356 1072 411 470
str15_ctwo.png 348656 1073 441 578
str15_ctwo.png 349173 1074 398 460
str15_ctwo.png 349506 1075 438 475
str15_ctwo.png 349906 1076 1425 522
str15_ctwo.png 350007 1077 1368 528
str15_ctwo.png 350390 1078 1483 564
str15_ctwo.png 350907 1079 1405 535
str15_ctwo.png 351206 1080 1487 543
str15_ctwo.png 351690 1081 1382 511
str15_ctwo.png 352123 1082 1454 510
#22
str15_ctwo.png 325767 999 1025 410
str15_ctwo.png 326007 1000 594 491
str15_ctwo.png 326257 1001 458 475
str15_ctwo.png 326440 1002 438 503
str15_ctwo.png 326824 1003 1405 569
str15_ctwo.png 327815 1004 1486 588
str15_ctwo.png 328198 1005 1378 488
str15_ctwo.png 328348 1006 1376 526
str15_ctwo.png 329582 1007 1329 500
str15_ctwo.png 329915 1008 511 476
str15_ctwo.png 330582 1009 444 478
str15_ctwo.png 330749 1010 474 502
#23
str15_ctwo.png 413378 1337 1063 584
str15_ctwo.png 413637 1338 1460 555
str15_ctwo.png 413802 1339 1428 542
str15_ctwo.png 413981 1340 1483 560
str15_ctwo.png 414381 1341 388 520
str15_ctwo.png 414597 1342 420 510
str15_ctwo.png 414763 1343 1512 529
str15_ctwo.png 415081 1344 1464 540
str15_ctwo.png 415281 1345 1371 524
str15_ctwo.png 415581 1346 1352 488
str15_ctwo.png 415697 1347 1486 543
str15_ctwo.png 415997 1348 1512 550
str15_ctwo.png 416230 1349 1547 534
str15_ctwo.png 416697 1350 468 566
str15_ctwo.png 416997 1351 417 521
str15_ctwo.png 417197 1352 411 460
str15_ctwo.png 417613 1353 458 560
str15_ctwo.png 417813 1354 492 607
str15_ctwo.png 418063 1355 505 516
#24
str15_ctwo.png 321797 959 1387 470
str15_ctwo.png 322381 960 430 454
str15_ctwo.png 322785 961 502 445
str15_ctwo.png 323255 962 437 481
str15_ctwo.png 323421 963 419 445
str15_ctwo.png 323638 964 474 513
str15_ctwo.png 323871 965 1483 490
str15_ctwo.png 324072 966 1440 473
str15_ctwo.png 324239 967 1482 494
str15_ctwo.png 324522 968 1484 512
str15_ctwo.png 324822 969 1387 493
str15_ctwo.png 325172 970 1363 497
str15_ctwo.png 325655 971 1465 507
str15_ctwo.png 325889 972 1382 484
str15_ctwo.png 326505 973 459 495
#25
str15_ctwo.png 348938 1043 938 569
str15_ctwo.png 349188 1044 959 531
str15_ctwo.png 349388 1045 908 545
str15_ctwo.png 349671 1046 920 504
str15_ctwo.png 349955 1047 947 472
str15_ctwo.png 350288 1048 970 469
str15_ctwo.png 350638 1049 955 375
str15_ctwo.png 350872 1050 982 388
str15_ctwo.png 351105 1051 986 417
str15_ctwo.png 351205 1052 964 455
str15_ctwo.png 351340 1053 942 509
str15_ctwo.png 351748 1054 979 510
str15_ctwo.png 351981 1055 962 524
str15_ctwo.png 352298 1056 966 455
str15_ctwo.png 352782 1057 972 468
str15_ctwo.png 353346 1058 933 488
str15_ctwo.png 353439 1059 991 426
str15_ctwo.png 353645 1060 834 515
#26
str15_ctwo.png 397335 1259 436 498
str15_ctwo.png 397468 1260 491 525
str15_ctwo.png 397768 1261 380 616
str15_ctwo.png 397952 1262 388 620
str15_ctwo.png 398085 1263 461 567
str15_ctwo.png 398335 1264 1404 544
str15_ctwo.png 398635 1265 1488 540
str15_ctwo.png 398769 1266 1427 587
str15_ctwo.png 398852 1267 1477 582
str15_ctwo.png 399519 1268 1342 579
str15_ctwo.png 400844 1269 413 578
str15_ctwo.png 401011 1270 375 525
str15_ctwo.png 401311 1271 427 484
str15_ctwo.png 401561 1272 477 523
str15_ctwo.png 401745 1273 480 527
str15_ctwo.png 402045 1274 1429 507
str15_ctwo.png 402145 1275 1369 545
#27
str15_ctwo.png 340013 1065 905 473
str15_ctwo.png 340163 1066 904 474
str15_ctwo.png 340629 1067 493 454
str15_ctwo.png 340812 1068 483 412
str15_ctwo.png 341446 1069 1350 529
str15_ctwo.png 341830 1070 1428 546
str15_ctwo.png 341946 1071 1455 556
str15_ctwo.png 342363 1072 1335 549
str15_ctwo.png 343382 1073 1350 583
str15_ctwo.png 343882 1074 1457 575
str15_ctwo.png 345023 1075 1419 557
#28
str15_ctwo.png 456067 1357 878 474
str15_ctwo.png 456463 1358 467 472
str15_ctwo.png 456830 1359 434 461
str15_ctwo.png 457097 1360 1441 529
str15_ctwo.png 457447 1361 1410 525
str15_ctwo.png 457647 1362 1401 536
str15_ctwo.png 458148 1363 1439 508
str15_ctwo.png 458383 1364 1404 528
str15_ctwo.png 459367 1366 1418 538
str15_ctwo.png 459567 1367 1420 538
str15_ctwo.png 459750 1368 1371 538
str15_ctwo.png 460350 1369 427 455
#29
str15_ctwo.png 387624 1149 1408 533
str15_ctwo.png 387874 1150 1341 553
str15_ctwo.png 388141 1151 1472 568
str15_ctwo.png 388957 1152 1516 550
str15_ctwo.png 389491 1153 281 522
str15_ctwo.png 389640 1154 454 531
str15_ctwo.png 389940 1155 429 482
str15_ctwo.png 390190 1156 400 542
str15_ctwo.png 390590 1157 485 539
str15_ctwo.png 391173 1158 430 502
str15_ctwo.png 392040 1159 403 477
str15_ctwo.png 392306 1160 462 581
#30
str15_ctwo.png 371645 1197 1410 540
str15_ctwo.png 371912 1198 1462 561
str15_ctwo.png 372212 1199 1501 572
str15_ctwo.png 372545 1200 434 523
str15_ctwo.png 372662 1201 452 536
str15_ctwo.png 372829 1202 498 548
str15_ctwo.png 373262 1203 450 603
str15_ctwo.png 373745 1204 439 498
str15_ctwo.png 374012 1205 1394 576
str15_ctwo.png 374162 1206 1372 562
str15_ctwo.png 374379 1207 1471 564
str15_ctwo.png 374962 1208 1359 562
str15_ctwo.png 375646 1209 971 537
str15_ctwo.png 375946 1210 448 533
str15_ctwo.png 376295 1211 526 550
#31
str15_ctwo.png 366646 1169 456 461
str15_ctwo.png 366912 1170 1419 496
str15_ctwo.png 367546 1172 906 505
str15_ctwo.png 367748 1173 468 491
str15_ctwo.png 368148 1174 432 462
str15_ctwo.png 368814 1175 493 475
str15_ctwo.png 369081 1176 1514 489
str15_ctwo.png 369182 1177 1455 491
str15_ctwo.png 369665 1178 457 483
str15_ctwo.png 369864 1179 420 497
str15_ctwo.png 370265 1180 438 471
str15_ctwo.png 370715 1181 1409 485
str15_ctwo.png 370882 1182 1383 477
str15_ctwo.png 371183 1183 1381 500
#32
str15_ctwo.png 369422 1233 487 474
str15_ctwo.png 369607 1234 452 507
str15_ctwo.png 369858 1235 489 486
str15_ctwo.png 370126 1236 1419 495
str15_ctwo.png 370311 1237 1390 468
str15_ctwo.png 370595 1238 506 486
str15_ctwo.png 370949 1239 481 489
str15_ctwo.png 371368 1240 511 528
str15_ctwo.png 371735 1241 475 469
str15_ctwo.png 372051 1242 1450 508
str15_ctwo.png 372151 1243 1429 472
str15_ctwo.png 372285 1244 1379 512
str15_ctwo.png 372637 1245 423 499
str15_ctwo.png 372736 1246 469 507
str15_ctwo.png 373039 1247 1438 561
str15_ctwo.png 373173 1248 1463 521
str15_ctwo.png 373791 1249 462 519
#33
str15_ctwo.png 448850 1142 1154 770
str15_ctwo.png 449434 1143 1355 799
str15_ctwo.png 449784 1144 1360 847
str15_ctwo.png 450034 1145 809 819
str15_ctwo.png 450367 1146 839 813
str15_ctwo.png 450734 1147 428 468
str15_ctwo.png 450967 1148 440 478
str15_ctwo.png 451167 1149 416 475
str15_ctwo.png 451417 1150 411 535
str15_ctwo.png 451767 1151 1431 472
str15_ctwo.png 452151 1152 1480 497
str15_ctwo.png 452651 1153 1532 490
str15_ctwo.png 453134 1154 1361 450
str15_ctwo.png 453317 1155 1462 479
#34
str15_ctwo.png 354652 1010 999 542
str15_ctwo.png 354720 1011 993 561
str15_ctwo.png 355036 1012 1492 497
str15_ctwo.png 355153 1013 1452 505
str15_ctwo.png 355687 1014 1475 512
str15_ctwo.png 355804 1015 1433 534
str15_ctwo.png 356588 1016 492 501
str15_ctwo.png 357222 1017 555 531
str15_ctwo.png 357672 1018 1396 522
str15_ctwo.png 358022 1019 1397 544
str15_ctwo.png 358222 1020 1363 554
str15_ctwo.png 358522 1021 803 540
str15_ctwo.png 359005 1022 510 559
#35
str15_ctwo.png 360383 1171 502 491
str15_ctwo.png 360600 1172 411 466
str15_ctwo.png 360933 1173 1375 516
str15_ctwo.png 361067 1174 1333 529
str15_ctwo.png 361450 1175 1443 522
str15_ctwo.png 361618 1176 1468 554
str15_ctwo.png 362201 1177 369 495
str15_ctwo.png 362434 1178 450 477
str15_ctwo.png 362801 1179 401 462
str15_ctwo.png 363284 1180 484 493
str15_ctwo.png 364367 1181 407 466
#36
str15_ctwo.png 389478 1184 448 466
str15_ctwo.png 389834 1185 1477 468
str15_ctwo.png 390234 1186 1466 494
str15_ctwo.png 390450 1187 1484 478
str15_ctwo.png 390684 1188 480 517
str15_ctwo.png 390817 1189 469 471
str15_ctwo.png 391334 1190 560 450
str15_ctwo.png 391584 1191 1436 461
str15_ctwo.png 392034 1192 515 535
str15_ctwo.png 392484 1193 516 532
str15_ctwo.png 392600 1194 1106 455
str15_ctwo.png 393051 1195 1563 487
str15_ctwo.png 393401 1196 1555 496
str15_ctwo.png 393568 1197 1074 476
str15_ctwo.png 393718 1198 513 457
#37
str15_ctwo.png 357767 1138 1446 465
str15_ctwo.png 358351 1139 388 431
str15_ctwo.png 358667 1140 449 552
str15_ctwo.png 359201 1141 1402 463
str15_ctwo.png 359385 1142 1394 471
str15_ctwo.png 359568 1143 1386 472
str15_ctwo.png 359868 1144 443 476
str15_ctwo.png 360018 1145 457 457
str15_ctwo.png 360152 1146 401 492
str15_ctwo.png 360468 1147 452 592
str15_ctwo.png 361185 1148 1286 566
str15_ctwo.png 361535 1149 548 445
#38
str15_ctwo.png 357678 967 1355 580
str15_ctwo.png 357811 968 1461 532
str15_ctwo.png 357978 969 1451 542
str15_ctwo.png 359044 970 594 498
str15_ctwo.png 359828 971 598 499
str15_ctwo.png 359944 972 593 513
str15_ctwo.png 360344 973 598 507
str15_ctwo.png 360861 974 596 508
str15_ctwo.png 361061 975 593 499
str15_ctwo.png 361594 976 602 497
#39
str15_ctwo.png 329666 845 437 457
str15_ctwo.png 330217 846 1440 450
str15_ctwo.png 330350 847 1490 501
str15_ctwo.png 330817 848 1356 445
str15_ctwo.png 331700 849 446 415
str15_ctwo.png 331850 850 560 421
str15_ctwo.png 332100 851 559 449
str15_ctwo.png 332333 852 495 444
str15_ctwo.png 332666 853 948 388
str15_ctwo.png 332966 854 925 406
str15_ctwo.png 333349 855 942 377
str15_ctwo.png 333449 856 958 365
str15_ctwo.png 333549 857 935 380
str15_ctwo.png 333749 858 943 375
str15_ctwo.png 333983 859 886 355
str15_ctwo.png 334383 860 967 367
#40
str15_ctwo.png 363929 1061 943 393
str15_ctwo.png 364394 1062 480 462
str15_ctwo.png 365361 1063 1449 505
str15_ctwo.png 365511 1064 1371 475
str15_ctwo.png 366378 1065 1407 470
str15_ctwo.png 366944 1066 465 474
str15_ctwo.png 367128 1067 519 482
str15_ctwo.png 367428 1068 466 462
str15_ctwo.png 368162 1069 1430 487
#41
str15_ctwo.png 331104 882 390 541
str15_ctwo.png 332471 883 1594 573
str15_ctwo.png 332605 884 1412 567
str15_ctwo.png 332921 885 1395 588
str15_ctwo.png 335388 886 1380 594
#42
str15_ctwo.png 360780 1145 432 478
str15_ctwo.png 361113 1146 430 422
str15_ctwo.png 361613 1147 1359 473
str15_ctwo.png 361846 1148 1471 487
str15_ctwo.png 362196 1149 456 400
str15_ctwo.png 362396 1150 390 433
str15_ctwo.png 362846 1151 476 474
str15_ctwo.png 363029 1152 461 564
str15_ctwo.png 363363 1153 408 398
str15_ctwo.png 364113 1154 464 473
str15_ctwo.png 364379 1155 450 563
str15_ctwo.png 364662 1156 453 596
str15_ctwo.png 365379 1157 430 444
#43
