str18_mask.png 240595 820 964 595
str18_mask.png 240878 821 1001 175
str18_mask.png 241383 822 1219 205
str18_mask.png 241550 823 1445 362
str18_mask.png 241983 824 1448 651
str18_mask.png 242267 825 1505 640
str18_mask.png 242483 826 1341 794
str18_mask.png 242717 827 1327 806
str18_mask.png 242933 828 1140 843
str18_mask.png 243083 829 1059 878
str18_mask.png 243484 830 1160 316
str18_mask.png 243600 831 1210 203
str18_mask.png 244000 832 1484 376
str18_mask.png 244283 833 1450 683
str18_mask.png 244633 834 1305 801
str18_mask.png 244783 835 1334 796
str18_mask.png 245117 836 1031 903
str18_mask.png 245250 837 1069 884
str18_mask.png 245433 838 1034 904
str18_mask.png 245733 839 1042 874
str18_mask.png 246083 840 738 919
str18_mask.png 246233 841 839 924
str18_mask.png 246366 842 646 857
str18_mask.png 246483 843 586 834
str18_mask.png 246733 844 423 711
str18_mask.png 247066 845 383 455
str18_mask.png 247499 846 510 260
str18_mask.png 247733 847 511 786
str18_mask.png 247899 848 432 685
str18_mask.png 248233 849 592 844
str18_mask.png 248766 850 575 214
str18_mask.png 249034 851 743 177
str18_mask.png 249400 852 968 220
str18_mask.png 249634 853 1277 160
str18_mask.png 249801 854 1232 220
str18_mask.png 250168 855 924 558
#1
str18_mask.png 286410 973 920 445
str18_mask.png 286626 974 890 89
str18_mask.png 286926 975 1194 143
str18_mask.png 287293 976 1428 332
str18_mask.png 287710 977 1450 542
str18_mask.png 287960 978 1414 626
str18_mask.png 288360 979 1307 811
str18_mask.png 288610 980 1017 924
str18_mask.png 289060 981 1050 939
str18_mask.png 289360 982 1054 906
str18_mask.png 289577 983 794 978
str18_mask.png 289810 984 808 994
str18_mask.png 290076 985 530 881
str18_mask.png 290410 986 558 842
str18_mask.png 290676 987 569 863
str18_mask.png 290776 988 559 844
str18_mask.png 291226 989 374 677
str18_mask.png 291359 990 419 666
str18_mask.png 291542 991 411 698
str18_mask.png 292176 992 404 427
str18_mask.png 292892 993 501 244
str18_mask.png 293192 994 535 249
str18_mask.png 293459 995 544 196
str18_mask.png 293926 996 752 138
str18_mask.png 294209 997 757 121
str18_mask.png 294426 998 957 139
str18_mask.png 294742 999 979 123
str18_mask.png 295092 1000 1001 132
str18_mask.png 295359 1001 989 115
str18_mask.png 295559 1002 1015 78
str18_mask.png 295826 1003 971 141
str18_mask.png 296276 1004 1283 104
#2
str18_mask.png 222502 648 1012 175
str18_mask.png 222718 649 1136 68
str18_mask.png 222885 650 742 41
str18_mask.png 223001 651 740 53
str18_mask.png 223185 652 925 60
str18_mask.png 223418 653 1329 159
str18_mask.png 223585 654 1415 472
str18_mask.png 224201 655 843 892
str18_mask.png 224351 656 569 803
str18_mask.png 224551 657 578 824
str18_mask.png 224868 658 469 602
str18_mask.png 225151 659 431 364
str18_mask.png 225267 660 437 384
str18_mask.png 225484 661 560 122
str18_mask.png 225718 662 561 135
str18_mask.png 225968 663 535 153
str18_mask.png 226251 664 738 71
str18_mask.png 226484 665 964 68
str18_mask.png 226751 666 1216 89
str18_mask.png 228268 667 816 876
str18_mask.png 228634 668 1411 579
str18_mask.png 229485 669 1197 91
str18_mask.png 229751 670 1401 273
str18_mask.png 229918 671 1398 260
str18_mask.png 230634 672 655 851
str18_mask.png 231076 673 836 896
str18_mask.png 231398 674 758 794
str18_mask.png 231548 675 781 814
str18_mask.png 231681 676 793 805
#3
str18_mask.png 271263 880 1222 15
str18_mask.png 271670 881 1457 279
str18_mask.png 271805 882 1461 304
str18_mask.png 271955 883 1472 565
str18_mask.png 272288 884 1285 821
str18_mask.png 272406 885 1088 852
str18_mask.png 272623 886 768 853
str18_mask.png 272989 887 471 384
str18_mask.png 273273 888 1067 112
str18_mask.png 273740 889 1546 501
str18_mask.png 273857 890 1557 475
str18_mask.png 274024 891 1494 539
str18_mask.png 274274 892 1057 155
str18_mask.png 274656 893 666 140
str18_mask.png 275307 894 1587 418
str18_mask.png 275441 895 1476 459
str18_mask.png 275674 896 689 140
str18_mask.png 275974 897 789 51
str18_mask.png 276724 898 455 417
str18_mask.png 276874 899 428 374
str18_mask.png 277091 900 563 713
str18_mask.png 277259 901 1077 893
str18_mask.png 277643 902 1503 541
str18_mask.png 277809 903 1485 310
str18_mask.png 278042 904 1250 148
str18_mask.png 278242 905 1233 76
str18_mask.png 278676 906 1211 927
str18_mask.png 278842 907 1102 856
str18_mask.png 279500 908 938 477
str18_mask.png 279585 909 913 495
str18_mask.png 279670 910 939 469
str18_mask.png 280054 911 917 448
str18_mask.png 280423 912 910 429
str18_mask.png 280640 913 810 48
#4
str18_mask.png 263848 684 1245 112
str18_mask.png 263981 685 1235 140
str18_mask.png 264148 686 1421 603
str18_mask.png 264464 687 1113 892
str18_mask.png 264748 688 856 956
str18_mask.png 264998 689 613 865
str18_mask.png 265464 690 549 988
str18_mask.png 265714 691 427 433
str18_mask.png 265930 692 591 196
str18_mask.png 266097 693 576 211
str18_mask.png 266480 694 938 157
str18_mask.png 266948 695 1412 312
str18_mask.png 267281 696 1156 885
str18_mask.png 267464 697 1289 842
str18_mask.png 268014 698 911 153
str18_mask.png 268264 699 723 197
str18_mask.png 268597 700 548 219
str18_mask.png 268747 701 426 386
str18_mask.png 269014 702 752 127
str18_mask.png 269631 703 742 145
str18_mask.png 269764 704 434 397
str18_mask.png 269881 705 434 386
str18_mask.png 270114 706 901 925
str18_mask.png 270397 707 1071 951
str18_mask.png 270814 708 1093 955
str18_mask.png 271014 709 832 947
str18_mask.png 271297 710 616 886
str18_mask.png 272114 711 774 147
str18_mask.png 272497 712 1057 127
str18_mask.png 272847 713 1305 129
#5
str18_mask.png 256264 651 705 125
str18_mask.png 256548 652 1166 33
str18_mask.png 256981 653 605 45
str18_mask.png 258483 654 413 127
str18_mask.png 258687 655 433 293
str18_mask.png 258771 656 458 254
str18_mask.png 259022 657 540 203
str18_mask.png 259105 658 559 118
str18_mask.png 259605 659 423 521
str18_mask.png 259971 660 602 769
str18_mask.png 260105 661 660 821
str18_mask.png 260321 662 684 817
str18_mask.png 260671 663 879 934
str18_mask.png 260971 664 1168 913
str18_mask.png 261405 665 1173 919
str18_mask.png 261522 666 1223 911
str18_mask.png 261705 667 1211 881
str18_mask.png 262039 668 1457 601
str18_mask.png 262289 669 1500 535
str18_mask.png 262639 670 1440 550
str18_mask.png 262872 671 1502 401
str18_mask.png 263905 673 1198 57
str18_mask.png 264255 674 1197 86
str18_mask.png 264388 675 1146 81
str18_mask.png 264655 676 1200 68
str18_mask.png 265089 677 1425 218
str18_mask.png 265355 678 1472 237
str18_mask.png 265822 679 674 145
str18_mask.png 265988 680 586 102
#6
str18_mask.png 283022 708 473 142
str18_mask.png 283338 709 423 447
str18_mask.png 283504 710 508 827
str18_mask.png 283921 711 919 954
str18_mask.png 284071 712 1291 836
str18_mask.png 284338 713 1525 662
str18_mask.png 284472 714 1476 630
str18_mask.png 284672 715 1512 626
str18_mask.png 284972 716 1036 890
str18_mask.png 285189 717 1061 905
str18_mask.png 285439 718 540 842
str18_mask.png 285705 719 386 604
str18_mask.png 285789 720 385 633
str18_mask.png 286405 721 1238 141
str18_mask.png 286722 722 1242 159
str18_mask.png 286989 723 1455 253
str18_mask.png 287639 724 1224 151
str18_mask.png 288238 725 947 133
str18_mask.png 288739 726 944 161
str18_mask.png 288855 727 942 143
str18_mask.png 289205 728 1427 322
str18_mask.png 289455 729 1421 327
str18_mask.png 289705 730 1423 347
str18_mask.png 289822 731 1429 350
str18_mask.png 289988 732 1449 559
str18_mask.png 290155 733 1447 651
str18_mask.png 290472 734 1298 812
str18_mask.png 290706 735 1314 799
str18_mask.png 291423 736 1330 816
str18_mask.png 291606 737 1066 900
str18_mask.png 291822 738 1054 945
str18_mask.png 292023 739 576 886
#7
str18_mask.png 210974 475 1036 428
str18_mask.png 211390 476 971 203
str18_mask.png 211524 477 821 128
str18_mask.png 211690 478 680 136
str18_mask.png 211907 479 473 225
str18_mask.png 212124 480 370 425
str18_mask.png 212240 481 408 467
str18_mask.png 212390 482 885 916
str18_mask.png 212523 483 877 931
str18_mask.png 212757 484 1046 914
str18_mask.png 213040 485 1385 523
str18_mask.png 213290 486 1419 234
str18_mask.png 213574 487 1210 135
str18_mask.png 213907 488 1165 121
str18_mask.png 214240 489 1226 134
str18_mask.png 214440 490 847 133
str18_mask.png 214707 491 898 150
str18_mask.png 214990 492 612 542
str18_mask.png 215257 493 476 685
str18_mask.png 215507 494 884 942
str18_mask.png 215757 495 1081 894
str18_mask.png 216090 496 1298 746
str18_mask.png 216457 497 759 271
str18_mask.png 216590 498 947 396
str18_mask.png 217442 499 941 378
str18_mask.png 217580 500 1050 634
str18_mask.png 217847 501 956 489
str18_mask.png 218749 502 991 389
str18_mask.png 219570 503 1006 531
str18_mask.png 219736 504 963 390
str18_mask.png 220720 505 771 497
#8
str18_mask.png 260764 800 897 507
str18_mask.png 260997 801 716 93
str18_mask.png 261230 802 674 108
str18_mask.png 261430 803 450 171
str18_mask.png 261547 804 454 194
str18_mask.png 261780 805 322 398
str18_mask.png 261930 806 333 415
str18_mask.png 262097 807 653 120
str18_mask.png 262247 808 661 97
str18_mask.png 262430 809 956 117
str18_mask.png 262947 810 1228 135
str18_mask.png 263180 811 1192 123
str18_mask.png 263463 812 1223 119
str18_mask.png 263830 813 1222 134
str18_mask.png 264064 814 1469 293
str18_mask.png 264530 815 1460 598
str18_mask.png 265014 816 1298 814
str18_mask.png 265464 817 1455 594
str18_mask.png 265997 818 1465 594
str18_mask.png 266214 819 1436 593
str18_mask.png 266647 820 1349 794
str18_mask.png 266780 821 1345 813
str18_mask.png 267380 823 1309 835
str18_mask.png 267697 824 1324 787
str18_mask.png 268297 825 1049 908
str18_mask.png 269013 826 761 941
str18_mask.png 269363 827 510 859
str18_mask.png 269763 828 574 868
str18_mask.png 269913 829 395 720
str18_mask.png 270247 830 398 684
str18_mask.png 270580 831 358 431
#9
str18_mask.png 247470 578 1132 246
str18_mask.png 247620 579 1184 178
str18_mask.png 247887 580 1391 324
str18_mask.png 248187 581 1419 570
str18_mask.png 248520 582 1054 813
str18_mask.png 248770 583 570 829
str18_mask.png 249120 584 551 453
str18_mask.png 249287 585 639 206
str18_mask.png 249670 586 508 218
str18_mask.png 249820 587 537 201
str18_mask.png 250103 588 718 119
str18_mask.png 250386 589 957 108
str18_mask.png 250753 590 549 233
str18_mask.png 251270 591 434 411
str18_mask.png 251703 592 590 739
str18_mask.png 252020 593 952 876
str18_mask.png 252220 594 1109 875
str18_mask.png 252520 595 1325 789
str18_mask.png 252903 596 1479 600
str18_mask.png 253020 597 1451 608
str18_mask.png 253387 598 1399 303
str18_mask.png 254253 599 1245 181
str18_mask.png 254670 600 1151 150
str18_mask.png 255053 601 933 145
str18_mask.png 256153 602 1399 343
str18_mask.png 256437 603 1427 579
#10
str18_mask.png 227752 713 688 184
str18_mask.png 228086 714 1223 226
str18_mask.png 228237 715 1177 150
str18_mask.png 228337 716 1203 145
str18_mask.png 229080 717 583 191
str18_mask.png 229365 718 468 389
str18_mask.png 230057 719 817 860
str18_mask.png 230330 720 654 889
str18_mask.png 230839 721 903 992
str18_mask.png 231178 722 1106 986
str18_mask.png 232529 723 1314 863
str18_mask.png 233691 724 1285 54
str18_mask.png 233777 725 1245 119
str18_mask.png 233929 726 935 130
str18_mask.png 234285 727 747 153
str18_mask.png 234724 728 801 102
str18_mask.png 235501 729 466 373
str18_mask.png 235803 730 459 426
str18_mask.png 236019 731 520 668
str18_mask.png 236286 732 678 866
str18_mask.png 236553 733 939 937
str18_mask.png 236703 734 1130 921
str18_mask.png 236953 735 1433 814
str18_mask.png 237070 736 1378 802
str18_mask.png 237287 737 1482 676
#11
str18_mask.png 259131 697 945 515
str18_mask.png 259531 698 932 76
str18_mask.png 259865 699 896 65
str18_mask.png 260585 700 921 57
str18_mask.png 260805 701 936 75
str18_mask.png 260955 702 994 41
str18_mask.png 261256 703 893 99
str18_mask.png 261739 704 944 61
str18_mask.png 261872 705 1210 81
str18_mask.png 262156 706 1161 71
str18_mask.png 262305 707 1155 81
str18_mask.png 262489 708 1245 70
str18_mask.png 262839 709 1206 86
str18_mask.png 263239 710 1198 92
str18_mask.png 263755 711 1213 61
str18_mask.png 264055 712 1439 228
str18_mask.png 264372 713 1498 283
str18_mask.png 264689 714 1487 264
str18_mask.png 265091 715 1448 283
str18_mask.png 265457 716 1501 292
str18_mask.png 265790 717 1491 314
str18_mask.png 265957 718 1506 544
str18_mask.png 266257 719 1446 576
str18_mask.png 266557 720 1513 547
str18_mask.png 266891 721 1513 546
str18_mask.png 267007 722 1356 730
str18_mask.png 267257 723 1321 767
str18_mask.png 267507 724 1330 767
str18_mask.png 267940 725 1218 785
str18_mask.png 268340 726 1045 907
str18_mask.png 268607 727 1019 914
str18_mask.png 268690 728 1043 911
str18_mask.png 268907 729 786 966
#12
str18_mask.png 273337 838 1231 191
str18_mask.png 273604 839 1423 318
str18_mask.png 273804 840 1445 581
str18_mask.png 274104 841 466 210
str18_mask.png 274305 842 730 110
str18_mask.png 274706 843 436 466
str18_mask.png 274989 844 633 825
str18_mask.png 275273 845 603 852
str18_mask.png 275473 846 846 931
str18_mask.png 275756 847 1082 888
str18_mask.png 276272 848 507 719
str18_mask.png 276522 849 573 833
str18_mask.png 276772 850 1482 611
str18_mask.png 276890 851 1434 608
str18_mask.png 277073 852 1286 819
str18_mask.png 277290 853 1055 912
str18_mask.png 277640 854 853 948
str18_mask.png 277890 855 1260 797
str18_mask.png 278073 856 1427 606
str18_mask.png 278306 857 1321 797
str18_mask.png 278640 858 1436 267
str18_mask.png 278906 859 1212 131
str18_mask.png 279456 860 1217 107
str18_mask.png 279573 861 687 89
str18_mask.png 279840 862 441 160
str18_mask.png 279956 863 544 202
str18_mask.png 280123 864 439 419
str18_mask.png 280973 865 416 434
str18_mask.png 281339 866 1338 544
str18_mask.png 281507 867 1446 576
str18_mask.png 281807 868 1259 254
str18_mask.png 282158 869 791 819
str18_mask.png 282476 870 730 865
str18_mask.png 282912 871 640 220
str18_mask.png 283004 872 715 240
#13
str18_mask.png 253507 721 872 194
str18_mask.png 253657 722 843 114
str18_mask.png 253940 723 878 103
str18_mask.png 254074 724 884 119
str18_mask.png 254224 725 913 109
str18_mask.png 254374 726 1195 139
str18_mask.png 254824 727 1399 326
str18_mask.png 255307 728 1417 570
str18_mask.png 255807 729 1403 623
str18_mask.png 256240 730 1225 827
str18_mask.png 256490 731 1294 817
str18_mask.png 257057 732 1073 885
str18_mask.png 257407 733 1051 924
str18_mask.png 257840 734 796 959
str18_mask.png 258590 735 588 861
str18_mask.png 258873 736 562 851
str18_mask.png 259056 737 439 710
str18_mask.png 259356 738 412 558
str18_mask.png 259539 739 407 430
str18_mask.png 259956 740 492 236
str18_mask.png 260240 741 529 215
str18_mask.png 260506 742 694 130
str18_mask.png 260839 743 734 115
str18_mask.png 261456 744 948 109
str18_mask.png 261856 745 983 112
str18_mask.png 262106 746 1259 105
str18_mask.png 262373 747 1218 118
str18_mask.png 262740 748 1246 142
str18_mask.png 262974 749 1385 335
#14
str18_mask.png 315745 898 955 442
str18_mask.png 315929 899 762 241
str18_mask.png 316511 900 986 43
str18_mask.png 316878 901 1233 71
str18_mask.png 317295 902 1446 561
str18_mask.png 317679 903 1173 82
str18_mask.png 317862 904 1220 62
str18_mask.png 318329 905 1460 243
str18_mask.png 318429 906 1449 274
str18_mask.png 318545 907 1448 250
str18_mask.png 318679 908 1445 260
str18_mask.png 318862 909 1509 584
str18_mask.png 319062 910 1463 568
str18_mask.png 319412 911 1306 801
str18_mask.png 319612 912 1322 782
str18_mask.png 319762 913 1083 874
str18_mask.png 320129 914 1065 913
str18_mask.png 320295 915 814 926
str18_mask.png 320629 916 547 841
str18_mask.png 320778 917 609 814
str18_mask.png 321078 918 464 591
str18_mask.png 321278 919 432 388
str18_mask.png 321545 920 666 123
str18_mask.png 322179 921 820 100
str18_mask.png 322379 922 694 96
str18_mask.png 322912 923 480 197
str18_mask.png 323328 924 445 406
str18_mask.png 323878 925 873 870
str18_mask.png 324278 926 1457 338
str18_mask.png 324678 927 1211 111
str18_mask.png 325095 928 1245 95
str18_mask.png 325362 929 1455 573
#15
str18_mask.png 241427 830 798 119
str18_mask.png 241679 831 735 171
str18_mask.png 241896 832 677 159
str18_mask.png 242029 833 431 233
str18_mask.png 242178 834 524 285
str18_mask.png 242295 835 391 488
str18_mask.png 242378 836 401 496
str18_mask.png 242695 837 611 826
str18_mask.png 242978 838 627 868
str18_mask.png 243178 839 907 948
str18_mask.png 243378 840 1098 915
str18_mask.png 243662 841 1330 819
str18_mask.png 243878 842 1475 646
str18_mask.png 244029 843 1436 648
str18_mask.png 244346 844 1345 262
str18_mask.png 244529 845 1197 187
str18_mask.png 244796 846 1416 369
str18_mask.png 245229 847 888 179
str18_mask.png 245546 848 597 152
str18_mask.png 245762 849 729 151
str18_mask.png 245896 850 507 284
str18_mask.png 246329 851 398 470
str18_mask.png 246680 852 397 475
str18_mask.png 247088 853 581 873
str18_mask.png 247362 854 1391 659
str18_mask.png 247479 855 1357 670
str18_mask.png 247879 856 1052 606
str18_mask.png 248229 857 897 601
str18_mask.png 249079 858 927 540
str18_mask.png 249829 859 887 507
str18_mask.png 250263 860 1352 543
str18_mask.png 250396 861 1387 606
str18_mask.png 250796 862 1414 644
str18_mask.png 251129 863 1155 893
#16
str18_mask.png 260867 724 902 401
str18_mask.png 260983 725 857 392
str18_mask.png 261200 726 736 99
str18_mask.png 261567 727 946 71
str18_mask.png 261700 728 954 70
str18_mask.png 262000 729 1250 91
str18_mask.png 262550 730 1500 223
str18_mask.png 262933 731 1493 551
str18_mask.png 263367 732 1370 767
str18_mask.png 263817 733 1088 898
str18_mask.png 264567 734 775 948
str18_mask.png 264883 735 776 949
str18_mask.png 265067 736 1067 913
str18_mask.png 265233 737 1053 904
str18_mask.png 265333 738 1073 907
str18_mask.png 265684 739 770 954
str18_mask.png 266050 740 511 879
str18_mask.png 266766 741 438 407
str18_mask.png 267933 742 666 177
str18_mask.png 268083 743 601 192
str18_mask.png 268249 744 564 222
str18_mask.png 268816 745 646 197
str18_mask.png 269133 746 460 383
str18_mask.png 269266 747 449 409
str18_mask.png 269649 748 761 186
str18_mask.png 270316 749 757 100
str18_mask.png 270833 750 719 101
#17
str18_mask.png 285113 806 927 529
str18_mask.png 285296 807 919 525
str18_mask.png 285713 808 1151 73
str18_mask.png 286046 809 1414 297
str18_mask.png 286895 810 400 415
str18_mask.png 287095 811 744 815
str18_mask.png 287295 812 1005 949
str18_mask.png 287512 813 1533 576
str18_mask.png 287663 814 1428 598
str18_mask.png 288145 815 435 499
str18_mask.png 288297 816 457 695
str18_mask.png 288780 817 603 817
str18_mask.png 289047 818 438 429
str18_mask.png 289147 819 444 449
str18_mask.png 289580 820 432 670
str18_mask.png 290013 821 702 222
str18_mask.png 290230 822 786 76
str18_mask.png 291231 823 1457 611
str18_mask.png 291564 824 1003 927
str18_mask.png 291697 825 784 996
str18_mask.png 291947 826 1061 928
str18_mask.png 292247 827 1295 826
str18_mask.png 292564 828 1023 380
str18_mask.png 292664 829 1029 379
str18_mask.png 292964 830 1199 131
str18_mask.png 293547 831 1423 288
str18_mask.png 294031 832 883 420
#18
str18_mask.png 231031 734 752 192
str18_mask.png 231114 735 748 180
str18_mask.png 231348 736 522 219
str18_mask.png 231631 737 439 400
str18_mask.png 231831 738 1097 166
str18_mask.png 232064 739 1209 143
str18_mask.png 232231 740 951 130
str18_mask.png 232597 741 1254 145
str18_mask.png 232914 742 1213 135
str18_mask.png 233114 743 1439 277
str18_mask.png 233298 744 1416 295
str18_mask.png 233431 745 1251 174
str18_mask.png 233748 746 1240 154
str18_mask.png 234165 747 1248 176
str18_mask.png 234365 748 1426 323
str18_mask.png 234698 749 1469 587
str18_mask.png 234898 750 1417 638
str18_mask.png 235165 751 1310 829
str18_mask.png 235398 752 1039 933
str18_mask.png 235631 753 1073 937
str18_mask.png 235898 754 863 969
str18_mask.png 236314 755 592 886
str18_mask.png 236748 756 459 740
str18_mask.png 237348 757 444 517
str18_mask.png 237597 758 420 444
str18_mask.png 237964 759 569 238
str18_mask.png 238230 760 748 188
str18_mask.png 238531 761 955 155
str18_mask.png 238781 762 1240 115
str18_mask.png 239280 763 1447 226
str18_mask.png 239398 764 1402 238
str18_mask.png 239498 765 1420 294
str18_mask.png 240214 766 1420 600
str18_mask.png 240431 767 1266 827
#19
str18_mask.png 215359 779 841 439
str18_mask.png 215492 780 680 174
str18_mask.png 215759 781 507 209
str18_mask.png 215858 782 550 247
str18_mask.png 215975 783 442 427
str18_mask.png 216308 784 503 663
str18_mask.png 216525 785 580 811
str18_mask.png 216742 786 625 855
str18_mask.png 216925 787 636 201
str18_mask.png 217125 788 726 155
str18_mask.png 217325 789 989 121
str18_mask.png 217542 790 1276 130
str18_mask.png 218059 791 1428 336
str18_mask.png 218276 792 1422 604
str18_mask.png 218592 793 1221 857
str18_mask.png 218792 794 1086 901
str18_mask.png 219042 795 832 968
str18_mask.png 219259 796 610 864
str18_mask.png 219576 797 456 690
str18_mask.png 219658 798 467 710
str18_mask.png 219842 799 458 430
str18_mask.png 220225 800 440 452
str18_mask.png 220558 801 471 684
str18_mask.png 220858 802 596 869
str18_mask.png 221042 803 818 949
str18_mask.png 221325 804 1050 918
str18_mask.png 221608 805 1076 900
str18_mask.png 221808 806 1290 835
str18_mask.png 222108 807 1297 158
str18_mask.png 222209 808 1257 179
str18_mask.png 222392 809 1182 139
str18_mask.png 222742 810 950 123
str18_mask.png 223209 811 711 119
str18_mask.png 223842 812 497 201
str18_mask.png 223925 813 534 230
str18_mask.png 224158 814 424 435
str18_mask.png 224558 815 489 716
str18_mask.png 224859 816 639 889
str18_mask.png 225092 817 871 968
#20
str18_mask.png 222666 704 739 217
str18_mask.png 222883 705 1121 131
str18_mask.png 223100 706 956 131
str18_mask.png 223949 708 809 1065
str18_mask.png 224666 711 920 137
str18_mask.png 225233 712 569 231
str18_mask.png 225516 713 934 205
str18_mask.png 225783 714 996 1065
str18_mask.png 226166 715 983 224
str18_mask.png 226633 716 962 185
str18_mask.png 226950 717 965 119
str18_mask.png 227133 718 1238 150
str18_mask.png 227733 719 665 151
str18_mask.png 227916 720 531 202
str18_mask.png 228266 721 413 432
str18_mask.png 228516 722 825 992
str18_mask.png 228833 723 1071 909
str18_mask.png 229166 724 848 71
str18_mask.png 229549 725 406 293
str18_mask.png 229733 726 625 133
str18_mask.png 230100 727 761 126
str18_mask.png 230366 728 964 117
str18_mask.png 230800 729 627 167
str18_mask.png 231049 730 448 413
str18_mask.png 231299 731 754 953
str18_mask.png 231683 732 1038 876
str18_mask.png 231966 733 525 821
str18_mask.png 232183 734 492 271
#21
str18_mask.png 231107 711 1002 157
str18_mask.png 231273 712 960 112
str18_mask.png 232257 713 1165 206
str18_mask.png 232424 714 1422 280
str18_mask.png 232657 715 1450 329
str18_mask.png 233240 716 1460 509
str18_mask.png 233424 717 1440 574
str18_mask.png 233707 718 1467 623
str18_mask.png 233907 719 1348 793
str18_mask.png 234140 720 1313 789
str18_mask.png 234507 721 1325 863
str18_mask.png 234790 722 1061 864
str18_mask.png 234890 723 1068 886
str18_mask.png 235124 724 1055 934
str18_mask.png 235857 725 796 940
str18_mask.png 236124 726 505 852
str18_mask.png 236207 727 526 828
str18_mask.png 236606 728 550 829
str18_mask.png 237073 729 411 648
str18_mask.png 237723 730 403 428
str18_mask.png 238006 731 380 379
str18_mask.png 238206 732 486 236
str18_mask.png 238423 733 501 195
str18_mask.png 238673 734 525 169
str18_mask.png 238973 735 696 124
str18_mask.png 239240 736 723 114
str18_mask.png 240073 737 747 96
#22
str18_mask.png 214926 659 706 214
str18_mask.png 215109 660 919 195
str18_mask.png 215326 661 1107 188
str18_mask.png 215492 662 1217 200
str18_mask.png 215842 663 1228 220
str18_mask.png 216025 664 1369 275
str18_mask.png 216309 665 1432 326
str18_mask.png 216712 666 1514 357
str18_mask.png 217169 667 1480 597
str18_mask.png 217419 668 1473 582
str18_mask.png 217619 669 1485 582
str18_mask.png 217885 670 1550 617
str18_mask.png 218035 671 1515 570
str18_mask.png 218219 672 1337 760
str18_mask.png 219885 673 834 934
str18_mask.png 220352 674 586 855
str18_mask.png 220885 675 569 830
str18_mask.png 221069 676 447 671
str18_mask.png 221468 677 409 470
str18_mask.png 222152 678 419 446
str18_mask.png 222701 679 397 435
str18_mask.png 222902 680 515 261
str18_mask.png 223118 681 549 259
str18_mask.png 223302 682 635 227
str18_mask.png 223402 683 704 211
str18_mask.png 223785 684 714 178
str18_mask.png 223952 685 800 188
str18_mask.png 224185 686 913 193
#23
str18_mask.png 268845 914 1027 114
str18_mask.png 269024 915 1265 127
str18_mask.png 269391 916 997 114
str18_mask.png 269577 917 725 152
str18_mask.png 269899 918 771 139
str18_mask.png 270183 919 576 199
str18_mask.png 270483 920 444 344
str18_mask.png 270733 921 565 206
str18_mask.png 271183 922 429 378
str18_mask.png 271466 923 446 531
str18_mask.png 271716 924 450 613
str18_mask.png 272066 925 572 694
str18_mask.png 272349 926 659 769
str18_mask.png 272502 927 638 779
str18_mask.png 277078 928 1472 560
str18_mask.png 277205 929 1459 314
str18_mask.png 277391 930 1264 166
str18_mask.png 277724 931 1210 149
str18_mask.png 278124 932 1436 306
#24
str18_mask.png 212986 634 977 130
str18_mask.png 213269 635 686 133
str18_mask.png 213453 636 441 322
str18_mask.png 213669 637 485 560
str18_mask.png 213869 638 576 730
str18_mask.png 214052 639 577 768
str18_mask.png 214302 640 1120 886
str18_mask.png 214569 641 1372 745
str18_mask.png 214753 642 1459 581
str18_mask.png 214986 643 1470 263
str18_mask.png 215219 644 1238 141
str18_mask.png 215536 645 650 116
str18_mask.png 215786 646 711 121
str18_mask.png 216135 647 539 164
str18_mask.png 216485 648 753 119
str18_mask.png 216752 649 982 105
str18_mask.png 217235 650 965 129
str18_mask.png 217670 651 1195 126
str18_mask.png 217836 652 1234 107
str18_mask.png 218020 653 1277 152
str18_mask.png 218153 654 1449 256
str18_mask.png 218436 655 1460 234
str18_mask.png 218620 656 499 324
str18_mask.png 218836 657 438 371
str18_mask.png 219136 658 428 599
str18_mask.png 219353 659 439 647
str18_mask.png 219809 660 783 860
str18_mask.png 219949 661 631 825
str18_mask.png 220249 662 608 828
str18_mask.png 220449 663 1109 855
str18_mask.png 220716 664 1356 795
str18_mask.png 220866 665 1315 763
str18_mask.png 221083 666 1441 582
str18_mask.png 221416 667 1476 573
str18_mask.png 221666 668 987 111
str18_mask.png 221900 669 676 124
str18_mask.png 222233 670 677 142
str18_mask.png 222367 671 1026 103
#25
str18_mask.png 239829 689 960 467
str18_mask.png 240345 690 996 424
str18_mask.png 240862 691 990 445
str18_mask.png 240995 692 999 452
str18_mask.png 241179 693 981 512
str18_mask.png 241312 694 1002 447
str18_mask.png 241445 695 1023 477
str18_mask.png 241729 696 969 438
str18_mask.png 242029 697 977 455
str18_mask.png 242162 698 1009 498
str18_mask.png 242929 699 974 476
str18_mask.png 243095 700 993 503
str18_mask.png 243845 701 982 518
str18_mask.png 244112 702 981 490
str18_mask.png 244594 703 989 477
str18_mask.png 245362 704 959 457
str18_mask.png 245612 705 980 438
str18_mask.png 246395 706 1027 435
str18_mask.png 246545 707 1000 415
str18_mask.png 246862 708 993 454
str18_mask.png 246995 709 1003 442
str18_mask.png 247212 710 985 430
str18_mask.png 247478 711 1018 494
str18_mask.png 247728 712 1026 493
str18_mask.png 247895 713 998 467
str18_mask.png 248112 714 1002 433
str18_mask.png 248878 715 1026 411
str18_mask.png 249178 716 1033 440
str18_mask.png 249376 717 1006 403
#26
str18_mask.png 270009 848 874 201
str18_mask.png 270226 849 709 162
str18_mask.png 270543 850 886 185
str18_mask.png 270810 851 1147 173
str18_mask.png 271126 852 1177 179
str18_mask.png 271443 853 1410 341
str18_mask.png 272043 854 1181 182
str18_mask.png 272276 855 1447 414
str18_mask.png 272510 856 1435 586
str18_mask.png 272693 857 1449 635
str18_mask.png 273610 858 1305 822
str18_mask.png 273960 859 1067 926
str18_mask.png 274210 860 1047 916
str18_mask.png 274393 861 1058 925
str18_mask.png 274526 862 1010 936
str18_mask.png 274676 863 809 923
str18_mask.png 274926 864 567 868
str18_mask.png 275109 865 446 934
str18_mask.png 275259 866 538 912
str18_mask.png 275459 867 463 715
str18_mask.png 275626 868 475 701
str18_mask.png 275742 869 453 468
str18_mask.png 276242 870 550 274
str18_mask.png 276775 871 531 240
str18_mask.png 276942 872 728 123
str18_mask.png 277209 873 745 109
str18_mask.png 277392 874 496 242
str18_mask.png 277726 875 449 315
str18_mask.png 278709 876 1267 155
str18_mask.png 279310 877 967 776
str18_mask.png 279543 878 1182 191
str18_mask.png 279660 879 1178 131
#27
str18_mask.png 221653 710 948 421
str18_mask.png 221986 711 876 206
str18_mask.png 222236 712 836 161
str18_mask.png 222536 713 685 163
str18_mask.png 222969 714 760 119
str18_mask.png 223219 715 617 196
str18_mask.png 223469 716 615 184
str18_mask.png 223719 717 497 407
str18_mask.png 224069 718 448 642
str18_mask.png 224269 719 501 619
str18_mask.png 224419 720 625 789
str18_mask.png 224703 721 855 924
str18_mask.png 225069 722 662 852
str18_mask.png 225869 723 866 952
str18_mask.png 226169 724 1249 850
str18_mask.png 226470 725 1288 808
str18_mask.png 226820 726 1442 653
str18_mask.png 227186 727 1465 477
str18_mask.png 227470 728 1402 345
str18_mask.png 227670 729 1211 179
str18_mask.png 228653 730 981 79
str18_mask.png 229586 731 991 54
str18_mask.png 229920 732 924 506
str18_mask.png 230887 733 947 505
str18_mask.png 231270 734 921 506
#28
str18_mask.png 305791 908 1005 516
str18_mask.png 306041 909 927 788
str18_mask.png 306241 910 1087 861
str18_mask.png 306574 911 599 804
str18_mask.png 306807 912 596 260
str18_mask.png 307007 913 720 169
str18_mask.png 307274 914 1211 164
str18_mask.png 307524 915 1515 299
str18_mask.png 307724 916 1456 329
str18_mask.png 307874 917 1471 590
str18_mask.png 308258 918 404 445
str18_mask.png 308859 919 531 804
str18_mask.png 309196 920 576 823
str18_mask.png 309796 921 1065 864
str18_mask.png 309913 922 1083 900
str18_mask.png 310079 923 1266 777
str18_mask.png 310396 924 1311 788
str18_mask.png 310546 925 1456 597
str18_mask.png 310679 926 1449 617
str18_mask.png 311013 927 1437 376
str18_mask.png 311113 928 1435 347
str18_mask.png 311329 929 1282 181
str18_mask.png 311463 930 1215 156
str18_mask.png 311746 931 1211 156
str18_mask.png 311979 932 936 116
str18_mask.png 312213 933 680 121
str18_mask.png 312629 934 505 185
str18_mask.png 312846 935 668 152
str18_mask.png 313195 936 713 140
str18_mask.png 313746 937 702 184
str18_mask.png 313929 938 691 212
str18_mask.png 314146 939 653 132
str18_mask.png 314362 940 470 206
str18_mask.png 315112 941 1126 405
str18_mask.png 315451 942 931 397
#29
str18_mask.png 266800 778 864 162
str18_mask.png 266987 779 922 127
str18_mask.png 267354 780 1191 158
str18_mask.png 267954 781 1244 170
str18_mask.png 268171 782 1402 283
str18_mask.png 268438 783 1418 315
str18_mask.png 268921 784 1440 329
str18_mask.png 269238 785 1463 541
str18_mask.png 269538 786 1431 582
str18_mask.png 269821 787 1455 617
str18_mask.png 270321 788 1294 770
str18_mask.png 270554 789 1269 803
str18_mask.png 270854 790 1292 806
str18_mask.png 271104 791 1065 886
str18_mask.png 271371 792 1066 907
str18_mask.png 272004 793 1069 939
str18_mask.png 272154 794 792 932
str18_mask.png 272421 795 804 953
str18_mask.png 273121 796 542 822
str18_mask.png 273554 797 511 829
str18_mask.png 273987 798 441 713
str18_mask.png 274170 799 430 685
str18_mask.png 274687 800 414 473
str18_mask.png 274953 801 404 422
str18_mask.png 275570 802 444 411
str18_mask.png 276003 803 412 395
str18_mask.png 276153 804 538 260
#30
str18_mask.png 248829 861 824 139
str18_mask.png 249013 862 1207 150
str18_mask.png 249362 863 1043 852
str18_mask.png 249629 864 738 928
str18_mask.png 249796 865 583 872
str18_mask.png 249945 866 451 377
str18_mask.png 250112 867 689 168
str18_mask.png 250412 868 538 208
str18_mask.png 250628 869 1217 174
str18_mask.png 250929 870 1298 174
str18_mask.png 251062 871 1440 348
str18_mask.png 251362 872 1439 648
str18_mask.png 251729 873 1288 828
str18_mask.png 251946 874 1044 928
str18_mask.png 252629 875 1024 798
str18_mask.png 254230 880 1027 804
str18_mask.png 254549 881 712 844
str18_mask.png 255183 883 1190 382
str18_mask.png 255318 884 1297 210
str18_mask.png 255519 885 1432 372
str18_mask.png 255902 886 1405 633
str18_mask.png 256235 887 510 479
str18_mask.png 256335 888 478 471
str18_mask.png 256552 889 707 218
str18_mask.png 257735 890 803 858
str18_mask.png 258569 891 617 871
#31
str18_mask.png 242391 814 605 127
str18_mask.png 242758 815 1114 287
str18_mask.png 243041 816 1233 151
str18_mask.png 243508 817 1444 311
str18_mask.png 244041 818 1432 560
str18_mask.png 244691 819 1013 864
str18_mask.png 245757 820 437 674
str18_mask.png 245957 821 412 395
str18_mask.png 246340 822 535 207
str18_mask.png 246607 823 739 119
str18_mask.png 246824 824 1001 114
str18_mask.png 247207 825 1289 135
str18_mask.png 247540 826 1236 148
str18_mask.png 247840 827 888 125
str18_mask.png 248007 828 697 138
str18_mask.png 248457 829 1068 120
str18_mask.png 248640 830 1297 115
str18_mask.png 248974 831 1439 365
str18_mask.png 249108 832 1409 346
str18_mask.png 249609 833 1419 601
str18_mask.png 250125 834 1265 789
str18_mask.png 250225 835 1291 777
str18_mask.png 250558 836 1031 890
str18_mask.png 250825 837 1048 875
str18_mask.png 251192 838 778 915
str18_mask.png 251409 839 824 954
str18_mask.png 251776 840 816 936
#32
str18_mask.png 251504 833 811 241
str18_mask.png 251704 834 707 128
str18_mask.png 251954 835 547 190
str18_mask.png 252271 836 953 119
str18_mask.png 252520 837 1072 108
str18_mask.png 252720 838 1282 110
str18_mask.png 253004 839 1251 107
str18_mask.png 253404 840 1335 158
str18_mask.png 253621 841 1451 302
str18_mask.png 254005 842 1435 316
str18_mask.png 254255 843 1450 602
str18_mask.png 254572 844 1475 558
str18_mask.png 254872 845 1440 613
str18_mask.png 255038 846 1315 779
str18_mask.png 255338 847 1066 859
str18_mask.png 255522 848 1103 853
str18_mask.png 256405 849 931 881
str18_mask.png 256738 850 687 852
str18_mask.png 256905 851 609 827
str18_mask.png 257072 852 438 466
str18_mask.png 257188 853 470 473
str18_mask.png 257438 854 514 662
str18_mask.png 257622 855 460 472
str18_mask.png 257855 856 712 824
str18_mask.png 258122 857 648 831
str18_mask.png 258272 858 486 681
str18_mask.png 258622 859 745 843
str18_mask.png 258738 860 858 944
str18_mask.png 259072 861 692 840
str18_mask.png 259238 862 633 826
str18_mask.png 259455 863 488 373
str18_mask.png 259638 864 437 404
str18_mask.png 259905 865 625 179
str18_mask.png 260072 866 559 198
str18_mask.png 260355 867 446 427
str18_mask.png 260622 868 463 429
str18_mask.png 260772 869 751 137
str18_mask.png 261138 870 1202 111
#33
str18_mask.png 308913 794 959 461
str18_mask.png 309325 795 760 56
str18_mask.png 309492 796 700 87
str18_mask.png 309875 797 702 66
str18_mask.png 310909 798 710 98
str18_mask.png 311359 799 699 63
str18_mask.png 312075 800 474 157
str18_mask.png 312659 801 675 52
str18_mask.png 312925 802 683 57
str18_mask.png 313775 803 906 45
str18_mask.png 314025 804 1196 49
str18_mask.png 314425 805 1390 148
str18_mask.png 314592 806 1469 271
str18_mask.png 314809 807 1249 651
str18_mask.png 315025 808 1090 864
str18_mask.png 315325 809 794 914
str18_mask.png 315625 810 563 817
str18_mask.png 315909 811 400 618
str18_mask.png 316125 812 1452 553
str18_mask.png 316542 813 1194 69
str18_mask.png 317508 814 1231 72
str18_mask.png 317842 815 1199 92
str18_mask.png 318159 816 973 84
str18_mask.png 318392 817 1227 83
str18_mask.png 318675 818 1460 541
str18_mask.png 318842 819 1403 563
#34
str18_mask.png 239943 704 826 438
str18_mask.png 240259 705 887 164
str18_mask.png 240526 706 1207 147
str18_mask.png 240976 707 1422 258
str18_mask.png 241193 708 1446 355
str18_mask.png 241409 709 1471 624
str18_mask.png 241643 710 1324 793
str18_mask.png 241876 711 1070 889
str18_mask.png 242092 712 827 915
str18_mask.png 242309 713 553 825
str18_mask.png 242842 714 468 473
str18_mask.png 243125 715 500 303
str18_mask.png 243492 716 750 153
str18_mask.png 243909 717 1303 136
str18_mask.png 244481 718 959 120
str18_mask.png 244764 719 1239 151
str18_mask.png 245331 720 1439 302
str18_mask.png 245948 721 859 960
str18_mask.png 246532 722 1024 956
str18_mask.png 246802 723 872 955
str18_mask.png 247202 724 601 875
str18_mask.png 247452 725 1133 917
str18_mask.png 247736 726 1353 814
str18_mask.png 248003 727 1489 624
str18_mask.png 248203 728 1489 328
str18_mask.png 248469 729 1266 188
str18_mask.png 248736 730 902 140
str18_mask.png 248936 731 713 136
str18_mask.png 249285 732 540 252
str18_mask.png 249418 733 440 436
str18_mask.png 249652 734 516 695
str18_mask.png 249869 735 627 827
#35
str18_mask.png 238447 802 992 158
str18_mask.png 238630 803 705 134
str18_mask.png 238997 804 1264 133
str18_mask.png 239314 805 1444 317
str18_mask.png 239431 806 1386 316
str18_mask.png 239581 807 1303 730
str18_mask.png 239798 808 972 882
str18_mask.png 240031 809 1352 625
str18_mask.png 240450 810 1225 826
str18_mask.png 240650 811 1375 559
str18_mask.png 241016 812 845 937
str18_mask.png 241300 813 665 875
str18_mask.png 241466 814 521 803
str18_mask.png 241666 815 411 639
str18_mask.png 241933 816 386 394
str18_mask.png 242249 817 574 243
str18_mask.png 242566 818 389 409
str18_mask.png 243000 819 654 181
str18_mask.png 243137 820 534 191
str18_mask.png 243320 821 692 154
str18_mask.png 243654 822 738 133
str18_mask.png 243887 823 938 129
str18_mask.png 244237 824 993 105
str18_mask.png 244521 825 1273 286
str18_mask.png 244921 826 1234 338
str18_mask.png 245105 827 1392 465
str18_mask.png 245306 828 1357 652
str18_mask.png 245522 829 1226 801
str18_mask.png 245822 830 996 868
str18_mask.png 246407 831 788 899
str18_mask.png 246877 832 1014 808
str18_mask.png 247029 833 996 440
str18_mask.png 247412 834 1375 537
str18_mask.png 247645 835 1223 349
str18_mask.png 247845 836 903 209
str18_mask.png 248062 837 698 164
#36
str18_mask.png 257981 808 696 220
str18_mask.png 258647 809 401 374
str18_mask.png 258980 810 432 591
str18_mask.png 259231 811 471 669
str18_mask.png 259414 812 600 822
str18_mask.png 259980 813 811 933
str18_mask.png 260247 814 1047 915
str18_mask.png 260580 815 1115 899
str18_mask.png 261130 816 1286 806
str18_mask.png 261230 817 1101 900
str18_mask.png 261730 818 1301 781
str18_mask.png 262081 819 1477 585
str18_mask.png 262348 820 1474 314
str18_mask.png 262714 821 1437 602
str18_mask.png 263014 822 1312 190
str18_mask.png 263481 823 1233 148
str18_mask.png 263598 824 1247 114
str18_mask.png 264181 825 752 94
str18_mask.png 264597 826 537 196
str18_mask.png 264865 827 409 415
str18_mask.png 265165 828 511 693
str18_mask.png 265432 829 638 860
str18_mask.png 265665 830 849 970
str18_mask.png 266315 831 1074 906
str18_mask.png 266682 832 1290 808
str18_mask.png 266932 833 1081 903
str18_mask.png 267665 834 1311 772
#37
str18_mask.png 239220 783 1277 144
str18_mask.png 239338 784 1181 113
str18_mask.png 239454 785 1180 92
str18_mask.png 239688 786 1407 264
str18_mask.png 239871 787 1439 537
str18_mask.png 240238 788 1428 556
str18_mask.png 240488 789 1263 769
str18_mask.png 240704 790 1009 920
str18_mask.png 240921 791 774 948
str18_mask.png 241221 792 560 847
str18_mask.png 241571 793 411 663
str18_mask.png 241837 794 442 352
str18_mask.png 242121 795 701 95
str18_mask.png 242354 796 538 141
str18_mask.png 242721 797 1284 115
str18_mask.png 242804 798 1188 61
str18_mask.png 243171 799 1427 274
str18_mask.png 243471 800 1443 574
str18_mask.png 243671 801 1290 759
str18_mask.png 243988 802 1029 897
str18_mask.png 244354 803 891 172
str18_mask.png 244954 804 596 523
str18_mask.png 245204 805 1249 320
str18_mask.png 245388 806 1182 300
str18_mask.png 245571 807 842 350
str18_mask.png 245854 808 496 324
str18_mask.png 246038 809 1054 180
str18_mask.png 246905 810 885 145
str18_mask.png 247038 811 935 139
str18_mask.png 248188 816 1048 212
str18_mask.png 248539 817 1189 114
#38
str18_mask.png 236932 697 856 182
str18_mask.png 237165 698 1140 139
str18_mask.png 237565 699 1407 298
str18_mask.png 237999 700 1434 620
str18_mask.png 238499 701 1274 471
str18_mask.png 238915 702 1219 177
str18_mask.png 239115 703 566 311
str18_mask.png 239249 704 417 424
str18_mask.png 239381 705 449 407
str18_mask.png 239581 706 555 749
str18_mask.png 239698 707 602 824
str18_mask.png 239898 708 920 918
str18_mask.png 240031 709 1066 916
str18_mask.png 240231 710 1332 817
str18_mask.png 240515 711 1453 622
str18_mask.png 240748 712 1258 180
str18_mask.png 241031 713 915 144
str18_mask.png 241531 714 755 133
str18_mask.png 241898 715 580 214
str18_mask.png 242500 716 1272 712
str18_mask.png 243188 717 1066 449
str18_mask.png 243621 718 1055 482
str18_mask.png 243905 719 613 703
str18_mask.png 244638 720 1342 540
str18_mask.png 244805 721 1333 570
str18_mask.png 245555 722 1334 562
#39
str18_mask.png 224090 600 930 455
str18_mask.png 225640 602 1459 203
str18_mask.png 225873 603 1473 545
str18_mask.png 226356 604 815 840
str18_mask.png 226873 605 1067 853
str18_mask.png 227023 606 515 807
str18_mask.png 227257 607 563 792
str18_mask.png 227473 608 290 379
str18_mask.png 227889 609 705 93
str18_mask.png 228306 610 554 124
str18_mask.png 229107 611 569 97
str18_mask.png 229490 612 620 96
str18_mask.png 229690 613 1158 82
str18_mask.png 229807 614 1347 102
str18_mask.png 230340 615 1449 242
str18_mask.png 230873 616 431 337
str18_mask.png 231157 617 439 609
str18_mask.png 231925 618 480 630
str18_mask.png 232111 619 610 772
str18_mask.png 232394 620 628 790
str18_mask.png 232544 621 835 897
str18_mask.png 232878 622 856 935
str18_mask.png 233078 623 810 861
str18_mask.png 233245 624 393 429
str18_mask.png 233495 625 437 371
#40
str18_mask.png 238500 728 987 415
str18_mask.png 238898 729 1126 132
str18_mask.png 239131 730 1061 548
str18_mask.png 239598 731 1489 551
str18_mask.png 239982 732 1453 450
str18_mask.png 240149 733 1453 557
str18_mask.png 240416 734 1465 550
str18_mask.png 240716 735 1462 291
str18_mask.png 241399 736 1206 141
str18_mask.png 241866 737 1315 766
str18_mask.png 242182 738 1110 861
str18_mask.png 242482 739 867 924
str18_mask.png 242665 740 817 944
str18_mask.png 242865 741 844 941
str18_mask.png 243832 742 589 179
str18_mask.png 243965 743 584 210
str18_mask.png 244249 744 445 454
str18_mask.png 244598 745 486 650
str18_mask.png 244882 746 583 820
str18_mask.png 245265 747 478 668
str18_mask.png 245516 748 458 442
str18_mask.png 245765 749 727 139
str18_mask.png 246015 750 765 154
str18_mask.png 246199 751 774 150
str18_mask.png 246482 752 1033 94
str18_mask.png 246582 753 1042 84
str18_mask.png 246765 754 1025 96
str18_mask.png 247165 755 1331 62
str18_mask.png 247266 756 1177 68
str18_mask.png 247382 757 1200 84
str18_mask.png 247816 758 1190 76
str18_mask.png 248166 759 1176 60
str18_mask.png 248399 760 1388 233
#41
str18_mask.png 220771 614 922 454
str18_mask.png 221087 615 1000 175
str18_mask.png 221204 616 893 174
str18_mask.png 221387 617 1180 181
str18_mask.png 222370 618 891 179
str18_mask.png 222670 619 1197 188
str18_mask.png 223154 620 1442 328
str18_mask.png 223587 621 1497 475
str18_mask.png 223820 622 1482 588
str18_mask.png 224087 623 1195 761
str18_mask.png 224454 624 1006 869
str18_mask.png 224787 625 678 920
str18_mask.png 225187 626 932 905
str18_mask.png 225520 627 360 858
str18_mask.png 225620 628 544 823
str18_mask.png 226003 629 396 764
str18_mask.png 226236 630 329 700
str18_mask.png 226436 631 281 496
str18_mask.png 226786 632 302 445
str18_mask.png 227220 633 486 248
str18_mask.png 227653 634 663 202
str18_mask.png 228336 635 946 189
str18_mask.png 228786 636 962 184
str18_mask.png 229770 637 949 200
str18_mask.png 230003 638 979 183
str18_mask.png 230170 639 946 212
str18_mask.png 230303 640 980 196
str18_mask.png 230536 641 959 206
#42
str18_mask.png 244346 767 955 497
str18_mask.png 244632 768 763 53
str18_mask.png 244866 769 1237 85
str18_mask.png 245316 770 1446 276
str18_mask.png 245549 771 1430 256
str18_mask.png 245749 772 1444 554
str18_mask.png 246099 773 1311 747
str18_mask.png 246766 774 1064 841
str18_mask.png 247083 775 1071 860
str18_mask.png 247299 776 830 872
str18_mask.png 247516 777 805 900
str18_mask.png 247733 778 579 798
str18_mask.png 247983 779 556 784
str18_mask.png 248182 780 462 621
str18_mask.png 248582 781 414 374
str18_mask.png 248965 782 442 596
str18_mask.png 249298 783 813 848
str18_mask.png 249532 784 852 902
str18_mask.png 249782 785 598 768
str18_mask.png 250165 786 464 239
str18_mask.png 250382 787 533 118
str18_mask.png 250649 788 731 63
str18_mask.png 251299 789 713 65
str18_mask.png 251532 790 554 136
str18_mask.png 251782 791 527 141
str18_mask.png 252182 792 557 109
str18_mask.png 252398 793 738 28
str18_mask.png 252798 794 965 56
str18_mask.png 253482 795 984 69
str18_mask.png 253699 796 1249 73
str18_mask.png 253999 797 1262 93
str18_mask.png 254098 798 1271 73
str18_mask.png 254382 799 1439 243
#43
