str1_mask.png 43722 133 858 489
str1_mask.png 44056 134 462 409
str1_mask.png 44589 135 607 279
str1_mask.png 44739 136 685 230
str1_mask.png 44989 137 729 195
str1_mask.png 45122 138 916 175
str1_mask.png 45339 139 995 168
str1_mask.png 45923 140 1370 408
str1_mask.png 46456 141 1301 789
str1_mask.png 46973 142 894 933
str1_mask.png 47206 143 595 896
str1_mask.png 48006 144 397 607
str1_mask.png 49306 145 574 307
str1_mask.png 49772 146 496 405
str1_mask.png 50306 147 1045 217
str1_mask.png 50525 148 1010 157
str1_mask.png 50742 149 1314 171
str1_mask.png 50826 150 1180 237
str1_mask.png 51193 151 1356 484
str1_mask.png 51426 152 995 490
str1_mask.png 51793 153 869 554
str1_mask.png 52176 154 898 543
#1
str1_mask.png 61153 209 931 792
str1_mask.png 61303 210 941 905
str1_mask.png 61687 211 980 137
str1_mask.png 62003 212 1279 171
str1_mask.png 62220 213 1477 393
str1_mask.png 62387 214 1435 574
str1_mask.png 62854 215 1484 637
str1_mask.png 63137 216 1472 599
str1_mask.png 63320 217 1410 551
str1_mask.png 63520 218 1106 928
str1_mask.png 63787 219 910 958
str1_mask.png 64087 220 957 968
str1_mask.png 64354 221 602 910
str1_mask.png 64654 222 627 943
str1_mask.png 64854 223 682 873
str1_mask.png 65071 224 471 803
str1_mask.png 65270 225 420 529
str1_mask.png 65537 226 445 423
str1_mask.png 65937 227 532 427
str1_mask.png 66203 228 467 429
str1_mask.png 66703 229 482 395
str1_mask.png 66853 230 696 189
str1_mask.png 67087 231 737 138
str1_mask.png 67420 232 959 105
str1_mask.png 67920 233 1255 143
str1_mask.png 68136 234 1264 176
str1_mask.png 68303 235 1267 187
str1_mask.png 68453 236 876 712
str1_mask.png 68736 237 448 802
str1_mask.png 68986 238 510 762
str1_mask.png 69420 239 1122 959
str1_mask.png 69687 240 1153 923
str1_mask.png 70037 241 1340 831
str1_mask.png 70487 242 1319 851
#2
str1_mask.png 30500 74 969 450
str1_mask.png 30857 75 703 199
str1_mask.png 31007 76 762 64
str1_mask.png 31207 77 922 30
str1_mask.png 31457 78 1189 117
str1_mask.png 31708 79 1402 551
str1_mask.png 32141 80 1139 847
str1_mask.png 32308 81 881 878
str1_mask.png 32441 82 898 883
str1_mask.png 32591 83 625 819
str1_mask.png 33091 84 496 718
str1_mask.png 33557 85 687 810
str1_mask.png 33874 86 439 578
str1_mask.png 34374 87 508 723
str1_mask.png 34524 88 520 684
str1_mask.png 34707 89 487 262
str1_mask.png 34974 90 453 326
str1_mask.png 35174 91 451 326
str1_mask.png 35474 92 755 85
str1_mask.png 35874 93 943 45
str1_mask.png 36090 94 1434 481
str1_mask.png 36424 95 1424 284
str1_mask.png 36774 96 505 310
str1_mask.png 36957 97 433 323
str1_mask.png 37207 98 380 600
str1_mask.png 37441 99 1014 902
str1_mask.png 38333 100 1245 821
str1_mask.png 38750 101 1146 834
str1_mask.png 39399 102 1330 735
str1_mask.png 39518 103 1431 473
str1_mask.png 39818 104 1432 269
str1_mask.png 40102 105 1414 290
str1_mask.png 40352 106 1006 63
#3
str1_mask.png 61538 215 992 476
str1_mask.png 61998 216 993 478
str1_mask.png 62398 217 925 119
str1_mask.png 62749 218 931 57
str1_mask.png 63534 219 1489 483
str1_mask.png 63717 220 1426 509
str1_mask.png 64034 221 1324 791
str1_mask.png 64284 222 1156 877
str1_mask.png 64517 223 908 904
str1_mask.png 64700 224 546 809
str1_mask.png 64866 225 534 749
str1_mask.png 65150 226 494 457
str1_mask.png 65466 227 501 326
str1_mask.png 65866 228 1037 56
str1_mask.png 66350 229 1466 330
str1_mask.png 66617 230 1474 278
str1_mask.png 66884 231 1469 517
str1_mask.png 67100 232 1454 268
str1_mask.png 68284 233 521 236
str1_mask.png 68450 234 497 323
str1_mask.png 68717 235 403 554
str1_mask.png 68950 236 449 540
str1_mask.png 69233 237 543 724
str1_mask.png 69534 238 560 703
str1_mask.png 69650 239 695 834
str1_mask.png 70083 240 979 905
str1_mask.png 70300 241 1191 906
str1_mask.png 70567 242 1193 891
str1_mask.png 70867 243 1366 822
str1_mask.png 71051 244 1474 622
str1_mask.png 71234 245 1441 506
#4
str1_mask.png 50882 109 1002 581
str1_mask.png 51217 110 1508 522
str1_mask.png 51619 111 1093 943
str1_mask.png 51802 112 987 968
str1_mask.png 52136 113 450 509
str1_mask.png 52335 114 505 408
str1_mask.png 52819 115 1048 94
str1_mask.png 53052 116 951 1018
str1_mask.png 53219 117 1182 969
str1_mask.png 54352 118 480 694
str1_mask.png 54552 119 534 784
str1_mask.png 54769 120 694 889
str1_mask.png 55102 121 387 589
str1_mask.png 56069 122 838 39
str1_mask.png 56269 123 397 455
str1_mask.png 56419 124 487 440
str1_mask.png 56585 125 1236 931
str1_mask.png 57802 126 867 33
str1_mask.png 59418 127 1215 841
str1_mask.png 59518 128 1129 934
str1_mask.png 59818 129 1364 885
str1_mask.png 60302 130 1269 192
str1_mask.png 60518 131 1277 171
#5
str1_mask.png 40395 115 1032 516
str1_mask.png 41028 116 1101 112
str1_mask.png 41545 117 838 5
str1_mask.png 42028 118 399 584
str1_mask.png 42378 119 548 708
str1_mask.png 42595 120 715 836
str1_mask.png 42678 121 705 849
str1_mask.png 43478 122 1020 945
str1_mask.png 43778 123 1001 958
str1_mask.png 43928 124 1182 954
str1_mask.png 44362 125 1292 827
str1_mask.png 45329 126 1440 592
str1_mask.png 45512 127 1425 522
str1_mask.png 45729 128 1335 301
str1_mask.png 46712 129 750 437
str1_mask.png 46845 130 1173 320
str1_mask.png 46945 131 1154 270
str1_mask.png 47245 132 1411 268
str1_mask.png 47595 133 1339 256
str1_mask.png 48129 134 1119 176
str1_mask.png 50179 136 876 397
#6
str1_mask.png 53052 144 929 525
str1_mask.png 53719 145 900 53
str1_mask.png 54052 146 930 75
str1_mask.png 54369 147 1188 154
str1_mask.png 54535 148 1405 244
str1_mask.png 54802 149 1427 310
str1_mask.png 55068 150 1420 324
str1_mask.png 55419 151 1426 585
str1_mask.png 55885 152 1308 832
str1_mask.png 56252 153 1132 920
str1_mask.png 56702 154 592 860
str1_mask.png 56837 155 584 888
str1_mask.png 56970 156 466 756
str1_mask.png 57153 157 465 787
str1_mask.png 57304 158 432 474
str1_mask.png 57570 159 426 349
str1_mask.png 57720 160 674 116
str1_mask.png 58387 161 941 57
str1_mask.png 58587 162 946 96
str1_mask.png 59538 163 636 189
str1_mask.png 59988 164 661 126
str1_mask.png 60088 165 672 120
str1_mask.png 60438 166 667 115
str1_mask.png 60688 167 671 121
str1_mask.png 61088 168 666 119
str1_mask.png 61405 169 409 330
str1_mask.png 61838 170 428 346
str1_mask.png 62288 171 411 312
str1_mask.png 62571 172 413 310
str1_mask.png 62771 173 419 325
#7
str1_mask.png 28475 97 934 410
str1_mask.png 28858 98 876 213
str1_mask.png 29058 99 916 425
str1_mask.png 29808 100 936 491
str1_mask.png 33275 101 853 203
str1_mask.png 33708 102 742 793
str1_mask.png 33958 103 959 615
str1_mask.png 34558 104 816 484
str1_mask.png 34841 105 1371 608
str1_mask.png 35042 106 1400 566
str1_mask.png 35192 107 1150 833
str1_mask.png 35458 108 901 884
str1_mask.png 35608 109 809 395
str1_mask.png 36308 110 929 420
str1_mask.png 37841 111 933 427
#8
str1_mask.png 45837 168 1011 511
str1_mask.png 45987 169 542 254
str1_mask.png 46154 170 441 420
str1_mask.png 46691 171 739 124
str1_mask.png 47207 172 1044 64
str1_mask.png 47308 173 904 112
str1_mask.png 47442 174 999 23
str1_mask.png 47691 175 1314 139
str1_mask.png 47858 176 1308 126
str1_mask.png 48692 177 1384 271
str1_mask.png 48809 178 1441 243
str1_mask.png 49142 179 1463 559
str1_mask.png 49525 180 1427 510
str1_mask.png 49758 181 1292 802
str1_mask.png 50292 182 1308 788
str1_mask.png 50559 183 1120 898
str1_mask.png 50925 184 881 955
str1_mask.png 51492 185 615 891
str1_mask.png 52175 186 429 779
str1_mask.png 52525 187 433 756
str1_mask.png 53058 188 304 611
str1_mask.png 53792 189 343 353
str1_mask.png 54225 190 342 347
str1_mask.png 54775 191 309 633
str1_mask.png 55158 192 345 314
str1_mask.png 55375 193 695 85
str1_mask.png 55625 194 1204 794
#9
str1_mask.png 40756 137 880 338
str1_mask.png 40989 138 928 120
str1_mask.png 41288 139 932 393
str1_mask.png 41605 140 1443 377
str1_mask.png 41723 141 1403 376
str1_mask.png 41856 142 1455 577
str1_mask.png 42239 143 1293 831
str1_mask.png 42556 144 949 914
str1_mask.png 42806 145 620 851
str1_mask.png 43122 146 488 739
str1_mask.png 43405 147 485 328
str1_mask.png 43689 148 834 165
str1_mask.png 43889 149 931 132
str1_mask.png 44339 150 1262 228
str1_mask.png 44688 151 1397 321
str1_mask.png 45089 152 1440 580
str1_mask.png 45589 153 1284 851
str1_mask.png 45839 154 915 943
str1_mask.png 46356 155 648 901
str1_mask.png 46706 156 516 793
str1_mask.png 47672 157 506 785
str1_mask.png 47789 158 399 627
str1_mask.png 47938 159 421 623
str1_mask.png 48172 160 458 386
str1_mask.png 48655 161 707 208
str1_mask.png 48988 162 936 144
str1_mask.png 49472 163 1245 224
str1_mask.png 49922 164 1412 344
str1_mask.png 50039 165 1395 345
#10
str1_mask.png 31766 92 948 544
str1_mask.png 32106 93 897 471
str1_mask.png 32439 94 516 407
str1_mask.png 32656 95 681 271
str1_mask.png 33006 96 938 131
str1_mask.png 33309 97 845 53
str1_mask.png 35812 98 1308 828
str1_mask.png 36130 99 1164 917
str1_mask.png 36430 100 933 934
str1_mask.png 37046 101 724 945
str1_mask.png 37263 102 738 925
str1_mask.png 37563 103 942 994
str1_mask.png 38636 104 1431 475
str1_mask.png 38805 105 1453 564
str1_mask.png 38988 106 1369 357
str1_mask.png 39288 107 514 630
str1_mask.png 39623 108 471 627
str1_mask.png 39840 109 567 786
str1_mask.png 40140 110 836 880
str1_mask.png 40306 111 976 947
str1_mask.png 40556 112 1035 996
str1_mask.png 40939 113 936 1000
str1_mask.png 41673 114 985 1054
#11
str1_mask.png 52822 74 963 564
str1_mask.png 52906 75 975 543
str1_mask.png 53458 76 931 42
str1_mask.png 53561 77 728 99
str1_mask.png 53879 78 496 213
str1_mask.png 54096 79 450 322
str1_mask.png 54329 80 871 66
str1_mask.png 54513 81 958 40
str1_mask.png 54762 82 1231 124
str1_mask.png 54946 83 1294 117
str1_mask.png 55229 84 1276 122
str1_mask.png 55579 85 1286 93
str1_mask.png 55863 86 1406 291
str1_mask.png 56013 87 1479 276
str1_mask.png 56163 88 1485 569
str1_mask.png 56446 89 1423 502
str1_mask.png 56730 90 1337 790
str1_mask.png 56880 91 1327 808
str1_mask.png 57030 92 1321 857
str1_mask.png 57463 93 1141 913
str1_mask.png 57780 94 945 982
str1_mask.png 58362 95 643 945
str1_mask.png 58466 96 644 881
str1_mask.png 58719 97 913 948
str1_mask.png 59135 98 950 983
str1_mask.png 59436 99 948 1018
str1_mask.png 59669 100 849 987
str1_mask.png 60187 101 957 903
str1_mask.png 60343 102 903 936
str1_mask.png 60710 103 805 970
str1_mask.png 60893 104 629 914
str1_mask.png 61426 105 602 913
str1_mask.png 61543 106 640 884
str1_mask.png 61993 107 612 946
#12
str1_mask.png 58520 113 988 341
str1_mask.png 59003 114 990 451
str1_mask.png 59353 115 583 429
str1_mask.png 59586 116 466 399
str1_mask.png 59936 117 1409 561
str1_mask.png 60054 118 1361 561
str1_mask.png 60154 119 1409 530
str1_mask.png 60604 120 1403 391
str1_mask.png 60804 121 1448 325
str1_mask.png 60987 122 960 126
str1_mask.png 61187 123 673 127
str1_mask.png 61603 124 470 462
str1_mask.png 61837 125 432 364
str1_mask.png 62087 126 410 377
str1_mask.png 62937 127 406 357
str1_mask.png 63186 128 385 605
str1_mask.png 63720 129 568 773
str1_mask.png 63903 130 792 898
str1_mask.png 64237 131 1255 802
str1_mask.png 64486 132 1166 937
str1_mask.png 64670 133 1341 859
str1_mask.png 64804 134 1309 848
str1_mask.png 64904 135 1314 813
str1_mask.png 65170 136 1146 892
str1_mask.png 65487 137 1457 616
str1_mask.png 65820 138 1401 409
str1_mask.png 66037 139 1407 321
str1_mask.png 66570 140 1446 541
str1_mask.png 66803 141 1408 523
str1_mask.png 67120 142 1040 132
str1_mask.png 67287 143 907 76
str1_mask.png 67487 144 859 67
str1_mask.png 67737 145 646 94
str1_mask.png 68104 146 883 76
#13
str1_mask.png 49323 165 710 296
str1_mask.png 49607 166 802 152
str1_mask.png 49773 167 927 114
str1_mask.png 49973 168 1198 156
str1_mask.png 50256 169 1383 328
str1_mask.png 50424 170 1347 350
str1_mask.png 50574 171 1413 568
str1_mask.png 51390 172 1238 877
str1_mask.png 51557 173 1271 868
str1_mask.png 51724 174 1126 942
str1_mask.png 51924 175 854 980
str1_mask.png 52107 176 652 948
str1_mask.png 52457 177 522 819
str1_mask.png 52723 178 507 795
str1_mask.png 53056 179 406 597
str1_mask.png 53540 180 443 401
str1_mask.png 53990 181 428 377
str1_mask.png 54173 182 649 176
str1_mask.png 54390 183 686 138
str1_mask.png 54673 184 809 136
str1_mask.png 54773 185 947 122
str1_mask.png 55206 186 1206 178
str1_mask.png 55456 187 1313 279
str1_mask.png 55607 188 1278 295
str1_mask.png 55773 189 1196 232
str1_mask.png 55923 190 1339 357
str1_mask.png 56207 191 1410 606
str1_mask.png 56673 192 1200 922
str1_mask.png 56840 193 1131 942
str1_mask.png 57223 194 909 978
str1_mask.png 57757 195 976 998
str1_mask.png 58123 196 1267 868
str1_mask.png 58440 197 1276 834
str1_mask.png 58923 198 1295 883
#14
str1_mask.png 86219 266 950 469
str1_mask.png 86535 267 495 378
str1_mask.png 86685 268 555 321
str1_mask.png 86868 269 1004 179
str1_mask.png 87051 270 997 73
str1_mask.png 87551 271 823 63
str1_mask.png 87785 272 862 68
str1_mask.png 88068 273 772 53
str1_mask.png 88535 274 1462 492
str1_mask.png 89019 275 1237 819
str1_mask.png 89235 276 1056 927
str1_mask.png 89419 277 1125 916
str1_mask.png 89652 278 1290 835
str1_mask.png 89885 279 652 882
str1_mask.png 90319 280 474 767
str1_mask.png 90452 281 527 752
str1_mask.png 90768 282 408 565
str1_mask.png 91318 283 465 361
str1_mask.png 91851 284 757 146
str1_mask.png 92151 285 773 92
str1_mask.png 92735 286 1083 70
str1_mask.png 92885 287 995 53
str1_mask.png 93135 288 971 54
str1_mask.png 93418 289 1329 154
str1_mask.png 93569 290 1245 159
str1_mask.png 93685 291 1224 124
str1_mask.png 93935 292 1418 301
str1_mask.png 94602 293 1439 553
str1_mask.png 94952 294 1285 851
str1_mask.png 95202 295 1314 825
str1_mask.png 95502 296 1174 892
str1_mask.png 95769 297 907 947
str1_mask.png 96169 298 645 864
#15
str1_mask.png 52078 179 920 423
str1_mask.png 52245 180 871 156
str1_mask.png 52512 181 978 119
str1_mask.png 52795 182 1257 194
str1_mask.png 53128 183 1357 361
str1_mask.png 53446 184 1161 218
str1_mask.png 53612 185 823 176
str1_mask.png 53829 186 617 215
str1_mask.png 54096 187 406 382
str1_mask.png 54312 188 421 467
str1_mask.png 54629 189 586 826
str1_mask.png 54845 190 591 873
str1_mask.png 55029 191 500 831
str1_mask.png 55212 192 745 936
str1_mask.png 55445 193 965 954
str1_mask.png 55645 194 1157 936
str1_mask.png 55829 195 1317 872
str1_mask.png 56079 196 1490 574
str1_mask.png 56246 197 1440 589
str1_mask.png 56362 198 1416 530
str1_mask.png 56546 199 1397 365
str1_mask.png 56663 200 1382 384
str1_mask.png 57663 201 1332 354
str1_mask.png 58096 202 1366 373
str1_mask.png 58563 203 914 536
str1_mask.png 58829 204 682 650
str1_mask.png 58946 205 602 836
str1_mask.png 59112 206 449 836
str1_mask.png 59312 207 492 831
str1_mask.png 59445 208 493 826
str1_mask.png 59995 209 649 918
str1_mask.png 60229 210 926 959
str1_mask.png 60928 211 740 509
str1_mask.png 61128 212 510 415
str1_mask.png 61562 213 446 440
#16
str1_mask.png 77466 215 934 179
str1_mask.png 77649 216 782 139
str1_mask.png 77966 217 1008 88
str1_mask.png 78634 218 1470 313
str1_mask.png 78817 219 1527 540
str1_mask.png 79167 220 1332 834
str1_mask.png 79817 221 1166 931
str1_mask.png 80367 222 906 1001
str1_mask.png 80884 223 652 934
str1_mask.png 81150 224 489 812
str1_mask.png 81417 225 450 775
str1_mask.png 81666 226 504 769
str1_mask.png 81832 227 450 609
str1_mask.png 82249 228 362 612
str1_mask.png 82499 229 406 385
str1_mask.png 82733 230 404 377
str1_mask.png 83149 231 388 374
str1_mask.png 83366 232 467 344
str1_mask.png 83516 233 725 136
str1_mask.png 83765 234 767 99
str1_mask.png 83932 235 751 124
str1_mask.png 84349 236 796 156
str1_mask.png 84833 237 1256 176
str1_mask.png 86367 238 1509 280
str1_mask.png 86550 239 1500 504
str1_mask.png 87067 240 1483 548
#17
str1_mask.png 64948 192 921 429
str1_mask.png 65164 193 923 51
str1_mask.png 65681 194 724 76
str1_mask.png 66000 195 489 324
str1_mask.png 66217 196 453 400
str1_mask.png 66484 197 585 780
str1_mask.png 66701 198 734 887
str1_mask.png 66967 199 971 961
str1_mask.png 67350 200 1460 610
str1_mask.png 67500 201 1454 617
str1_mask.png 67967 202 1384 310
str1_mask.png 68352 203 1216 206
str1_mask.png 68752 204 918 109
str1_mask.png 69036 205 803 246
str1_mask.png 69469 206 884 422
str1_mask.png 69736 207 884 428
str1_mask.png 69952 208 868 458
str1_mask.png 70136 209 841 424
str1_mask.png 70369 210 839 433
str1_mask.png 70502 211 849 438
str1_mask.png 70819 212 975 410
str1_mask.png 71136 213 1176 482
str1_mask.png 72088 214 444 342
str1_mask.png 72421 215 729 818
str1_mask.png 72755 216 513 764
str1_mask.png 73071 217 735 902
str1_mask.png 73355 218 689 899
str1_mask.png 73555 219 996 944
str1_mask.png 73738 220 973 967
#18
str1_mask.png 33030 123 585 364
str1_mask.png 33364 124 480 385
str1_mask.png 33630 125 538 399
str1_mask.png 33980 126 482 405
str1_mask.png 34397 127 762 171
str1_mask.png 34630 128 714 151
str1_mask.png 34830 129 981 130
str1_mask.png 35197 130 1172 174
str1_mask.png 35747 131 1197 197
str1_mask.png 36314 132 1222 216
str1_mask.png 36514 133 1387 345
str1_mask.png 36964 134 1440 559
str1_mask.png 37747 135 1462 588
str1_mask.png 37930 136 1311 841
str1_mask.png 38397 137 1157 922
str1_mask.png 38647 138 966 949
str1_mask.png 38997 139 939 966
str1_mask.png 39380 140 975 982
str1_mask.png 39747 141 651 918
str1_mask.png 39963 142 694 908
str1_mask.png 40130 143 540 838
str1_mask.png 40347 144 533 797
str1_mask.png 40863 145 455 678
str1_mask.png 41180 146 458 645
str1_mask.png 41563 147 429 623
str1_mask.png 41929 148 471 478
str1_mask.png 42396 149 481 422
#19
str1_mask.png 26197 100 781 383
str1_mask.png 26614 101 923 491
str1_mask.png 26831 102 846 82
str1_mask.png 27064 103 1005 128
str1_mask.png 27414 104 751 105
str1_mask.png 27564 105 512 306
str1_mask.png 27781 106 471 421
str1_mask.png 28064 107 412 642
str1_mask.png 28264 108 526 793
str1_mask.png 28531 109 694 904
str1_mask.png 28814 110 931 951
str1_mask.png 29047 111 1168 920
str1_mask.png 29247 112 1315 837
str1_mask.png 29598 113 1405 533
str1_mask.png 29681 114 1396 351
str1_mask.png 30014 115 1220 188
str1_mask.png 30314 116 931 94
str1_mask.png 30564 117 682 126
str1_mask.png 31015 118 434 354
str1_mask.png 31114 119 490 377
str1_mask.png 31464 120 455 639
str1_mask.png 31748 121 610 842
str1_mask.png 31981 122 722 916
str1_mask.png 32198 123 917 963
str1_mask.png 32481 124 1227 910
str1_mask.png 32698 125 1384 461
str1_mask.png 32815 126 1377 356
str1_mask.png 33082 127 1209 195
str1_mask.png 33348 128 657 164
str1_mask.png 33765 129 875 84
str1_mask.png 34348 130 425 497
str1_mask.png 34431 131 458 489
str1_mask.png 34548 132 463 606
str1_mask.png 34815 133 537 782
str1_mask.png 35198 134 866 970
str1_mask.png 35615 135 983 937
#20
str1_mask.png 35469 124 906 140
str1_mask.png 35919 125 969 129
str1_mask.png 36219 126 692 190
str1_mask.png 36452 127 1100 167
str1_mask.png 36802 128 1217 172
str1_mask.png 37502 129 795 882
str1_mask.png 37719 130 1136 150
str1_mask.png 37902 131 1227 165
str1_mask.png 38402 132 930 123
str1_mask.png 38669 133 670 195
str1_mask.png 38935 134 449 397
str1_mask.png 39519 135 427 673
str1_mask.png 39652 136 658 896
str1_mask.png 39936 137 518 804
str1_mask.png 40169 138 425 606
str1_mask.png 40485 139 1406 607
str1_mask.png 40919 140 1414 288
str1_mask.png 41369 141 1202 179
str1_mask.png 41785 142 708 176
str1_mask.png 42352 143 951 118
str1_mask.png 42802 144 977 944
str1_mask.png 43019 145 527 478
str1_mask.png 43202 146 600 237
str1_mask.png 43435 147 485 395
str1_mask.png 43669 148 460 630
str1_mask.png 44202 149 534 672
str1_mask.png 44352 150 957 942
str1_mask.png 44569 151 1220 902
#21
str1_mask.png 39072 138 975 527
str1_mask.png 39205 139 966 517
str1_mask.png 39888 140 970 348
str1_mask.png 40155 141 1002 475
str1_mask.png 41572 142 994 474
str1_mask.png 41939 143 915 439
str1_mask.png 42472 144 620 368
str1_mask.png 43255 145 960 313
str1_mask.png 43872 146 937 86
str1_mask.png 44272 147 1174 175
str1_mask.png 44957 148 1402 303
str1_mask.png 45491 149 1437 291
str1_mask.png 45857 150 1424 514
str1_mask.png 46391 151 1303 789
str1_mask.png 47007 152 1224 836
str1_mask.png 47157 153 1097 868
str1_mask.png 47724 154 879 904
str1_mask.png 48041 155 831 915
str1_mask.png 48674 156 631 883
str1_mask.png 48957 157 459 784
str1_mask.png 49074 158 485 749
#22
str1_mask.png 25438 98 1005 516
str1_mask.png 25742 99 1025 504
str1_mask.png 26059 100 733 215
str1_mask.png 26242 101 726 173
str1_mask.png 26425 102 938 174
str1_mask.png 26642 103 1025 170
str1_mask.png 26875 104 1136 195
str1_mask.png 26992 105 1219 219
str1_mask.png 27159 106 1239 236
str1_mask.png 27442 107 1383 342
str1_mask.png 27726 108 1443 347
str1_mask.png 27926 109 1479 363
str1_mask.png 28059 110 1472 521
str1_mask.png 28459 111 1502 564
str1_mask.png 28609 112 1349 836
str1_mask.png 29126 113 1170 917
str1_mask.png 29293 114 1171 915
str1_mask.png 29409 115 983 921
str1_mask.png 29559 116 981 920
str1_mask.png 29943 117 753 878
str1_mask.png 30159 118 689 865
str1_mask.png 30376 119 709 875
str1_mask.png 30576 120 563 824
str1_mask.png 31159 121 465 614
str1_mask.png 31409 122 450 467
str1_mask.png 31609 123 444 432
str1_mask.png 31809 124 476 369
str1_mask.png 32042 125 480 380
str1_mask.png 32409 126 518 417
str1_mask.png 32709 127 728 178
str1_mask.png 32875 128 676 187
str1_mask.png 33109 129 917 168
str1_mask.png 33259 130 1021 168
str1_mask.png 33475 131 1011 176
str1_mask.png 33842 132 1407 326
str1_mask.png 34293 133 1500 596
str1_mask.png 34443 134 1313 885
str1_mask.png 34660 135 1153 909
#23
str1_mask.png 56227 214 987 536
str1_mask.png 56343 215 1004 524
str1_mask.png 56594 216 1040 236
str1_mask.png 56710 217 994 145
str1_mask.png 56927 218 935 112
str1_mask.png 57110 219 722 165
str1_mask.png 57344 220 485 340
str1_mask.png 57577 221 460 392
str1_mask.png 57960 222 386 589
str1_mask.png 58177 223 466 659
str1_mask.png 58344 224 523 781
str1_mask.png 58544 225 730 894
str1_mask.png 58777 226 1010 953
str1_mask.png 59278 227 1171 925
str1_mask.png 59428 228 1212 916
str1_mask.png 59596 229 1376 840
str1_mask.png 60355 230 1421 582
str1_mask.png 60494 231 1434 381
str1_mask.png 60944 232 1462 608
str1_mask.png 61461 233 1435 472
str1_mask.png 61577 234 1395 332
str1_mask.png 61811 235 1226 210
str1_mask.png 62161 236 1197 215
str1_mask.png 62811 237 993 153
str1_mask.png 63061 238 916 124
str1_mask.png 63494 239 702 146
str1_mask.png 64127 240 954 130
str1_mask.png 64427 241 670 154
str1_mask.png 64661 242 704 156
str1_mask.png 64977 243 432 402
str1_mask.png 65093 244 476 399
str1_mask.png 65593 245 408 577
str1_mask.png 65943 246 945 949
#24
str1_mask.png 24961 81 1017 474
str1_mask.png 26029 82 765 77
str1_mask.png 26648 83 1087 720
str1_mask.png 27081 84 1246 867
str1_mask.png 27298 85 1395 826
str1_mask.png 27415 86 1331 826
str1_mask.png 27965 87 1146 898
str1_mask.png 28098 88 1143 891
str1_mask.png 28465 89 960 958
str1_mask.png 28848 90 631 889
str1_mask.png 29048 91 669 878
str1_mask.png 29248 92 484 800
str1_mask.png 29597 93 546 745
str1_mask.png 29847 94 493 586
str1_mask.png 29997 95 482 358
str1_mask.png 30764 96 521 299
str1_mask.png 31114 97 775 89
str1_mask.png 31531 98 1013 87
str1_mask.png 32031 99 1216 110
str1_mask.png 32232 100 1414 234
str1_mask.png 32615 101 1480 482
str1_mask.png 32798 102 1442 538
str1_mask.png 34132 103 408 621
str1_mask.png 34231 104 467 593
str1_mask.png 34548 105 434 609
str1_mask.png 34764 106 542 712
#25
str1_mask.png 50922 147 1008 449
str1_mask.png 51938 148 1033 426
str1_mask.png 52071 149 1022 467
str1_mask.png 52588 150 1042 413
str1_mask.png 52755 151 1030 431
str1_mask.png 53071 152 1018 493
str1_mask.png 53255 153 1019 468
str1_mask.png 53505 154 1033 446
str1_mask.png 53872 155 1047 533
str1_mask.png 53972 156 1032 426
str1_mask.png 54105 157 1033 484
str1_mask.png 54255 158 1066 463
str1_mask.png 54472 159 1082 416
str1_mask.png 54572 160 1066 469
str1_mask.png 54788 161 1050 481
str1_mask.png 55105 162 1048 477
str1_mask.png 55405 163 1075 485
str1_mask.png 55672 164 1098 472
str1_mask.png 56072 165 1107 492
str1_mask.png 56188 166 1131 463
str1_mask.png 56655 167 1114 463
str1_mask.png 56922 168 1131 463
str1_mask.png 57271 169 1114 464
str1_mask.png 57605 170 1121 458
str1_mask.png 57805 171 1046 443
str1_mask.png 58171 172 1054 444
str1_mask.png 58305 173 864 410
str1_mask.png 58588 174 878 468
str1_mask.png 58805 175 982 435
str1_mask.png 59538 176 1098 444
str1_mask.png 59671 177 1042 468
#26
str1_mask.png 59680 200 887 434
str1_mask.png 59846 201 890 418
str1_mask.png 61030 202 1019 72
str1_mask.png 61434 203 1511 260
str1_mask.png 61685 204 1316 296
str1_mask.png 61785 205 1360 344
str1_mask.png 61952 206 1370 565
str1_mask.png 62369 207 1453 639
str1_mask.png 62535 208 1290 854
str1_mask.png 62819 209 1287 877
str1_mask.png 62952 210 1110 962
str1_mask.png 63102 211 1088 953
str1_mask.png 63269 212 1091 933
str1_mask.png 63502 213 874 982
str1_mask.png 63769 214 924 995
str1_mask.png 63968 215 612 912
str1_mask.png 64168 216 715 910
str1_mask.png 64401 217 420 823
str1_mask.png 64984 218 512 606
str1_mask.png 65518 219 476 406
str1_mask.png 65818 220 431 411
str1_mask.png 66868 221 389 335
str1_mask.png 67418 222 465 412
str1_mask.png 67684 223 343 407
str1_mask.png 68001 224 460 441
str1_mask.png 68284 225 374 417
str1_mask.png 68484 226 449 357
str1_mask.png 68934 227 469 291
str1_mask.png 69167 228 475 372
str1_mask.png 69417 229 461 396
#27
str1_mask.png 23448 87 1005 473
str1_mask.png 24065 88 977 91
str1_mask.png 24298 89 575 239
str1_mask.png 24515 90 496 337
str1_mask.png 24731 91 699 867
str1_mask.png 25065 92 1029 922
str1_mask.png 25348 93 1260 892
str1_mask.png 25899 94 1318 787
str1_mask.png 26082 95 1414 520
str1_mask.png 26315 96 1431 326
str1_mask.png 26582 97 1432 327
str1_mask.png 26732 98 1208 196
str1_mask.png 27015 99 1184 190
str1_mask.png 27232 100 1168 184
str1_mask.png 27648 101 801 75
str1_mask.png 27882 102 612 125
str1_mask.png 27998 103 771 95
str1_mask.png 28148 104 801 51
str1_mask.png 28431 105 717 123
str1_mask.png 28648 106 511 299
str1_mask.png 28915 107 504 359
str1_mask.png 29115 108 547 369
str1_mask.png 29448 109 445 595
str1_mask.png 29765 110 487 573
str1_mask.png 30015 111 535 759
str1_mask.png 30265 112 548 713
str1_mask.png 30664 113 695 834
str1_mask.png 30814 114 709 870
str1_mask.png 30931 115 741 852
str1_mask.png 31198 116 722 909
str1_mask.png 31381 117 748 849
str1_mask.png 31598 118 983 901
str1_mask.png 32048 119 982 946
str1_mask.png 32248 120 1222 923
str1_mask.png 32431 121 1235 877
str1_mask.png 32848 122 1409 823
str1_mask.png 32982 123 1303 819
#28
str1_mask.png 48469 166 945 200
str1_mask.png 48686 167 940 139
str1_mask.png 48936 168 734 131
str1_mask.png 49403 169 932 95
str1_mask.png 49653 170 1285 179
str1_mask.png 49986 171 1242 211
str1_mask.png 50253 172 1448 315
str1_mask.png 50803 173 1497 558
str1_mask.png 51655 174 1186 885
str1_mask.png 51905 175 863 879
str1_mask.png 52106 176 696 840
str1_mask.png 52422 177 517 638
str1_mask.png 52639 178 459 437
str1_mask.png 52955 179 451 373
str1_mask.png 53322 180 451 559
str1_mask.png 53639 181 542 681
str1_mask.png 53855 182 542 729
str1_mask.png 54172 183 513 621
str1_mask.png 54572 184 939 126
str1_mask.png 54822 185 735 162
str1_mask.png 55155 186 963 116
str1_mask.png 55405 187 1270 188
str1_mask.png 55689 188 1486 323
str1_mask.png 56055 189 1427 349
str1_mask.png 56289 190 556 338
str1_mask.png 56389 191 538 331
str1_mask.png 56622 192 489 369
str1_mask.png 57089 193 482 411
str1_mask.png 57439 194 469 348
str1_mask.png 57989 195 465 379
#29
str1_mask.png 65420 225 437 360
str1_mask.png 65620 226 968 240
str1_mask.png 65870 227 1000 130
str1_mask.png 66303 228 784 151
str1_mask.png 66453 229 963 94
str1_mask.png 66820 230 1316 200
str1_mask.png 67203 231 1289 200
str1_mask.png 67504 232 1367 308
str1_mask.png 67687 233 1199 218
str1_mask.png 67987 234 1353 316
str1_mask.png 68304 235 1409 319
str1_mask.png 68687 236 1450 571
str1_mask.png 69687 237 1282 786
str1_mask.png 69921 238 1287 812
str1_mask.png 70504 239 1301 843
str1_mask.png 70637 240 1130 895
str1_mask.png 71304 241 912 937
str1_mask.png 71704 242 875 946
str1_mask.png 71987 243 973 983
str1_mask.png 72321 244 978 964
str1_mask.png 72587 245 611 870
str1_mask.png 72821 246 664 866
str1_mask.png 73904 247 632 897
str1_mask.png 74153 248 517 754
#30
str1_mask.png 54236 194 833 245
str1_mask.png 54486 195 733 187
str1_mask.png 54786 196 991 126
str1_mask.png 55119 197 1230 198
str1_mask.png 55486 198 1435 353
str1_mask.png 55620 199 1408 360
str1_mask.png 55837 200 1464 354
str1_mask.png 56070 201 1224 213
str1_mask.png 56386 202 1437 551
str1_mask.png 56637 203 1212 197
str1_mask.png 56803 204 1420 603
str1_mask.png 57086 205 1417 553
str1_mask.png 57387 206 1279 882
str1_mask.png 57636 207 1331 851
str1_mask.png 57770 208 1308 869
str1_mask.png 57853 209 1342 888
str1_mask.png 58203 210 1310 830
str1_mask.png 58420 211 1139 960
str1_mask.png 58687 212 1151 923
str1_mask.png 58853 213 919 962
str1_mask.png 59170 214 1001 988
str1_mask.png 59420 215 697 926
str1_mask.png 59603 216 731 896
str1_mask.png 59803 217 523 813
str1_mask.png 60003 218 531 783
str1_mask.png 60769 219 402 603
str1_mask.png 61136 220 473 616
str1_mask.png 61519 221 441 414
str1_mask.png 61986 222 498 437
str1_mask.png 62269 223 456 443
str1_mask.png 62686 224 466 324
str1_mask.png 62886 225 685 202
str1_mask.png 63103 226 735 157
str1_mask.png 63519 227 687 186
str1_mask.png 63653 228 649 224
str1_mask.png 63919 229 732 151
#31
str1_mask.png 50023 185 952 459
str1_mask.png 50358 186 622 203
str1_mask.png 50708 187 383 418
str1_mask.png 50824 188 424 433
str1_mask.png 51058 189 420 501
str1_mask.png 51174 190 418 626
str1_mask.png 51608 191 564 812
str1_mask.png 51792 192 687 868
str1_mask.png 52008 193 1051 902
str1_mask.png 52392 194 1566 47
str1_mask.png 52559 195 997 802
str1_mask.png 52759 196 917 926
str1_mask.png 52959 197 1176 894
str1_mask.png 53126 198 1302 815
str1_mask.png 53775 199 1427 571
str1_mask.png 54025 200 1397 304
str1_mask.png 54409 201 1192 187
str1_mask.png 54659 202 884 102
str1_mask.png 55025 203 631 118
str1_mask.png 55575 204 437 329
str1_mask.png 55708 205 473 360
str1_mask.png 55942 206 925 97
str1_mask.png 56225 207 1234 177
str1_mask.png 56525 208 1461 309
str1_mask.png 56659 209 1408 330
str1_mask.png 57009 210 1465 571
str1_mask.png 57326 211 1416 543
str1_mask.png 57592 212 1270 812
str1_mask.png 58009 213 1121 908
str1_mask.png 58342 214 1132 886
str1_mask.png 58709 215 882 939
str1_mask.png 59076 216 651 886
str1_mask.png 59176 217 661 902
str1_mask.png 59442 218 513 774
str1_mask.png 60041 219 376 611
#32
str1_mask.png 38353 143 968 502
str1_mask.png 38653 144 957 105
str1_mask.png 38970 145 814 115
str1_mask.png 39103 146 752 131
str1_mask.png 39186 147 941 105
str1_mask.png 39470 148 1266 183
str1_mask.png 39753 149 1217 181
str1_mask.png 40286 150 1439 322
str1_mask.png 40404 151 1403 309
str1_mask.png 40804 152 1220 167
str1_mask.png 41070 153 1188 174
str1_mask.png 41704 154 1385 427
str1_mask.png 41887 155 1474 610
str1_mask.png 42020 156 1429 550
str1_mask.png 42304 157 1353 685
str1_mask.png 42471 158 1431 565
str1_mask.png 42687 159 1310 801
str1_mask.png 42970 160 1145 879
str1_mask.png 43137 161 1305 803
str1_mask.png 43404 162 1112 875
str1_mask.png 43587 163 928 912
str1_mask.png 43937 164 778 893
str1_mask.png 44254 165 725 867
str1_mask.png 44520 166 531 758
str1_mask.png 44620 167 551 760
str1_mask.png 44920 168 479 425
str1_mask.png 45437 169 467 606
str1_mask.png 45720 170 518 615
str1_mask.png 46120 171 513 596
str1_mask.png 46237 172 502 351
str1_mask.png 46587 173 486 374
str1_mask.png 46853 174 466 369
str1_mask.png 47153 175 709 176
str1_mask.png 47453 176 741 130
#33
str1_mask.png 37313 118 710 132
str1_mask.png 37446 119 946 30
str1_mask.png 37579 120 933 50
str1_mask.png 37846 121 1215 125
str1_mask.png 38146 122 1406 251
str1_mask.png 38513 123 1397 282
str1_mask.png 38662 124 1486 554
str1_mask.png 38764 125 1458 523
str1_mask.png 39014 126 1417 528
str1_mask.png 39115 127 1425 611
str1_mask.png 39350 128 1398 572
str1_mask.png 39467 129 1405 465
str1_mask.png 39667 130 1283 858
str1_mask.png 39850 131 1309 789
str1_mask.png 40184 132 1123 914
str1_mask.png 40484 133 894 912
str1_mask.png 40850 134 1160 888
str1_mask.png 41034 135 730 880
str1_mask.png 41300 136 910 899
str1_mask.png 41450 137 920 902
str1_mask.png 41767 138 855 903
str1_mask.png 42050 139 644 848
str1_mask.png 42334 140 473 766
str1_mask.png 42567 141 465 727
str1_mask.png 42800 142 355 546
str1_mask.png 42900 143 400 492
str1_mask.png 43216 144 439 233
str1_mask.png 43833 145 448 222
str1_mask.png 44250 146 699 18
str1_mask.png 44550 148 904 11
str1_mask.png 44866 149 692 50
str1_mask.png 45133 150 966 16
str1_mask.png 45583 151 770 22
str1_mask.png 45716 152 1305 64
str1_mask.png 46233 154 746 9
str1_mask.png 46650 156 706 2
#34
str1_mask.png 32284 109 588 493
str1_mask.png 32601 110 977 528
str1_mask.png 33167 111 429 519
str1_mask.png 33700 112 483 425
str1_mask.png 34067 113 788 178
str1_mask.png 34701 114 1109 152
str1_mask.png 34884 115 1294 218
str1_mask.png 35184 116 1431 384
str1_mask.png 35485 117 1428 596
str1_mask.png 35669 118 1045 1003
str1_mask.png 36035 119 951 1004
str1_mask.png 36218 120 648 923
str1_mask.png 36568 121 500 506
str1_mask.png 37184 122 498 499
str1_mask.png 37584 123 517 617
str1_mask.png 37801 124 518 608
str1_mask.png 38568 125 461 339
str1_mask.png 38918 126 516 444
str1_mask.png 39284 127 826 476
str1_mask.png 39668 128 1074 533
str1_mask.png 39987 129 1030 556
str1_mask.png 40653 130 995 565
str1_mask.png 40920 131 996 546
str1_mask.png 41186 132 999 561
str1_mask.png 41503 133 465 391
str1_mask.png 41670 134 456 380
#35
str1_mask.png 46328 156 697 221
str1_mask.png 46445 157 966 97
str1_mask.png 46711 158 891 86
str1_mask.png 46961 159 1070 118
str1_mask.png 47161 160 1227 160
str1_mask.png 47478 161 1428 335
str1_mask.png 47595 162 1380 328
str1_mask.png 47712 163 1439 333
str1_mask.png 47879 164 1388 535
str1_mask.png 48229 165 1237 880
str1_mask.png 48395 166 1278 854
str1_mask.png 48728 167 923 928
str1_mask.png 49028 168 593 875
str1_mask.png 49228 169 475 793
str1_mask.png 49478 170 412 522
str1_mask.png 49661 171 412 381
str1_mask.png 50011 172 638 218
str1_mask.png 50295 173 705 146
str1_mask.png 50745 174 973 119
str1_mask.png 51078 175 1191 161
str1_mask.png 51345 176 1403 373
str1_mask.png 51478 177 1360 372
str1_mask.png 51712 178 1412 558
str1_mask.png 52212 179 1191 889
str1_mask.png 52512 180 1119 893
str1_mask.png 52912 181 899 903
str1_mask.png 53228 182 855 920
str1_mask.png 53528 183 1085 921
str1_mask.png 53762 184 1119 910
str1_mask.png 53995 185 1264 853
str1_mask.png 54178 186 588 844
str1_mask.png 54362 187 663 850
str1_mask.png 54545 188 495 779
str1_mask.png 54695 189 525 797
str1_mask.png 54795 190 503 768
str1_mask.png 54961 191 415 504
str1_mask.png 55161 192 407 394
str1_mask.png 55511 193 652 180
str1_mask.png 55744 194 716 143
#36
str1_mask.png 52947 182 988 518
str1_mask.png 53214 183 996 505
str1_mask.png 54380 184 994 90
str1_mask.png 54480 185 986 110
str1_mask.png 54697 186 646 146
str1_mask.png 55047 187 435 408
str1_mask.png 55197 188 453 650
str1_mask.png 55397 189 836 931
str1_mask.png 55680 190 1218 868
str1_mask.png 55814 191 1482 582
str1_mask.png 56064 192 1463 305
str1_mask.png 56348 193 1069 127
str1_mask.png 56632 194 957 78
str1_mask.png 57334 195 773 241
str1_mask.png 57650 196 455 442
str1_mask.png 57816 197 449 730
str1_mask.png 58217 198 534 777
str1_mask.png 58351 199 874 1003
str1_mask.png 59100 200 530 642
str1_mask.png 59837 201 782 124
str1_mask.png 60020 202 921 75
str1_mask.png 60120 203 936 61
str1_mask.png 60337 204 1248 205
str1_mask.png 60637 205 1448 367
str1_mask.png 60854 206 1450 588
str1_mask.png 61170 207 1316 839
str1_mask.png 61454 208 1159 929
str1_mask.png 61687 209 953 957
str1_mask.png 62037 210 705 851
#37
str1_mask.png 27143 105 1046 388
str1_mask.png 27771 106 466 388
str1_mask.png 28188 107 851 941
str1_mask.png 28471 108 938 952
str1_mask.png 28671 109 1187 938
str1_mask.png 29021 110 1341 842
str1_mask.png 29122 111 1301 830
str1_mask.png 29588 112 1437 573
str1_mask.png 29972 113 1450 517
str1_mask.png 30155 114 1444 540
str1_mask.png 30288 115 1436 358
str1_mask.png 30438 116 1363 310
str1_mask.png 30705 117 1214 178
str1_mask.png 30988 118 945 123
str1_mask.png 31188 119 934 113
str1_mask.png 31322 120 795 103
str1_mask.png 31538 121 683 106
str1_mask.png 31888 122 721 278
str1_mask.png 32288 123 734 129
str1_mask.png 32471 124 628 194
str1_mask.png 32688 125 760 91
str1_mask.png 32921 126 504 333
str1_mask.png 33004 127 497 357
str1_mask.png 33154 128 447 403
str1_mask.png 33438 129 420 589
str1_mask.png 33704 130 519 770
str1_mask.png 33904 131 908 953
str1_mask.png 34054 132 651 902
str1_mask.png 34254 133 514 778
str1_mask.png 34538 134 922 353
str1_mask.png 34688 135 1018 231
str1_mask.png 34788 136 1013 241
str1_mask.png 34971 137 1296 208
str1_mask.png 35071 138 1231 187
str1_mask.png 35521 139 1220 624
str1_mask.png 35855 140 1150 340
str1_mask.png 36271 141 955 376
str1_mask.png 36755 142 1446 405
str1_mask.png 36988 143 1263 735
#38
str1_mask.png 38832 144 983 547
str1_mask.png 39149 145 1139 466
str1_mask.png 39649 146 1049 241
str1_mask.png 39882 147 995 128
str1_mask.png 40066 148 994 152
str1_mask.png 40232 149 736 159
str1_mask.png 40516 150 508 374
str1_mask.png 40616 151 511 384
str1_mask.png 40916 152 429 636
str1_mask.png 41266 153 686 869
str1_mask.png 41449 154 1002 961
str1_mask.png 41866 155 1172 931
str1_mask.png 41999 156 1515 558
str1_mask.png 42249 157 1491 335
str1_mask.png 42482 158 1415 351
str1_mask.png 43032 159 1416 759
str1_mask.png 43182 160 1341 824
str1_mask.png 43382 161 1413 412
str1_mask.png 43649 162 1237 205
str1_mask.png 43899 163 1027 129
str1_mask.png 44165 164 652 411
str1_mask.png 44332 165 483 680
str1_mask.png 44599 166 523 656
str1_mask.png 44832 167 527 733
str1_mask.png 45115 168 521 744
str1_mask.png 45565 169 699 869
str1_mask.png 46015 170 949 944
str1_mask.png 46365 171 1335 826
str1_mask.png 46449 172 1311 836
str1_mask.png 46715 173 1360 765
str1_mask.png 46882 174 1324 812
str1_mask.png 47132 175 1146 928
str1_mask.png 47365 176 1307 878
str1_mask.png 47615 177 1468 660
str1_mask.png 47982 178 1396 336
str1_mask.png 48282 179 1240 189
str1_mask.png 48532 180 1005 127
#39
str1_mask.png 41349 139 889 81
str1_mask.png 41849 140 333 327
str1_mask.png 41965 141 431 321
str1_mask.png 42132 142 492 718
str1_mask.png 42298 143 728 873
str1_mask.png 42515 144 719 844
str1_mask.png 42715 145 1530 553
str1_mask.png 42916 146 1457 525
str1_mask.png 43066 147 1422 262
str1_mask.png 43432 148 1163 94
str1_mask.png 43882 149 1165 846
str1_mask.png 44065 150 1149 896
str1_mask.png 45016 152 494 136
str1_mask.png 45215 153 431 308
str1_mask.png 45348 154 421 327
str1_mask.png 45448 155 397 537
str1_mask.png 45782 156 537 761
str1_mask.png 45915 157 487 760
str1_mask.png 46115 158 678 844
str1_mask.png 46232 159 682 860
str1_mask.png 46365 160 719 866
str1_mask.png 46598 161 1042 933
str1_mask.png 46948 162 1208 919
str1_mask.png 47248 163 1377 802
str1_mask.png 47482 164 1424 414
str1_mask.png 47749 165 1346 232
str1_mask.png 48365 166 1150 100
str1_mask.png 49548 167 895 272
str1_mask.png 49899 168 602 94
#40
str1_mask.png 34488 133 1030 137
str1_mask.png 34771 134 1045 418
str1_mask.png 35121 135 1018 810
str1_mask.png 35238 136 972 917
str1_mask.png 35438 137 1297 856
str1_mask.png 35588 138 1356 819
str1_mask.png 35738 139 1328 803
str1_mask.png 35938 140 1400 365
str1_mask.png 36421 141 1395 562
str1_mask.png 36588 142 627 561
str1_mask.png 36754 143 497 569
str1_mask.png 37021 144 515 768
str1_mask.png 37355 145 650 876
str1_mask.png 37705 146 748 882
str1_mask.png 37872 147 948 960
str1_mask.png 38238 148 787 135
str1_mask.png 38321 149 738 126
str1_mask.png 38671 150 972 67
str1_mask.png 39805 151 1235 143
str1_mask.png 39955 152 1157 148
str1_mask.png 40205 153 1313 267
str1_mask.png 40506 154 1378 299
str1_mask.png 41005 155 1427 587
str1_mask.png 41222 156 523 371
str1_mask.png 41405 157 508 332
str1_mask.png 41889 158 846 405
str1_mask.png 42055 159 1014 445
str1_mask.png 42405 160 1026 431
str1_mask.png 42589 161 1029 170
str1_mask.png 42705 162 1035 162
str1_mask.png 42855 163 1041 454
str1_mask.png 42955 164 1048 449
str1_mask.png 43272 165 1025 110
str1_mask.png 43488 166 1115 335
str1_mask.png 43955 167 1013 111
#41
str1_mask.png 37883 155 687 487
str1_mask.png 38167 156 943 484
str1_mask.png 38550 157 900 194
str1_mask.png 38850 158 965 144
str1_mask.png 39084 159 1420 218
str1_mask.png 39201 160 1266 226
str1_mask.png 39451 161 1451 361
str1_mask.png 39617 162 1462 610
str1_mask.png 39867 163 1143 835
str1_mask.png 40151 164 843 889
str1_mask.png 40401 165 260 569
str1_mask.png 40534 166 427 561
str1_mask.png 40700 167 386 394
str1_mask.png 41266 168 746 196
str1_mask.png 41483 169 685 209
str1_mask.png 41983 170 969 167
str1_mask.png 42467 171 1320 193
str1_mask.png 42617 172 1166 195
str1_mask.png 43034 173 1407 302
str1_mask.png 43301 174 1416 330
str1_mask.png 43434 175 1494 542
str1_mask.png 43868 176 1341 689
str1_mask.png 44018 177 1304 785
str1_mask.png 44484 178 1102 884
str1_mask.png 44984 179 783 930
str1_mask.png 45384 180 475 891
str1_mask.png 45517 181 618 857
str1_mask.png 46250 182 424 776
str1_mask.png 46584 183 365 731
str1_mask.png 46750 184 283 617
str1_mask.png 47017 185 324 426
str1_mask.png 47450 186 731 402
#42
str1_mask.png 45615 167 794 129
str1_mask.png 45815 168 897 607
str1_mask.png 46015 169 919 520
str1_mask.png 46215 170 475 390
str1_mask.png 46448 171 449 342
str1_mask.png 46698 172 458 383
str1_mask.png 46881 173 725 115
str1_mask.png 47248 174 990 72
str1_mask.png 47465 175 935 40
str1_mask.png 47748 176 1201 108
str1_mask.png 48048 177 1404 281
str1_mask.png 48365 178 1430 518
str1_mask.png 48799 179 1305 777
str1_mask.png 48982 180 1142 886
str1_mask.png 49265 181 934 898
str1_mask.png 49498 182 652 838
str1_mask.png 49782 183 493 693
str1_mask.png 49898 184 515 693
str1_mask.png 50498 185 442 540
str1_mask.png 51131 186 475 531
str1_mask.png 51565 187 468 548
str1_mask.png 51998 188 518 701
str1_mask.png 52481 189 715 835
str1_mask.png 52881 190 936 876
str1_mask.png 53298 191 1002 921
str1_mask.png 53665 192 937 891
str1_mask.png 54098 193 1019 929
str1_mask.png 54298 194 1170 880
str1_mask.png 54881 195 1336 801
#43
