str19_ctwo.png 376153 1238 1117 483
str19_ctwo.png 376369 1239 509 590
str19_ctwo.png 376569 1240 442 609
str19_ctwo.png 377036 1241 1356 631
str19_ctwo.png 377536 1242 1406 622
str19_ctwo.png 378003 1243 1470 638
str19_ctwo.png 378403 1244 1378 623
str19_ctwo.png 378969 1245 396 604
str19_ctwo.png 379286 1246 465 620
str19_ctwo.png 380053 1247 1450 619
str19_ctwo.png 380253 1248 1367 621
str19_ctwo.png 380570 1249 1357 631
str19_ctwo.png 380790 1250 1452 631
str19_ctwo.png 381040 1251 436 521
#1
str19_ctwo.png 457159 1565 424 519
str19_ctwo.png 457325 1566 488 537
str19_ctwo.png 457559 1567 453 607
str19_ctwo.png 458009 1568 511 618
str19_ctwo.png 458208 1569 447 562
str19_ctwo.png 458459 1570 349 571
str19_ctwo.png 458559 1571 340 558
str19_ctwo.png 459009 1572 371 531
str19_ctwo.png 459275 1573 496 545
str19_ctwo.png 459659 1574 544 538
str19_ctwo.png 460058 1575 490 539
str19_ctwo.png 460659 1576 520 584
str19_ctwo.png 460742 1577 514 569
str19_ctwo.png 460909 1578 1421 584
str19_ctwo.png 461076 1579 1372 591
str19_ctwo.png 461209 1580 1320 606
str19_ctwo.png 461692 1581 1331 612
#2
str19_ctwo.png 372216 1005 939 463
str19_ctwo.png 372416 1006 461 495
str19_ctwo.png 372750 1007 480 511
str19_ctwo.png 373050 1008 481 521
str19_ctwo.png 373249 1009 384 434
str19_ctwo.png 373416 1010 387 427
str19_ctwo.png 373666 1011 450 440
str19_ctwo.png 374583 1012 1378 496
str19_ctwo.png 374800 1013 1331 505
str19_ctwo.png 375050 1014 1385 512
str19_ctwo.png 375183 1015 1378 493
str19_ctwo.png 375433 1016 1516 470
str19_ctwo.png 375833 1017 1518 455
str19_ctwo.png 376365 1018 1436 491
str19_ctwo.png 376534 1019 1434 514
#3
str19_ctwo.png 412881 1342 483 528
str19_ctwo.png 412997 1343 575 494
str19_ctwo.png 413147 1344 547 541
str19_ctwo.png 413797 1345 433 515
str19_ctwo.png 414164 1346 562 522
str19_ctwo.png 414314 1347 521 532
str19_ctwo.png 414648 1348 1439 531
str19_ctwo.png 414964 1349 1576 512
str19_ctwo.png 415264 1350 1407 543
str19_ctwo.png 415564 1351 1648 506
str19_ctwo.png 415731 1352 1608 508
str19_ctwo.png 416031 1353 1601 476
str19_ctwo.png 416164 1354 1559 510
str19_ctwo.png 416397 1355 1331 527
str19_ctwo.png 416631 1356 1303 544
str19_ctwo.png 416781 1357 1645 450
str19_ctwo.png 417364 1358 529 574
#4
str19_ctwo.png 414530 1089 525 602
str19_ctwo.png 414614 1090 512 619
str19_ctwo.png 414897 1091 465 535
str19_ctwo.png 415097 1092 467 556
str19_ctwo.png 415297 1093 1441 550
str19_ctwo.png 415615 1094 1357 575
str19_ctwo.png 415881 1095 1581 563
str19_ctwo.png 417017 1096 519 629
str19_ctwo.png 417368 1097 458 554
str19_ctwo.png 417718 1098 418 502
str19_ctwo.png 418001 1099 415 515
str19_ctwo.png 418184 1100 509 620
str19_ctwo.png 418501 1101 540 648
str19_ctwo.png 418851 1102 1458 584
#5
str19_ctwo.png 405503 1041 425 514
str19_ctwo.png 405686 1042 386 524
str19_ctwo.png 406286 1043 504 552
str19_ctwo.png 406853 1044 642 426
str19_ctwo.png 407219 1045 287 515
str19_ctwo.png 407753 1046 1512 526
str19_ctwo.png 407903 1047 1351 533
str19_ctwo.png 408203 1048 1545 530
str19_ctwo.png 408653 1049 1381 543
#6
str19_ctwo.png 462790 1133 461 553
str19_ctwo.png 463457 1134 384 539
str19_ctwo.png 463690 1135 1482 579
str19_ctwo.png 463840 1136 1391 602
str19_ctwo.png 464007 1137 1425 599
str19_ctwo.png 464290 1138 1471 596
str19_ctwo.png 464690 1139 1500 591
str19_ctwo.png 465073 1140 458 543
str19_ctwo.png 465474 1141 450 535
str19_ctwo.png 466024 1142 390 608
str19_ctwo.png 466292 1143 444 619
str19_ctwo.png 466625 1144 426 527
str19_ctwo.png 466808 1145 412 513
str19_ctwo.png 466992 1146 423 535
str19_ctwo.png 467175 1147 422 527
str19_ctwo.png 467475 1148 422 499
#7
str19_ctwo.png 345141 848 872 491
str19_ctwo.png 345291 849 460 534
str19_ctwo.png 345775 850 405 538
str19_ctwo.png 346041 851 1387 568
str19_ctwo.png 346441 852 1524 531
str19_ctwo.png 347186 853 550 504
str19_ctwo.png 347916 854 1054 566
str19_ctwo.png 348303 855 838 513
str19_ctwo.png 348720 856 934 486
#8
str19_ctwo.png 422620 1267 345 519
str19_ctwo.png 424220 1268 399 520
str19_ctwo.png 424520 1269 379 589
str19_ctwo.png 424787 1270 1417 553
str19_ctwo.png 425737 1271 1545 516
str19_ctwo.png 426653 1272 1322 557
str19_ctwo.png 426970 1273 363 544
#9
str19_ctwo.png 401080 847 498 539
str19_ctwo.png 401430 848 455 573
str19_ctwo.png 402679 849 1400 567
str19_ctwo.png 403263 850 502 557
str19_ctwo.png 404862 851 414 558
str19_ctwo.png 405345 852 439 571
#10
str19_ctwo.png 372832 1140 982 583
str19_ctwo.png 373115 1141 541 701
str19_ctwo.png 373281 1142 581 654
str19_ctwo.png 373431 1143 520 680
str19_ctwo.png 373581 1144 518 649
str19_ctwo.png 373782 1145 1375 705
str19_ctwo.png 373983 1146 1432 701
str19_ctwo.png 374708 1147 1421 779
str19_ctwo.png 374866 1148 1415 725
str19_ctwo.png 375139 1149 1409 685
str19_ctwo.png 375376 1150 1416 671
str19_ctwo.png 375831 1151 1448 679
str19_ctwo.png 376104 1152 585 644
str19_ctwo.png 376236 1153 637 618
str19_ctwo.png 376387 1154 545 618
str19_ctwo.png 376821 1155 1579 660
str19_ctwo.png 377055 1156 1352 619
str19_ctwo.png 377356 1157 1394 658
str19_ctwo.png 377556 1158 1392 660
str19_ctwo.png 377739 1159 1392 658
#11
str19_ctwo.png 414739 1190 868 339
str19_ctwo.png 414961 1191 501 431
str19_ctwo.png 415228 1192 431 445
str19_ctwo.png 415461 1193 401 457
str19_ctwo.png 415678 1194 369 455
str19_ctwo.png 415978 1195 356 443
str19_ctwo.png 416311 1196 372 371
str19_ctwo.png 416645 1197 382 433
str19_ctwo.png 417095 1198 501 437
str19_ctwo.png 417478 1199 447 406
str19_ctwo.png 417711 1200 1583 512
str19_ctwo.png 418028 1201 1358 527
str19_ctwo.png 418212 1202 1317 536
str19_ctwo.png 418462 1203 1286 502
str19_ctwo.png 418695 1204 1376 539
str19_ctwo.png 418962 1205 1369 536
str19_ctwo.png 419362 1206 1468 563
str19_ctwo.png 419595 1207 1625 454
#12
str19_ctwo.png 455036 1321 1041 380
str19_ctwo.png 455336 1322 548 516
str19_ctwo.png 455670 1323 1462 555
str19_ctwo.png 455870 1324 1323 555
str19_ctwo.png 456088 1325 443 525
str19_ctwo.png 456237 1326 494 534
str19_ctwo.png 456388 1327 419 531
str19_ctwo.png 456588 1328 384 537
str19_ctwo.png 457605 1329 755 308
str19_ctwo.png 459288 1332 83 425
#13
str19_ctwo.png 391658 1042 1062 421
str19_ctwo.png 391922 1043 581 506
str19_ctwo.png 392055 1044 473 536
str19_ctwo.png 392772 1045 467 587
str19_ctwo.png 393088 1046 1386 573
str19_ctwo.png 393222 1047 1369 558
str19_ctwo.png 393489 1048 1458 559
str19_ctwo.png 394389 1049 1353 561
str19_ctwo.png 394855 1050 1422 586
str19_ctwo.png 395222 1051 441 535
str19_ctwo.png 395305 1052 474 563
str19_ctwo.png 395822 1053 494 591
#14
str19_ctwo.png 514838 1422 446 446
str19_ctwo.png 514954 1423 536 431
str19_ctwo.png 515204 1424 479 432
str19_ctwo.png 515421 1425 432 439
str19_ctwo.png 515721 1426 405 438
str19_ctwo.png 515888 1427 1562 461
str19_ctwo.png 516071 1428 1449 460
str19_ctwo.png 516305 1429 1565 449
str19_ctwo.png 516438 1430 1383 481
str19_ctwo.png 517224 1431 496 457
str19_ctwo.png 517440 1432 454 457
str19_ctwo.png 517574 1433 450 476
str19_ctwo.png 517707 1434 361 465
str19_ctwo.png 518108 1435 1361 483
str19_ctwo.png 519190 1436 501 466
#15
str19_ctwo.png 379299 1254 916 479
str19_ctwo.png 379608 1255 459 570
str19_ctwo.png 379774 1256 513 552
str19_ctwo.png 380075 1257 1354 574
str19_ctwo.png 380259 1258 1346 601
str19_ctwo.png 380993 1259 1374 604
str19_ctwo.png 381210 1260 566 573
str19_ctwo.png 381310 1261 527 584
str19_ctwo.png 381461 1262 462 598
str19_ctwo.png 381728 1263 477 588
str19_ctwo.png 382212 1264 1416 605
str19_ctwo.png 382812 1265 1376 609
str19_ctwo.png 383546 1266 458 588
str19_ctwo.png 383695 1267 519 582
str19_ctwo.png 384062 1268 468 576
#16
str19_ctwo.png 395947 1104 412 533
str19_ctwo.png 396129 1105 478 519
str19_ctwo.png 396362 1106 327 590
str19_ctwo.png 396596 1107 414 570
str19_ctwo.png 396946 1108 1466 603
str19_ctwo.png 397512 1109 1644 565
str19_ctwo.png 398206 1110 642 546
str19_ctwo.png 398712 1111 1226 525
str19_ctwo.png 399395 1112 1070 450
str19_ctwo.png 399845 1113 1012 445
str19_ctwo.png 400212 1114 970 446
str19_ctwo.png 400412 1115 981 454
str19_ctwo.png 400645 1116 990 478
#17
str19_ctwo.png 451552 1253 1027 511
str19_ctwo.png 452044 1254 1320 546
str19_ctwo.png 452494 1255 417 527
str19_ctwo.png 452931 1256 499 551
str19_ctwo.png 453386 1257 414 516
str19_ctwo.png 453619 1258 416 531
str19_ctwo.png 453853 1259 1476 551
str19_ctwo.png 454420 1260 1379 552
str19_ctwo.png 454540 1261 1389 575
str19_ctwo.png 454873 1262 1540 563
str19_ctwo.png 455873 1263 472 567
str19_ctwo.png 456442 1264 406 496
#18
str19_ctwo.png 378853 1120 499 563
str19_ctwo.png 379136 1121 465 598
str19_ctwo.png 379469 1122 517 602
str19_ctwo.png 380119 1123 1372 590
str19_ctwo.png 380619 1124 1537 625
str19_ctwo.png 380701 1125 1523 594
str19_ctwo.png 380954 1126 1377 610
str19_ctwo.png 381704 1127 1482 604
str19_ctwo.png 382020 1128 1383 605
str19_ctwo.png 382353 1129 1514 589
str19_ctwo.png 382753 1130 542 599
str19_ctwo.png 382937 1131 465 596
#19
str19_ctwo.png 364167 1269 933 526
str19_ctwo.png 364400 1270 524 547
str19_ctwo.png 364650 1271 480 617
str19_ctwo.png 364917 1272 397 583
str19_ctwo.png 365317 1273 494 626
str19_ctwo.png 365850 1274 1381 562
str19_ctwo.png 366034 1275 1350 571
str19_ctwo.png 366201 1276 1502 565
str19_ctwo.png 366601 1277 485 541
str19_ctwo.png 366818 1278 395 583
str19_ctwo.png 367567 1279 483 564
str19_ctwo.png 367834 1280 478 511
str19_ctwo.png 368134 1281 510 618
str19_ctwo.png 368368 1282 497 643
str19_ctwo.png 369118 1283 381 575
#20
str19_ctwo.png 357612 1111 488 558
str19_ctwo.png 358029 1112 1405 577
str19_ctwo.png 358412 1113 1358 600
str19_ctwo.png 358778 1114 1582 545
str19_ctwo.png 359229 1115 450 562
str19_ctwo.png 359579 1116 486 634
str19_ctwo.png 359896 1117 497 602
str19_ctwo.png 360412 1118 409 511
str19_ctwo.png 360545 1119 443 524
str19_ctwo.png 360678 1120 383 507
str19_ctwo.png 360928 1121 500 651
str19_ctwo.png 361445 1123 545 599
str19_ctwo.png 362129 1126 481 552
#21
str19_ctwo.png 371760 1141 402 525
str19_ctwo.png 371892 1142 445 514
str19_ctwo.png 372059 1143 445 545
str19_ctwo.png 372259 1144 356 550
str19_ctwo.png 372542 1145 444 568
str19_ctwo.png 372959 1146 440 568
str19_ctwo.png 373259 1147 506 565
str19_ctwo.png 373476 1148 1392 571
str19_ctwo.png 373643 1149 1359 555
str19_ctwo.png 373809 1150 1439 578
str19_ctwo.png 374876 1151 1354 574
str19_ctwo.png 375493 1152 1297 563
str19_ctwo.png 375826 1153 1273 558
#22
str19_ctwo.png 349476 1056 520 513
str19_ctwo.png 349743 1057 497 563
str19_ctwo.png 350843 1058 1348 565
str19_ctwo.png 351360 1059 1542 564
str19_ctwo.png 351644 1060 1380 558
str19_ctwo.png 352360 1061 1328 575
str19_ctwo.png 352577 1062 515 562
str19_ctwo.png 353310 1063 386 509
str19_ctwo.png 353560 1064 457 530
str19_ctwo.png 353660 1065 448 510
str19_ctwo.png 354110 1066 543 515
#23
str19_ctwo.png 445699 1438 991 459
str19_ctwo.png 446032 1439 531 512
str19_ctwo.png 446283 1440 444 534
str19_ctwo.png 447099 1441 396 551
str19_ctwo.png 447316 1442 486 559
str19_ctwo.png 447632 1443 453 536
str19_ctwo.png 447916 1444 1402 552
str19_ctwo.png 448149 1445 1567 558
str19_ctwo.png 448284 1446 1518 551
str19_ctwo.png 448520 1447 1346 568
str19_ctwo.png 448770 1448 1549 537
str19_ctwo.png 449104 1449 1447 572
str19_ctwo.png 449487 1450 1334 600
str19_ctwo.png 449737 1451 1570 534
str19_ctwo.png 450087 1452 1541 536
str19_ctwo.png 450204 1453 1309 566
str19_ctwo.png 450504 1454 1372 585
#24
str19_ctwo.png 343875 1022 963 464
str19_ctwo.png 344341 1023 1450 505
str19_ctwo.png 344491 1024 1404 536
str19_ctwo.png 345351 1025 401 518
str19_ctwo.png 345968 1026 475 515
str19_ctwo.png 346201 1027 1435 528
str19_ctwo.png 346402 1028 1382 532
str19_ctwo.png 346751 1029 431 498
str19_ctwo.png 347235 1030 1357 524
str19_ctwo.png 347418 1031 1476 531
str19_ctwo.png 348851 1032 529 496
#25
str19_ctwo.png 371352 1111 973 535
str19_ctwo.png 371502 1112 993 559
str19_ctwo.png 371619 1113 962 562
str19_ctwo.png 371902 1114 902 541
str19_ctwo.png 372618 1115 928 507
str19_ctwo.png 372735 1116 930 551
str19_ctwo.png 372918 1117 905 516
str19_ctwo.png 373652 1118 918 488
str19_ctwo.png 373935 1119 914 512
str19_ctwo.png 374118 1120 923 483
str19_ctwo.png 374268 1121 847 500
str19_ctwo.png 374351 1122 867 494
str19_ctwo.png 374568 1123 888 542
str19_ctwo.png 374818 1124 932 523
str19_ctwo.png 375102 1125 917 515
str19_ctwo.png 375618 1126 914 521
str19_ctwo.png 376018 1127 930 496
#26
str19_ctwo.png 423296 1340 428 538
str19_ctwo.png 423796 1341 485 577
str19_ctwo.png 424129 1342 1384 575
str19_ctwo.png 424479 1343 1517 573
str19_ctwo.png 424613 1344 1433 603
str19_ctwo.png 424929 1345 1297 598
str19_ctwo.png 425096 1346 1538 588
str19_ctwo.png 425833 1347 320 606
str19_ctwo.png 426117 1348 419 640
str19_ctwo.png 426500 1349 373 620
str19_ctwo.png 426650 1350 416 589
str19_ctwo.png 426900 1351 402 618
str19_ctwo.png 427100 1352 475 573
str19_ctwo.png 427350 1353 1406 552
str19_ctwo.png 427451 1354 1344 587
#27
str19_ctwo.png 367301 1138 868 403
str19_ctwo.png 367784 1139 577 487
str19_ctwo.png 368018 1140 454 510
str19_ctwo.png 368168 1141 432 514
str19_ctwo.png 368835 1142 1336 544
str19_ctwo.png 369068 1143 1338 552
str19_ctwo.png 369368 1144 1357 557
str19_ctwo.png 370117 1145 538 548
str19_ctwo.png 370301 1146 437 531
str19_ctwo.png 371385 1147 1302 596
str19_ctwo.png 372001 1148 410 538
#28
str19_ctwo.png 490693 1459 943 451
str19_ctwo.png 490810 1460 937 459
str19_ctwo.png 490960 1461 475 528
str19_ctwo.png 491276 1462 418 531
str19_ctwo.png 491393 1463 442 540
str19_ctwo.png 491509 1464 385 509
str19_ctwo.png 492176 1465 398 511
str19_ctwo.png 492459 1466 1454 543
str19_ctwo.png 492759 1467 1383 573
str19_ctwo.png 493009 1468 1609 551
str19_ctwo.png 493693 1469 1322 586
str19_ctwo.png 494063 1470 1327 618
str19_ctwo.png 494380 1471 1412 615
str19_ctwo.png 494496 1472 1548 584
str19_ctwo.png 494930 1473 1603 533
str19_ctwo.png 495180 1474 558 509
str19_ctwo.png 495280 1475 527 501
str19_ctwo.png 495546 1476 463 574
#29
str19_ctwo.png 415504 1223 482 563
str19_ctwo.png 416037 1224 1452 574
str19_ctwo.png 416154 1225 1404 584
str19_ctwo.png 416271 1226 1310 591
str19_ctwo.png 417204 1227 1288 582
str19_ctwo.png 418355 1228 1253 489
str19_ctwo.png 418542 1229 1336 554
str19_ctwo.png 419325 1230 1409 577
str19_ctwo.png 419642 1231 373 621
#30
str19_ctwo.png 398002 1268 1239 562
str19_ctwo.png 398136 1269 1368 586
str19_ctwo.png 398452 1270 1539 580
str19_ctwo.png 398852 1271 508 569
str19_ctwo.png 399285 1272 476 606
str19_ctwo.png 399652 1273 408 608
str19_ctwo.png 400052 1274 1413 606
str19_ctwo.png 400270 1275 1324 604
str19_ctwo.png 400586 1276 1570 572
str19_ctwo.png 401520 1277 485 607
str19_ctwo.png 402086 1278 400 596
#31
str19_ctwo.png 390078 1248 437 527
str19_ctwo.png 390361 1249 476 524
str19_ctwo.png 390645 1250 447 569
str19_ctwo.png 390895 1251 1512 518
str19_ctwo.png 391129 1252 1346 580
str19_ctwo.png 391479 1253 1437 575
str19_ctwo.png 391696 1254 1307 579
str19_ctwo.png 392265 1255 443 517
str19_ctwo.png 392385 1256 471 531
str19_ctwo.png 392569 1257 436 558
str19_ctwo.png 392919 1258 395 557
str19_ctwo.png 393202 1259 494 520
str19_ctwo.png 393419 1260 430 500
str19_ctwo.png 394152 1261 459 570
#32
str19_ctwo.png 394746 1322 955 424
str19_ctwo.png 395021 1323 569 524
str19_ctwo.png 395254 1324 506 560
str19_ctwo.png 395637 1325 450 535
str19_ctwo.png 395804 1326 524 560
str19_ctwo.png 396254 1327 753 557
str19_ctwo.png 396420 1328 1411 570
str19_ctwo.png 396621 1329 1393 532
str19_ctwo.png 396772 1330 1507 529
str19_ctwo.png 397005 1331 1360 540
str19_ctwo.png 397222 1332 1507 535
str19_ctwo.png 397522 1333 1575 493
str19_ctwo.png 397822 1334 1385 527
str19_ctwo.png 398373 1335 1455 524
str19_ctwo.png 398607 1336 490 568
str19_ctwo.png 398723 1337 518 565
str19_ctwo.png 398978 1338 511 534
str19_ctwo.png 399578 1339 1078 528
str19_ctwo.png 399698 1340 809 529
#33
str19_ctwo.png 481396 1227 407 499
str19_ctwo.png 481829 1228 355 501
str19_ctwo.png 482679 1229 334 490
str19_ctwo.png 482912 1230 1388 486
str19_ctwo.png 483162 1231 1350 524
str19_ctwo.png 483762 1232 502 452
str19_ctwo.png 483945 1233 426 488
str19_ctwo.png 484162 1234 478 539
str19_ctwo.png 484478 1235 402 471
str19_ctwo.png 484812 1236 386 470
str19_ctwo.png 485462 1237 503 448
str19_ctwo.png 485962 1238 449 474
#34
str19_ctwo.png 379737 1077 1021 439
str19_ctwo.png 380633 1078 1417 581
str19_ctwo.png 380767 1079 1371 569
str19_ctwo.png 382034 1080 1369 573
str19_ctwo.png 382334 1081 1319 545
str19_ctwo.png 383317 1082 545 539
str19_ctwo.png 383567 1083 550 548
str19_ctwo.png 383700 1084 558 566
str19_ctwo.png 384390 1085 1505 547
str19_ctwo.png 384545 1086 1475 538
str19_ctwo.png 384648 1087 1480 563
#35
str19_ctwo.png 384271 1234 427 520
str19_ctwo.png 384387 1235 478 534
str19_ctwo.png 384537 1236 487 593
str19_ctwo.png 384704 1237 468 609
str19_ctwo.png 385204 1238 1440 574
str19_ctwo.png 385374 1239 1299 578
str19_ctwo.png 385824 1240 1491 538
str19_ctwo.png 386241 1241 364 504
str19_ctwo.png 386374 1242 406 515
str19_ctwo.png 386690 1243 496 558
str19_ctwo.png 387407 1244 487 587
str19_ctwo.png 387674 1245 357 563
str19_ctwo.png 387990 1246 1334 568
str19_ctwo.png 388457 1247 1568 541
#36
str19_ctwo.png 417961 1252 581 497
str19_ctwo.png 418661 1253 1532 517
str19_ctwo.png 418944 1254 1483 527
str19_ctwo.png 419278 1255 531 504
str19_ctwo.png 419547 1256 528 520
str19_ctwo.png 419647 1257 524 497
str19_ctwo.png 419947 1258 516 509
str19_ctwo.png 420147 1259 512 519
str19_ctwo.png 420598 1260 1339 564
str19_ctwo.png 421081 1261 1445 546
str19_ctwo.png 422115 1262 549 526
#37
str19_ctwo.png 383546 1214 1388 557
str19_ctwo.png 383929 1215 546 536
str19_ctwo.png 385277 1216 471 558
str19_ctwo.png 385628 1217 1368 571
str19_ctwo.png 385994 1218 431 413
str19_ctwo.png 386478 1219 494 437
str19_ctwo.png 386744 1220 493 441
str19_ctwo.png 387028 1221 1319 561
str19_ctwo.png 387228 1222 502 482
str19_ctwo.png 387395 1223 574 478
str19_ctwo.png 387861 1224 514 477
#38
str19_ctwo.png 382730 1030 941 433
str19_ctwo.png 383666 1031 1452 571
str19_ctwo.png 384049 1032 1391 543
str19_ctwo.png 384149 1033 1389 587
str19_ctwo.png 384483 1034 536 548
str19_ctwo.png 384850 1035 1341 566
str19_ctwo.png 387067 1036 1338 478
str19_ctwo.png 387233 1037 1333 555
str19_ctwo.png 387683 1038 1338 557
#39
str19_ctwo.png 352347 909 949 508
str19_ctwo.png 352463 910 449 501
str19_ctwo.png 352696 911 473 504
str19_ctwo.png 353213 912 1524 523
str19_ctwo.png 353313 913 1352 526
str19_ctwo.png 353697 914 1322 526
str19_ctwo.png 354396 915 368 515
str19_ctwo.png 354679 916 363 523
str19_ctwo.png 355113 917 365 516
str19_ctwo.png 355346 918 1512 500
str19_ctwo.png 355496 919 1362 522
str19_ctwo.png 355680 920 1316 546
str19_ctwo.png 356371 921 475 464
str19_ctwo.png 356554 922 440 465
str19_ctwo.png 356854 923 443 482
str19_ctwo.png 357121 924 1043 493
str19_ctwo.png 357204 925 1034 501
#40
str19_ctwo.png 390631 1115 1039 424
str19_ctwo.png 390981 1116 1421 522
str19_ctwo.png 391098 1117 1327 511
str19_ctwo.png 391231 1118 1402 538
str19_ctwo.png 391665 1119 1452 538
str19_ctwo.png 392432 1120 570 521
str19_ctwo.png 392650 1121 520 511
str19_ctwo.png 394534 1122 1332 543
str19_ctwo.png 394701 1123 1366 555
str19_ctwo.png 395351 1124 1305 561
#41
str19_ctwo.png 354174 919 973 523
str19_ctwo.png 354496 920 432 550
str19_ctwo.png 354746 921 330 572
str19_ctwo.png 355396 922 406 550
str19_ctwo.png 355629 923 1651 568
str19_ctwo.png 355763 924 1459 570
str19_ctwo.png 355880 925 1342 585
str19_ctwo.png 357046 926 1437 595
str19_ctwo.png 357213 927 1296 597
str19_ctwo.png 357396 928 180 560
str19_ctwo.png 357512 929 375 559
str19_ctwo.png 357829 930 1584 594
str19_ctwo.png 357946 931 1416 599
str19_ctwo.png 358263 932 1308 599
str19_ctwo.png 359013 933 719 530
#42
str19_ctwo.png 385779 1215 479 487
str19_ctwo.png 385912 1216 515 452
str19_ctwo.png 386062 1217 448 475
str19_ctwo.png 386496 1218 1399 487
str19_ctwo.png 386596 1219 1334 511
str19_ctwo.png 386896 1220 404 491
str19_ctwo.png 386979 1221 457 476
str19_ctwo.png 387278 1222 391 445
str19_ctwo.png 387578 1223 448 464
str19_ctwo.png 388512 1224 425 474
str19_ctwo.png 388812 1225 464 502
str19_ctwo.png 389129 1226 1463 529
str19_ctwo.png 389629 1227 419 438
str19_ctwo.png 389762 1228 480 482
str19_ctwo.png 390229 1229 410 455
#43
