str11_mask.png 161519 547 883 489
str11_mask.png 161669 548 701 218
str11_mask.png 162021 549 394 483
str11_mask.png 162171 550 363 630
str11_mask.png 162472 551 508 783
str11_mask.png 162755 552 479 439
str11_mask.png 163056 553 490 361
str11_mask.png 163206 554 657 238
str11_mask.png 163489 555 859 178
str11_mask.png 163622 556 943 150
str11_mask.png 163706 557 926 175
str11_mask.png 163989 558 1237 184
str11_mask.png 164406 559 1377 418
str11_mask.png 164707 560 1423 640
str11_mask.png 164940 561 1474 675
str11_mask.png 165073 562 1379 841
str11_mask.png 165307 563 1184 898
str11_mask.png 165590 564 1225 868
str11_mask.png 165723 565 1383 812
str11_mask.png 165940 566 1443 633
str11_mask.png 166057 567 1463 411
str11_mask.png 166324 568 1134 406
str11_mask.png 166490 569 754 897
str11_mask.png 166707 570 777 906
str11_mask.png 166940 571 624 886
str11_mask.png 167106 572 696 846
str11_mask.png 167506 573 916 931
str11_mask.png 167756 574 881 966
str11_mask.png 167973 575 894 977
str11_mask.png 168156 576 1305 897
str11_mask.png 168307 577 1214 890
str11_mask.png 168590 578 1390 835
str11_mask.png 168823 579 1425 492
str11_mask.png 168990 580 1120 236
str11_mask.png 169156 581 860 196
str11_mask.png 169490 582 521 192
str11_mask.png 169673 583 425 598
str11_mask.png 170173 584 529 778
str11_mask.png 170374 585 456 728
str11_mask.png 171059 586 460 705
str11_mask.png 171382 587 572 871
#1
str11_mask.png 196506 661 875 102
str11_mask.png 196773 662 1155 158
str11_mask.png 197039 663 1179 205
str11_mask.png 197323 664 1333 399
str11_mask.png 197556 665 1413 631
str11_mask.png 197856 666 1359 588
str11_mask.png 198239 667 1499 583
str11_mask.png 198556 668 1371 583
str11_mask.png 198923 669 765 174
str11_mask.png 199206 670 582 169
str11_mask.png 199456 671 437 435
str11_mask.png 199639 672 489 646
str11_mask.png 199922 673 490 774
str11_mask.png 200155 674 682 884
str11_mask.png 200505 675 886 951
str11_mask.png 200739 676 945 956
str11_mask.png 201055 677 1174 867
str11_mask.png 201172 678 1190 857
str11_mask.png 201372 679 1230 861
str11_mask.png 201505 680 1417 815
str11_mask.png 201656 681 1366 808
str11_mask.png 201889 682 1314 819
str11_mask.png 202189 683 1381 575
str11_mask.png 202606 684 1390 404
str11_mask.png 203022 685 1339 845
str11_mask.png 203239 686 1167 884
str11_mask.png 203522 687 824 937
str11_mask.png 203839 688 1117 947
str11_mask.png 204172 689 1174 889
str11_mask.png 204422 690 1218 917
str11_mask.png 204789 691 745 923
str11_mask.png 204989 692 658 902
str11_mask.png 205206 693 850 960
str11_mask.png 205539 694 645 937
str11_mask.png 205856 695 455 826
str11_mask.png 206172 696 400 568
#2
str11_mask.png 142158 426 1071 30
str11_mask.png 142458 427 1173 74
str11_mask.png 142942 428 698 85
str11_mask.png 143408 429 692 817
str11_mask.png 144025 430 715 813
str11_mask.png 144541 431 543 752
str11_mask.png 144775 432 437 528
str11_mask.png 145258 433 902 857
str11_mask.png 145508 434 1258 776
str11_mask.png 145875 435 1197 817
str11_mask.png 146175 436 718 837
str11_mask.png 146375 437 1430 497
str11_mask.png 146659 438 1362 488
str11_mask.png 147225 439 1147 57
str11_mask.png 147459 440 796 26
str11_mask.png 147709 441 636 92
str11_mask.png 147859 442 418 325
str11_mask.png 148058 443 394 545
str11_mask.png 148408 444 460 486
str11_mask.png 148891 445 442 491
str11_mask.png 149275 446 467 221
str11_mask.png 149658 447 523 249
str11_mask.png 149875 448 504 807
str11_mask.png 150308 449 1216 809
str11_mask.png 150658 450 1335 768
str11_mask.png 151342 451 1372 721
str11_mask.png 151575 452 1354 734
#3
str11_mask.png 187290 614 737 895
str11_mask.png 187573 615 894 859
str11_mask.png 187856 616 682 795
str11_mask.png 188390 617 1397 513
str11_mask.png 188606 618 1514 521
str11_mask.png 188873 619 1249 136
str11_mask.png 189256 620 890 84
str11_mask.png 189605 621 524 268
str11_mask.png 189906 622 484 507
str11_mask.png 189989 623 496 498
str11_mask.png 190256 624 496 681
str11_mask.png 190540 625 581 716
str11_mask.png 190760 626 1239 865
str11_mask.png 191094 627 1397 761
str11_mask.png 191427 628 1413 337
str11_mask.png 191677 629 1214 186
str11_mask.png 192227 630 1439 568
str11_mask.png 192411 631 1504 546
str11_mask.png 192644 632 745 872
str11_mask.png 192911 633 912 898
str11_mask.png 193094 634 959 932
str11_mask.png 193444 635 756 9
str11_mask.png 193760 636 723 124
str11_mask.png 194043 637 447 322
str11_mask.png 194327 638 470 469
str11_mask.png 194577 639 1459 522
str11_mask.png 194710 640 1384 537
str11_mask.png 194994 641 1516 531
str11_mask.png 195494 642 731 880
str11_mask.png 195660 643 904 886
str11_mask.png 196111 644 1110 516
str11_mask.png 196577 645 930 25
#4
str11_mask.png 176705 440 1044 288
str11_mask.png 176988 441 861 848
str11_mask.png 177172 442 714 884
str11_mask.png 178105 443 1208 190
str11_mask.png 178655 444 785 968
str11_mask.png 179440 445 561 856
str11_mask.png 179842 446 454 639
str11_mask.png 180075 447 486 354
str11_mask.png 180275 448 688 205
str11_mask.png 180625 449 911 137
str11_mask.png 181192 450 699 146
str11_mask.png 181275 451 693 165
str11_mask.png 181442 452 1151 972
str11_mask.png 181659 453 1374 821
str11_mask.png 182726 454 856 948
str11_mask.png 183126 455 712 925
str11_mask.png 183776 456 1210 193
str11_mask.png 184559 457 498 776
str11_mask.png 184892 458 748 935
str11_mask.png 185176 459 719 953
str11_mask.png 185309 460 891 974
str11_mask.png 186032 461 1418 801
#5
str11_mask.png 170791 433 798 433
str11_mask.png 171224 434 632 845
str11_mask.png 171341 435 588 851
str11_mask.png 171491 436 603 861
str11_mask.png 171808 437 594 858
str11_mask.png 172008 438 585 924
str11_mask.png 172624 439 1038 919
str11_mask.png 173558 440 1501 584
str11_mask.png 173774 441 1435 576
str11_mask.png 174091 442 1533 570
str11_mask.png 174491 443 1536 405
str11_mask.png 174741 444 1283 193
str11_mask.png 174924 445 1199 118
str11_mask.png 175158 446 1119 81
str11_mask.png 175912 447 856 35
str11_mask.png 175997 448 837 59
str11_mask.png 176598 449 749 833
str11_mask.png 176848 450 746 826
str11_mask.png 177115 451 887 930
str11_mask.png 177665 452 981 927
str11_mask.png 178115 453 1019 909
str11_mask.png 178215 454 981 928
str11_mask.png 178365 455 1002 920
str11_mask.png 178548 456 960 882
str11_mask.png 179815 457 765 804
str11_mask.png 180132 458 1228 854
str11_mask.png 180249 459 1091 864
str11_mask.png 180713 460 1306 785
#6
str11_mask.png 189481 484 982 551
str11_mask.png 189614 485 906 561
str11_mask.png 190097 486 711 976
str11_mask.png 190247 487 696 984
str11_mask.png 190397 488 706 982
str11_mask.png 190781 489 719 972
str11_mask.png 190914 490 839 988
str11_mask.png 193014 491 683 920
str11_mask.png 193464 492 556 274
str11_mask.png 193797 493 550 267
str11_mask.png 194331 494 395 621
str11_mask.png 194531 495 745 875
str11_mask.png 194731 496 878 969
str11_mask.png 194948 497 1105 873
str11_mask.png 196281 498 1474 347
str11_mask.png 196715 499 753 119
str11_mask.png 196965 500 648 183
str11_mask.png 197348 501 649 168
str11_mask.png 197515 502 644 183
str11_mask.png 197831 503 654 157
str11_mask.png 198398 504 645 181
str11_mask.png 198548 505 665 146
#7
str11_mask.png 137157 330 836 43
str11_mask.png 137440 331 571 184
str11_mask.png 137724 332 410 518
str11_mask.png 138090 333 575 815
str11_mask.png 138390 334 789 887
str11_mask.png 138690 335 880 916
str11_mask.png 139140 336 1172 896
str11_mask.png 139407 337 1353 791
str11_mask.png 139624 338 1446 567
str11_mask.png 139774 339 1421 562
str11_mask.png 139941 340 1407 343
str11_mask.png 140157 341 1163 273
str11_mask.png 140391 342 777 108
str11_mask.png 140657 343 492 220
str11_mask.png 141107 344 437 327
str11_mask.png 141441 345 382 601
str11_mask.png 141573 346 416 606
str11_mask.png 141840 347 510 705
str11_mask.png 142407 348 831 528
str11_mask.png 143064 349 1033 544
str11_mask.png 143401 350 951 513
str11_mask.png 143768 351 946 522
str11_mask.png 145068 352 761 468
str11_mask.png 145368 353 743 830
str11_mask.png 145668 354 878 911
#8
str11_mask.png 173439 542 657 842
str11_mask.png 173806 543 638 906
str11_mask.png 173989 544 819 935
str11_mask.png 174722 545 867 963
str11_mask.png 175505 546 838 953
str11_mask.png 175705 547 1174 898
str11_mask.png 176272 548 1120 944
str11_mask.png 176639 549 1375 820
str11_mask.png 176989 550 1425 614
str11_mask.png 177172 551 1395 586
str11_mask.png 177989 552 1385 399
str11_mask.png 178205 553 1398 383
str11_mask.png 178322 554 1385 584
str11_mask.png 178972 555 1495 595
str11_mask.png 179122 556 1477 594
str11_mask.png 179439 557 1129 166
str11_mask.png 179705 558 1118 132
str11_mask.png 179955 559 869 115
str11_mask.png 180322 560 588 162
str11_mask.png 180489 561 603 153
str11_mask.png 180789 562 873 122
str11_mask.png 180872 563 858 111
str11_mask.png 181255 564 481 280
str11_mask.png 181755 565 354 545
str11_mask.png 182089 566 451 780
str11_mask.png 182222 567 431 778
str11_mask.png 182605 568 652 881
#9
str11_mask.png 163555 402 1308 718
str11_mask.png 163738 403 1385 598
str11_mask.png 164055 404 1102 233
str11_mask.png 164455 405 1421 637
str11_mask.png 164688 406 1477 589
str11_mask.png 165988 407 1343 729
str11_mask.png 166288 408 969 878
str11_mask.png 166488 409 900 915
str11_mask.png 166805 410 690 878
str11_mask.png 168521 411 498 801
str11_mask.png 168855 412 457 480
str11_mask.png 169121 413 581 256
str11_mask.png 169454 414 931 158
str11_mask.png 169620 415 1280 261
str11_mask.png 169904 416 1439 561
str11_mask.png 170221 417 1379 607
str11_mask.png 170771 418 937 879
str11_mask.png 171105 419 834 892
str11_mask.png 172771 420 1215 839
str11_mask.png 172971 421 1421 619
#10
str11_mask.png 147115 464 966 481
str11_mask.png 147499 465 726 263
str11_mask.png 147665 466 532 416
str11_mask.png 147866 467 529 649
str11_mask.png 148316 468 719 789
str11_mask.png 148533 469 941 912
str11_mask.png 148866 470 833 916
str11_mask.png 149201 471 1420 634
str11_mask.png 149385 472 1401 601
str11_mask.png 149670 473 1494 578
str11_mask.png 150225 474 1148 155
str11_mask.png 150548 475 1184 173
str11_mask.png 150900 476 884 135
str11_mask.png 151401 477 640 176
str11_mask.png 151533 478 698 175
str11_mask.png 151734 479 685 208
str11_mask.png 152001 480 726 912
str11_mask.png 152419 481 732 886
str11_mask.png 152752 482 568 856
str11_mask.png 153202 483 984 967
str11_mask.png 153435 484 445 510
str11_mask.png 153718 485 447 506
str11_mask.png 153952 486 506 521
str11_mask.png 154235 487 417 516
str11_mask.png 154452 488 395 520
str11_mask.png 154802 489 426 586
str11_mask.png 155052 490 540 535
str11_mask.png 155469 491 1488 585
str11_mask.png 155671 492 1396 594
str11_mask.png 155937 493 1465 601
str11_mask.png 156204 494 1515 590
str11_mask.png 156826 495 1349 868
str11_mask.png 157030 496 1198 941
#11
str11_mask.png 171056 444 822 88
str11_mask.png 171222 445 833 90
str11_mask.png 171807 446 800 68
str11_mask.png 171945 447 853 76
str11_mask.png 172363 448 1164 132
str11_mask.png 172479 449 1114 129
str11_mask.png 172663 450 1383 327
str11_mask.png 172979 451 1418 389
str11_mask.png 174179 452 1420 540
str11_mask.png 174462 453 1488 556
str11_mask.png 174579 454 1363 536
str11_mask.png 175062 455 1547 544
str11_mask.png 175579 456 1450 540
str11_mask.png 175913 457 1548 552
str11_mask.png 176529 458 1374 773
str11_mask.png 177150 459 1358 771
str11_mask.png 177506 460 1409 786
str11_mask.png 178139 461 1195 893
str11_mask.png 178355 462 1182 856
str11_mask.png 178522 463 1109 881
str11_mask.png 179222 464 1054 919
str11_mask.png 179356 465 1172 901
str11_mask.png 179655 466 1202 863
str11_mask.png 179922 467 1228 827
str11_mask.png 180005 468 1209 855
str11_mask.png 180255 469 1162 923
str11_mask.png 180355 470 1137 924
#12
str11_mask.png 186048 552 951 495
str11_mask.png 186382 553 732 214
str11_mask.png 186549 554 1148 143
str11_mask.png 186866 555 1112 123
str11_mask.png 187115 556 1407 515
str11_mask.png 187382 557 1378 555
str11_mask.png 188032 558 948 879
str11_mask.png 188182 559 729 899
str11_mask.png 188565 560 859 899
str11_mask.png 188932 561 473 769
str11_mask.png 189083 562 407 567
str11_mask.png 189500 563 518 261
str11_mask.png 189767 564 1518 618
str11_mask.png 189850 565 1468 625
str11_mask.png 189984 566 1370 809
str11_mask.png 190217 567 1177 888
str11_mask.png 190567 568 1395 366
str11_mask.png 190850 569 836 129
str11_mask.png 191200 570 476 323
str11_mask.png 191433 571 446 488
str11_mask.png 191701 572 444 521
str11_mask.png 191851 573 375 524
str11_mask.png 192034 574 455 300
str11_mask.png 192367 575 400 307
str11_mask.png 192550 576 380 332
str11_mask.png 192917 577 493 284
str11_mask.png 193517 578 867 138
str11_mask.png 193917 579 1267 266
str11_mask.png 194118 580 1208 132
str11_mask.png 194434 581 964 131
str11_mask.png 194784 582 920 810
str11_mask.png 194918 583 902 904
str11_mask.png 195268 584 1307 608
str11_mask.png 195519 585 1364 568
#13
str11_mask.png 164575 481 821 212
str11_mask.png 164675 482 870 119
str11_mask.png 164859 483 1194 126
str11_mask.png 165592 484 1388 321
str11_mask.png 165743 485 1358 329
str11_mask.png 166026 486 1378 581
str11_mask.png 166593 487 1387 447
str11_mask.png 166759 488 1379 613
str11_mask.png 166926 489 1279 805
str11_mask.png 167376 490 881 923
str11_mask.png 167792 491 681 909
str11_mask.png 168142 492 531 826
str11_mask.png 168592 493 471 755
str11_mask.png 168809 494 429 586
str11_mask.png 169042 495 453 331
str11_mask.png 169225 496 621 201
str11_mask.png 169542 497 454 374
str11_mask.png 169825 498 640 178
str11_mask.png 169959 499 880 132
str11_mask.png 170242 500 1168 119
str11_mask.png 170708 501 1216 167
str11_mask.png 170875 502 878 115
str11_mask.png 171342 503 644 169
str11_mask.png 171625 504 403 377
str11_mask.png 171925 505 371 556
str11_mask.png 172958 506 1061 942
str11_mask.png 173142 507 1154 923
str11_mask.png 173775 508 957 888
str11_mask.png 174008 509 845 303
str11_mask.png 174208 510 892 164
str11_mask.png 174292 511 886 165
#14
str11_mask.png 222686 627 723 844
str11_mask.png 222873 628 885 891
str11_mask.png 223273 629 726 850
str11_mask.png 223840 630 949 893
str11_mask.png 224006 631 918 917
str11_mask.png 224407 632 1439 578
str11_mask.png 224624 633 1400 570
str11_mask.png 225224 634 1396 546
str11_mask.png 225557 635 1203 158
str11_mask.png 225690 636 1200 138
str11_mask.png 225824 637 1153 114
str11_mask.png 226040 638 768 124
str11_mask.png 226224 639 617 142
str11_mask.png 226440 640 419 459
str11_mask.png 226740 641 628 832
str11_mask.png 226873 642 701 824
str11_mask.png 227073 643 529 776
str11_mask.png 227340 644 1091 896
str11_mask.png 227573 645 1219 893
str11_mask.png 227874 646 1389 788
str11_mask.png 228057 647 881 888
str11_mask.png 228424 648 846 909
str11_mask.png 229040 649 895 49
str11_mask.png 229490 650 1442 501
str11_mask.png 229840 651 1395 505
str11_mask.png 230174 652 747 883
str11_mask.png 230340 653 815 878
str11_mask.png 230590 654 733 864
str11_mask.png 230724 655 875 875
str11_mask.png 230874 656 1319 442
str11_mask.png 231040 657 1129 105
str11_mask.png 231307 658 1175 81
#15
str11_mask.png 165863 568 832 174
str11_mask.png 166030 569 1155 197
str11_mask.png 166296 570 1389 532
str11_mask.png 166513 571 1426 621
str11_mask.png 166980 572 1127 620
str11_mask.png 167185 573 1121 265
str11_mask.png 167271 574 1110 233
str11_mask.png 167592 575 1119 198
str11_mask.png 168513 576 652 906
str11_mask.png 168637 577 821 958
str11_mask.png 169012 578 663 944
str11_mask.png 169462 579 669 897
str11_mask.png 169728 580 1390 679
str11_mask.png 170028 581 1363 630
str11_mask.png 170545 582 1429 635
str11_mask.png 170812 583 1214 905
str11_mask.png 171078 584 814 964
str11_mask.png 171328 585 671 936
str11_mask.png 171795 586 818 946
str11_mask.png 172011 587 1347 647
str11_mask.png 172328 588 1014 201
str11_mask.png 172545 589 1125 231
str11_mask.png 172928 590 1169 256
str11_mask.png 173245 591 1407 631
str11_mask.png 173545 592 694 911
str11_mask.png 174095 593 665 923
str11_mask.png 174445 594 865 982
str11_mask.png 174711 595 682 950
str11_mask.png 175028 596 878 755
str11_mask.png 175228 597 986 355
#16
str11_mask.png 186686 523 1180 71
str11_mask.png 187152 524 1479 339
str11_mask.png 187402 525 1491 357
str11_mask.png 187685 526 1465 413
str11_mask.png 188269 527 1452 421
str11_mask.png 188685 528 1503 550
str11_mask.png 188885 529 1414 551
str11_mask.png 189319 530 1535 531
str11_mask.png 189435 531 1529 560
str11_mask.png 189785 532 1390 820
str11_mask.png 189986 533 1406 817
str11_mask.png 190319 534 1190 875
str11_mask.png 190603 535 1119 882
str11_mask.png 190811 536 871 924
str11_mask.png 191084 537 874 930
str11_mask.png 191300 538 673 909
str11_mask.png 191700 539 475 848
str11_mask.png 192232 540 415 621
str11_mask.png 192582 541 452 838
str11_mask.png 192749 542 555 830
str11_mask.png 192966 543 393 625
str11_mask.png 193249 544 363 562
str11_mask.png 193666 545 521 516
str11_mask.png 194049 546 375 610
str11_mask.png 194432 547 399 316
str11_mask.png 194582 548 344 345
str11_mask.png 194882 549 680 166
str11_mask.png 195182 550 849 143
str11_mask.png 195566 551 468 567
str11_mask.png 195732 552 376 624
str11_mask.png 195899 553 324 594
str11_mask.png 196066 554 389 561
#17
str11_mask.png 190830 554 1001 96
str11_mask.png 190947 555 992 116
str11_mask.png 191113 556 1068 251
str11_mask.png 191397 557 881 414
str11_mask.png 191530 558 898 391
str11_mask.png 191830 559 425 545
str11_mask.png 192063 560 431 578
str11_mask.png 192413 561 495 776
str11_mask.png 192780 562 736 870
str11_mask.png 192963 563 697 865
str11_mask.png 193580 564 1328 803
str11_mask.png 193913 565 1453 593
str11_mask.png 194047 566 1375 604
str11_mask.png 194280 567 1432 598
str11_mask.png 194664 568 1365 574
str11_mask.png 194830 569 1372 597
str11_mask.png 195130 570 1441 608
str11_mask.png 195730 571 976 926
str11_mask.png 195947 572 720 925
str11_mask.png 196163 573 671 898
str11_mask.png 196814 574 1161 143
str11_mask.png 197563 575 1105 72
str11_mask.png 198283 576 836 17
str11_mask.png 199417 577 1085 133
str11_mask.png 199750 578 1097 142
str11_mask.png 199950 579 1118 215
str11_mask.png 200350 580 1143 228
#18
str11_mask.png 149642 489 1045 160
str11_mask.png 149759 490 1184 134
str11_mask.png 150609 491 1213 149
str11_mask.png 151925 492 1434 544
str11_mask.png 152109 493 1410 570
str11_mask.png 152492 494 1460 581
str11_mask.png 152709 495 943 851
str11_mask.png 152942 496 763 906
str11_mask.png 153226 497 701 908
str11_mask.png 153642 498 861 910
str11_mask.png 153992 499 1163 920
str11_mask.png 154476 500 1389 659
str11_mask.png 155126 501 491 635
str11_mask.png 155359 502 501 729
str11_mask.png 155626 503 421 604
str11_mask.png 155842 504 485 314
str11_mask.png 156125 505 654 191
str11_mask.png 156608 506 967 137
str11_mask.png 157042 507 1173 136
str11_mask.png 157658 508 1397 358
str11_mask.png 157958 509 1427 546
str11_mask.png 158159 510 1375 560
str11_mask.png 158442 511 1334 748
str11_mask.png 158675 512 1054 858
str11_mask.png 158975 513 769 896
str11_mask.png 159175 514 680 889
#19
str11_mask.png 136834 495 967 446
str11_mask.png 137084 496 860 192
str11_mask.png 137367 497 699 933
str11_mask.png 137600 498 612 857
str11_mask.png 137734 499 862 942
str11_mask.png 137967 500 1155 912
str11_mask.png 138318 501 1407 600
str11_mask.png 138534 502 1239 197
str11_mask.png 138784 503 889 140
str11_mask.png 138984 504 611 211
str11_mask.png 139250 505 474 611
str11_mask.png 139434 506 672 926
str11_mask.png 139634 507 896 936
str11_mask.png 139850 508 1204 901
str11_mask.png 140067 509 1379 617
str11_mask.png 140351 510 1214 212
str11_mask.png 141034 511 1222 914
str11_mask.png 141234 512 1347 841
str11_mask.png 141434 513 1420 622
str11_mask.png 141751 514 862 914
str11_mask.png 142017 515 714 877
str11_mask.png 142251 516 541 836
str11_mask.png 142517 517 429 574
str11_mask.png 142600 518 455 588
str11_mask.png 143000 519 1075 190
str11_mask.png 143250 520 1196 151
str11_mask.png 143517 521 1462 611
str11_mask.png 143601 522 1442 628
str11_mask.png 143884 523 843 936
str11_mask.png 144251 524 708 887
str11_mask.png 144701 525 862 945
str11_mask.png 144867 526 708 898
str11_mask.png 145051 527 907 945
str11_mask.png 145301 528 1331 837
str11_mask.png 145417 529 1411 591
str11_mask.png 145651 530 1234 184
str11_mask.png 145951 531 1160 138
str11_mask.png 146284 532 965 140
str11_mask.png 146601 533 824 902
str11_mask.png 146784 534 889 918
#20
str11_mask.png 146485 461 731 174
str11_mask.png 146685 462 445 337
str11_mask.png 147018 463 1395 392
str11_mask.png 147352 464 877 142
str11_mask.png 147702 465 652 177
str11_mask.png 148152 466 691 893
str11_mask.png 148418 467 869 944
str11_mask.png 148652 468 1180 889
str11_mask.png 149068 469 1384 788
str11_mask.png 149435 470 453 711
str11_mask.png 150318 473 535 301
str11_mask.png 151385 474 422 258
str11_mask.png 151568 475 758 143
str11_mask.png 151801 476 724 145
str11_mask.png 152035 477 655 206
str11_mask.png 152252 478 622 231
str11_mask.png 152968 479 506 806
str11_mask.png 153202 480 432 587
str11_mask.png 153951 481 568 691
str11_mask.png 154185 482 792 923
str11_mask.png 154501 483 453 385
str11_mask.png 154801 484 1383 411
str11_mask.png 155351 485 1364 812
str11_mask.png 155651 486 909 110
str11_mask.png 156051 487 824 511
#21
str11_mask.png 154068 485 987 503
str11_mask.png 154301 486 990 500
str11_mask.png 154501 487 914 187
str11_mask.png 154701 488 890 114
str11_mask.png 155251 489 961 87
str11_mask.png 155451 490 1125 148
str11_mask.png 155818 491 1118 230
str11_mask.png 156034 492 1214 148
str11_mask.png 156501 493 1355 318
str11_mask.png 156618 494 1436 437
str11_mask.png 156852 495 1398 407
str11_mask.png 157235 496 1442 553
str11_mask.png 157485 497 1404 541
str11_mask.png 157818 498 1375 546
str11_mask.png 158135 499 1380 746
str11_mask.png 158352 500 1330 787
str11_mask.png 158585 501 1182 849
str11_mask.png 159118 502 897 897
str11_mask.png 160251 503 526 766
str11_mask.png 160451 504 364 557
str11_mask.png 160768 505 370 519
str11_mask.png 160918 506 419 321
str11_mask.png 161451 507 494 307
str11_mask.png 161617 508 647 185
str11_mask.png 162351 509 678 159
str11_mask.png 162751 510 878 111
str11_mask.png 163017 511 746 175
str11_mask.png 163234 512 749 196
str11_mask.png 163367 513 900 307
str11_mask.png 163884 514 946 362
#22
str11_mask.png 137756 435 922 330
str11_mask.png 138207 436 1206 221
str11_mask.png 138290 437 1199 200
str11_mask.png 138457 438 971 162
str11_mask.png 139007 439 1285 276
str11_mask.png 139474 440 1418 378
str11_mask.png 139824 441 1392 581
str11_mask.png 140824 442 1397 781
str11_mask.png 140941 443 1229 798
str11_mask.png 141107 444 954 870
str11_mask.png 141341 445 930 904
str11_mask.png 141657 446 839 893
str11_mask.png 141841 447 723 890
str11_mask.png 142057 448 678 863
str11_mask.png 142674 449 516 824
str11_mask.png 143091 450 557 823
str11_mask.png 143340 451 463 733
str11_mask.png 143657 452 479 637
str11_mask.png 143790 453 420 570
str11_mask.png 144040 454 422 405
str11_mask.png 144274 455 544 305
str11_mask.png 144440 456 658 231
str11_mask.png 145040 457 959 204
str11_mask.png 145273 458 1415 516
str11_mask.png 145624 459 1450 544
str11_mask.png 146025 460 1398 804
str11_mask.png 146358 461 1191 846
str11_mask.png 146508 462 1029 873
str11_mask.png 146774 463 1193 872
str11_mask.png 147108 464 1394 811
str11_mask.png 147341 465 1432 782
str11_mask.png 147691 466 1357 790
#23
str11_mask.png 183344 621 856 418
str11_mask.png 183699 622 912 179
str11_mask.png 183918 623 878 141
str11_mask.png 184101 624 1142 166
str11_mask.png 184320 625 861 131
str11_mask.png 184612 626 622 155
str11_mask.png 184941 627 626 197
str11_mask.png 185196 628 497 255
str11_mask.png 185447 629 420 325
str11_mask.png 185664 630 475 314
str11_mask.png 186297 631 459 544
str11_mask.png 186964 632 531 739
str11_mask.png 187214 633 743 838
str11_mask.png 187480 634 767 833
str11_mask.png 187666 635 890 885
str11_mask.png 187882 636 926 908
str11_mask.png 188049 637 928 936
str11_mask.png 188239 638 983 947
str11_mask.png 188652 639 948 932
str11_mask.png 188833 640 1269 884
str11_mask.png 188998 641 1301 843
str11_mask.png 189290 642 1409 815
str11_mask.png 189745 643 1438 607
str11_mask.png 189975 644 1394 581
str11_mask.png 190341 645 1369 339
str11_mask.png 190608 646 1417 360
str11_mask.png 190775 647 1177 208
str11_mask.png 190991 648 1112 151
str11_mask.png 191258 649 1144 156
str11_mask.png 191491 650 1229 215
str11_mask.png 191925 651 1383 327
str11_mask.png 192125 652 1422 437
str11_mask.png 192491 653 1483 595
str11_mask.png 192658 654 1405 601
str11_mask.png 192925 655 1392 582
#24
str11_mask.png 136408 424 885 80
str11_mask.png 136591 425 1215 90
str11_mask.png 137075 426 1434 542
str11_mask.png 137630 427 866 914
str11_mask.png 137963 428 686 859
str11_mask.png 138704 429 453 523
str11_mask.png 139021 430 566 755
str11_mask.png 139605 431 1446 529
str11_mask.png 139739 432 1409 546
str11_mask.png 140238 433 1373 767
str11_mask.png 140968 434 1160 867
str11_mask.png 141304 435 1436 622
str11_mask.png 141471 436 1401 567
str11_mask.png 141888 437 786 168
str11_mask.png 142337 438 937 60
str11_mask.png 142804 439 365 396
str11_mask.png 143204 440 451 473
str11_mask.png 143854 441 1137 299
str11_mask.png 144087 442 695 476
str11_mask.png 144721 443 519 270
str11_mask.png 145020 444 577 222
str11_mask.png 145504 445 716 87
str11_mask.png 145988 446 1411 543
#25
str11_mask.png 163390 459 969 535
str11_mask.png 163890 460 971 540
str11_mask.png 164107 461 859 442
str11_mask.png 164290 462 874 423
str11_mask.png 164490 463 881 421
str11_mask.png 164707 464 845 455
str11_mask.png 164990 465 878 443
str11_mask.png 165592 466 918 438
str11_mask.png 166163 467 924 470
str11_mask.png 166429 468 910 517
str11_mask.png 166513 469 974 486
str11_mask.png 166729 470 899 493
str11_mask.png 167079 471 938 467
str11_mask.png 167379 472 859 430
str11_mask.png 167546 473 886 437
str11_mask.png 167729 474 863 431
str11_mask.png 168029 475 902 476
str11_mask.png 168146 476 889 440
str11_mask.png 168229 477 913 451
str11_mask.png 168346 478 948 439
str11_mask.png 168863 479 925 422
str11_mask.png 169080 480 960 426
str11_mask.png 169613 481 968 490
str11_mask.png 170113 482 891 432
str11_mask.png 170213 483 930 459
str11_mask.png 170363 484 932 482
str11_mask.png 170496 485 900 473
str11_mask.png 170846 486 887 441
str11_mask.png 171546 487 902 431
str11_mask.png 171830 488 918 439
str11_mask.png 172313 489 925 435
str11_mask.png 172446 490 880 394
str11_mask.png 172813 491 950 449
str11_mask.png 173013 492 941 480
#26
str11_mask.png 182489 565 800 252
str11_mask.png 182706 566 688 772
str11_mask.png 182873 567 637 890
str11_mask.png 183223 568 784 968
str11_mask.png 183373 569 802 969
str11_mask.png 183489 570 860 970
str11_mask.png 183839 571 1096 944
str11_mask.png 184023 572 1166 893
str11_mask.png 184306 573 1317 745
str11_mask.png 184472 574 1365 639
str11_mask.png 184939 575 1355 602
str11_mask.png 185339 576 1491 599
str11_mask.png 186122 577 1322 601
str11_mask.png 186722 578 1171 234
str11_mask.png 186956 579 1064 157
str11_mask.png 187089 580 1084 177
str11_mask.png 187522 581 1350 402
str11_mask.png 187806 582 1056 182
str11_mask.png 188489 583 766 107
str11_mask.png 188689 584 516 153
str11_mask.png 189072 585 479 378
str11_mask.png 189389 586 350 358
str11_mask.png 189639 587 415 569
str11_mask.png 189872 588 275 617
str11_mask.png 190005 589 367 594
str11_mask.png 190189 590 398 593
str11_mask.png 190472 591 461 750
str11_mask.png 191022 592 720 878
str11_mask.png 191322 593 668 949
str11_mask.png 191522 594 518 925
str11_mask.png 191655 595 587 925
str11_mask.png 191889 596 918 963
#27
str11_mask.png 136993 445 969 401
str11_mask.png 137326 446 740 192
str11_mask.png 137476 447 810 113
str11_mask.png 137643 448 786 116
str11_mask.png 137793 449 597 153
str11_mask.png 137909 450 775 125
str11_mask.png 138393 451 609 280
str11_mask.png 138676 452 510 553
str11_mask.png 139076 453 572 729
str11_mask.png 139176 454 539 734
str11_mask.png 139426 455 529 741
str11_mask.png 139592 456 735 847
str11_mask.png 139943 457 753 826
str11_mask.png 140193 458 920 893
str11_mask.png 140643 459 1244 897
str11_mask.png 141476 460 1500 795
str11_mask.png 141593 461 1378 812
str11_mask.png 141943 462 1406 615
str11_mask.png 142376 463 1466 537
str11_mask.png 142743 464 1401 462
str11_mask.png 142993 465 1158 198
str11_mask.png 143376 466 948 143
str11_mask.png 143710 467 849 158
str11_mask.png 143976 468 1086 165
str11_mask.png 144309 469 1118 184
str11_mask.png 144409 470 1098 166
str11_mask.png 144793 471 921 644
str11_mask.png 145110 472 892 637
str11_mask.png 145593 473 682 880
str11_mask.png 146261 474 965 520
str11_mask.png 146344 475 938 512
str11_mask.png 146594 476 904 493
str11_mask.png 146694 477 897 492
#28
str11_mask.png 201365 614 889 735
str11_mask.png 201798 615 742 821
str11_mask.png 201998 616 714 844
str11_mask.png 202448 617 548 685
str11_mask.png 202548 618 512 586
str11_mask.png 202848 619 832 820
str11_mask.png 203081 620 893 913
str11_mask.png 203215 621 907 891
str11_mask.png 203748 622 1193 129
str11_mask.png 204082 623 1250 169
str11_mask.png 204365 624 1195 172
str11_mask.png 204815 625 1250 241
str11_mask.png 205198 626 1288 197
str11_mask.png 205448 627 1461 558
str11_mask.png 205698 628 1421 573
str11_mask.png 205965 629 1544 590
str11_mask.png 206566 630 1377 805
str11_mask.png 207052 631 1381 467
str11_mask.png 207368 632 1340 840
str11_mask.png 207568 633 1235 849
str11_mask.png 207802 634 889 168
str11_mask.png 208002 635 634 191
str11_mask.png 208268 636 473 296
str11_mask.png 208552 637 409 532
str11_mask.png 208785 638 414 538
str11_mask.png 209018 639 717 826
str11_mask.png 209402 640 690 850
str11_mask.png 209768 641 525 784
str11_mask.png 210201 642 510 839
str11_mask.png 210401 643 565 854
str11_mask.png 210602 644 677 838
str11_mask.png 211002 645 680 839
#29
str11_mask.png 183923 561 979 492
str11_mask.png 184205 562 970 143
str11_mask.png 184721 563 889 140
str11_mask.png 185122 564 927 123
str11_mask.png 185605 565 1179 152
str11_mask.png 186121 566 1227 163
str11_mask.png 186505 567 1435 341
str11_mask.png 186589 568 1353 360
str11_mask.png 187172 569 1391 389
str11_mask.png 187539 570 1400 565
str11_mask.png 187889 571 1353 598
str11_mask.png 188072 572 1464 590
str11_mask.png 188872 573 1289 812
str11_mask.png 189138 574 1325 796
str11_mask.png 189505 575 1355 783
str11_mask.png 189972 576 1119 900
str11_mask.png 190389 577 836 901
str11_mask.png 190722 578 909 917
str11_mask.png 191088 579 660 916
str11_mask.png 191389 580 651 858
str11_mask.png 192238 581 459 806
str11_mask.png 192321 582 501 815
str11_mask.png 192754 583 513 776
str11_mask.png 193021 584 408 559
str11_mask.png 193938 585 497 345
#30
str11_mask.png 167944 605 730 347
str11_mask.png 168061 606 641 165
str11_mask.png 168261 607 975 124
str11_mask.png 168511 608 1178 137
str11_mask.png 168877 609 906 131
str11_mask.png 169310 610 920 153
str11_mask.png 169477 611 490 342
str11_mask.png 169727 612 423 594
str11_mask.png 169960 613 616 846
str11_mask.png 170144 614 699 886
str11_mask.png 170377 615 901 926
str11_mask.png 170677 616 904 972
str11_mask.png 170860 617 1396 691
str11_mask.png 171011 618 1377 596
str11_mask.png 171744 619 1372 394
str11_mask.png 171994 620 1148 176
str11_mask.png 172844 621 1289 848
str11_mask.png 173061 622 894 953
str11_mask.png 173461 623 704 895
str11_mask.png 173944 624 956 370
str11_mask.png 176811 625 933 579
str11_mask.png 177361 627 887 656
#31
str11_mask.png 160619 564 918 529
str11_mask.png 161026 565 560 356
str11_mask.png 161593 566 555 352
str11_mask.png 161743 567 466 308
str11_mask.png 161959 568 761 134
str11_mask.png 162259 569 690 135
str11_mask.png 162643 570 967 80
str11_mask.png 162876 571 1242 103
str11_mask.png 163176 572 1183 120
str11_mask.png 163426 573 1471 313
str11_mask.png 163543 574 1417 344
str11_mask.png 163810 575 1381 439
str11_mask.png 164160 576 1436 589
str11_mask.png 164393 577 1357 587
str11_mask.png 164627 578 1325 798
str11_mask.png 165193 579 1082 859
str11_mask.png 165460 580 860 900
str11_mask.png 166110 581 472 703
str11_mask.png 166527 582 496 272
str11_mask.png 166694 583 458 301
str11_mask.png 166961 584 768 130
str11_mask.png 167211 585 925 80
str11_mask.png 167361 586 1225 127
str11_mask.png 167778 587 1440 430
str11_mask.png 167895 588 1409 439
str11_mask.png 168112 589 740 830
str11_mask.png 168462 590 888 896
str11_mask.png 168945 591 1426 386
str11_mask.png 169295 592 1393 405
str11_mask.png 169462 593 1434 546
str11_mask.png 169662 594 1374 575
str11_mask.png 170012 595 1329 810
str11_mask.png 170228 596 1164 325
str11_mask.png 170528 597 365 493
#32
str11_mask.png 165835 547 968 134
str11_mask.png 166003 548 1180 137
str11_mask.png 166520 549 1250 151
str11_mask.png 166786 550 1418 319
str11_mask.png 167186 551 1437 556
str11_mask.png 167420 552 1406 544
str11_mask.png 167653 553 1482 552
str11_mask.png 167838 554 1392 555
str11_mask.png 168088 555 1299 732
str11_mask.png 168472 556 1267 806
str11_mask.png 168673 557 1354 783
str11_mask.png 168874 558 911 892
str11_mask.png 169223 559 754 883
str11_mask.png 169457 560 735 831
str11_mask.png 169707 561 905 877
str11_mask.png 170090 562 544 797
str11_mask.png 170340 563 458 562
str11_mask.png 170640 564 428 533
str11_mask.png 171190 565 504 290
str11_mask.png 171506 566 694 220
str11_mask.png 171673 567 687 150
str11_mask.png 171789 568 661 195
str11_mask.png 172056 569 914 206
str11_mask.png 172325 570 1204 125
str11_mask.png 172626 571 1193 832
str11_mask.png 172792 572 1098 747
str11_mask.png 172959 573 1075 637
str11_mask.png 173126 574 1387 724
str11_mask.png 173459 575 1005 181
str11_mask.png 173675 576 730 269
str11_mask.png 173975 577 497 707
str11_mask.png 174325 578 804 888
str11_mask.png 174809 579 1073 195
str11_mask.png 174975 580 1193 131
str11_mask.png 175259 581 1293 203
#33
str11_mask.png 213992 575 1011 422
str11_mask.png 214141 576 1012 447
str11_mask.png 214408 577 907 809
str11_mask.png 215158 578 891 844
str11_mask.png 215558 579 970 818
str11_mask.png 215758 580 950 832
str11_mask.png 215908 581 889 851
str11_mask.png 216058 582 909 834
str11_mask.png 216341 583 912 875
str11_mask.png 216658 584 875 878
str11_mask.png 216958 585 697 868
str11_mask.png 217258 586 706 766
str11_mask.png 217659 587 1393 541
str11_mask.png 217792 588 1431 490
str11_mask.png 218042 589 1528 504
str11_mask.png 218175 590 1405 519
str11_mask.png 218675 591 1475 511
str11_mask.png 219809 592 1390 516
str11_mask.png 220058 593 1127 38
str11_mask.png 220897 594 1239 22
str11_mask.png 221065 595 1207 53
str11_mask.png 221584 596 887 826
str11_mask.png 221968 597 1230 1
str11_mask.png 222068 598 1214 30
str11_mask.png 222285 599 1305 19
str11_mask.png 222702 600 820 858
str11_mask.png 222968 601 902 868
str11_mask.png 223352 602 869 850
#34
str11_mask.png 159685 453 722 222
str11_mask.png 159818 454 648 197
str11_mask.png 160068 455 891 123
str11_mask.png 160301 456 1182 158
str11_mask.png 160651 457 1385 284
str11_mask.png 160884 458 1409 378
str11_mask.png 161051 459 1472 594
str11_mask.png 161653 460 1209 848
str11_mask.png 161856 461 894 920
str11_mask.png 162306 462 931 899
str11_mask.png 162472 463 925 892
str11_mask.png 162622 464 550 807
str11_mask.png 162938 465 459 562
str11_mask.png 163072 466 446 552
str11_mask.png 163188 467 645 670
str11_mask.png 163605 468 488 386
str11_mask.png 163788 469 553 374
str11_mask.png 163988 470 652 260
str11_mask.png 164255 471 1040 129
str11_mask.png 164438 472 1232 170
str11_mask.png 164855 473 1418 323
str11_mask.png 165239 474 1456 571
str11_mask.png 165490 475 1398 579
str11_mask.png 165790 476 1400 580
str11_mask.png 165907 477 1379 565
str11_mask.png 166007 478 1390 576
str11_mask.png 166424 479 1405 651
str11_mask.png 166607 480 1377 794
str11_mask.png 167090 481 460 586
str11_mask.png 167239 482 459 565
str11_mask.png 167406 483 552 727
str11_mask.png 167606 484 784 899
str11_mask.png 168143 485 1214 879
str11_mask.png 168361 486 1404 819
str11_mask.png 168595 487 1453 517
str11_mask.png 169012 488 906 143
str11_mask.png 169212 489 564 175
str11_mask.png 169379 490 418 327
#35
str11_mask.png 160968 539 1066 404
str11_mask.png 161301 540 717 137
str11_mask.png 161518 541 1145 96
str11_mask.png 161618 542 1150 127
str11_mask.png 161801 543 1318 343
str11_mask.png 162118 544 1398 600
str11_mask.png 162401 545 1367 579
str11_mask.png 162569 546 1279 834
str11_mask.png 162785 547 1032 895
str11_mask.png 163019 548 845 908
str11_mask.png 163319 549 545 797
str11_mask.png 163551 550 469 725
str11_mask.png 163868 551 392 566
str11_mask.png 164085 552 713 573
str11_mask.png 164401 553 501 651
str11_mask.png 164701 554 399 407
str11_mask.png 164918 555 426 320
str11_mask.png 165168 556 605 206
str11_mask.png 165534 557 502 302
str11_mask.png 165885 558 844 151
str11_mask.png 166168 559 695 177
str11_mask.png 166518 560 512 263
str11_mask.png 166868 561 890 184
str11_mask.png 167051 562 903 132
str11_mask.png 167284 563 1209 139
str11_mask.png 167584 564 1422 358
str11_mask.png 167718 565 1359 344
str11_mask.png 167852 566 1407 614
str11_mask.png 168052 567 1349 602
str11_mask.png 168318 568 1294 805
str11_mask.png 168585 569 863 698
str11_mask.png 168818 570 1074 871
str11_mask.png 169302 571 665 401
str11_mask.png 169502 572 407 375
str11_mask.png 169618 573 458 377
str11_mask.png 169951 574 668 488
str11_mask.png 170134 575 907 544
str11_mask.png 170751 576 887 538
#36
str11_mask.png 175552 560 517 503
str11_mask.png 175818 561 663 855
str11_mask.png 175968 562 717 898
str11_mask.png 176201 563 437 561
str11_mask.png 176817 564 653 143
str11_mask.png 177068 565 929 69
str11_mask.png 177318 566 1216 124
str11_mask.png 177651 567 1197 146
str11_mask.png 177884 568 1450 420
str11_mask.png 178018 569 1491 412
str11_mask.png 178335 570 1500 609
str11_mask.png 178685 571 1418 792
str11_mask.png 179135 572 1275 861
str11_mask.png 179502 573 912 952
str11_mask.png 179668 574 742 919
str11_mask.png 180035 575 836 935
str11_mask.png 180168 576 549 770
str11_mask.png 180384 577 383 521
str11_mask.png 180768 578 460 329
str11_mask.png 180934 579 691 163
str11_mask.png 181334 580 916 55
str11_mask.png 181517 581 1182 119
str11_mask.png 182035 582 1308 220
str11_mask.png 182319 583 1238 43
str11_mask.png 182703 584 1278 47
str11_mask.png 182919 585 1428 319
str11_mask.png 183236 586 1468 493
str11_mask.png 183669 587 1404 713
str11_mask.png 183953 588 1157 863
str11_mask.png 184119 589 801 906
str11_mask.png 184469 590 481 678
str11_mask.png 184719 591 412 496
str11_mask.png 184902 592 423 513
str11_mask.png 185136 593 434 286
#37
str11_mask.png 159975 517 1009 495
str11_mask.png 160191 518 532 316
str11_mask.png 160408 519 475 605
str11_mask.png 160591 520 736 913
str11_mask.png 160841 521 899 942
str11_mask.png 161241 522 1217 875
str11_mask.png 161575 523 943 903
str11_mask.png 161858 524 1356 650
str11_mask.png 162008 525 1437 590
str11_mask.png 162309 526 1194 145
str11_mask.png 162425 527 1190 116
str11_mask.png 162575 528 978 95
str11_mask.png 163174 529 467 502
str11_mask.png 163458 530 392 516
str11_mask.png 163824 531 1155 915
str11_mask.png 164224 532 828 378
str11_mask.png 164424 533 824 859
str11_mask.png 164974 534 1369 348
str11_mask.png 165192 535 1451 583
str11_mask.png 165492 536 1084 758
str11_mask.png 165658 537 766 878
str11_mask.png 165858 538 642 842
str11_mask.png 166075 539 842 882
str11_mask.png 166391 540 525 323
str11_mask.png 166541 541 1207 156
str11_mask.png 166642 542 1113 132
str11_mask.png 166792 543 1401 404
str11_mask.png 166992 544 1414 516
str11_mask.png 167359 545 1009 465
str11_mask.png 167809 546 828 458
str11_mask.png 168108 547 828 459
str11_mask.png 168659 548 808 440
str11_mask.png 168809 549 801 424
str11_mask.png 168992 550 807 445
str11_mask.png 169309 551 806 434
str11_mask.png 169825 552 814 435
#38
str11_mask.png 158416 495 790 856
str11_mask.png 158583 496 541 769
str11_mask.png 158766 497 468 623
str11_mask.png 159466 498 1200 176
str11_mask.png 159566 499 1212 158
str11_mask.png 159733 500 1104 200
str11_mask.png 160368 502 1436 561
str11_mask.png 161084 503 1385 798
str11_mask.png 161984 504 1090 923
str11_mask.png 163451 505 737 878
str11_mask.png 165101 506 676 408
str11_mask.png 165634 507 902 157
#39
str11_mask.png 148772 432 1037 54
str11_mask.png 148889 433 1140 74
str11_mask.png 149856 434 702 816
str11_mask.png 150023 435 653 865
str11_mask.png 150173 436 862 872
str11_mask.png 150389 437 833 911
str11_mask.png 150506 438 676 872
str11_mask.png 150806 439 655 838
str11_mask.png 150923 440 461 754
str11_mask.png 151139 441 312 549
str11_mask.png 151272 442 376 547
str11_mask.png 151422 443 497 353
str11_mask.png 151805 444 715 140
str11_mask.png 152022 445 983 100
str11_mask.png 152606 446 1450 360
str11_mask.png 152756 447 1451 383
str11_mask.png 153039 448 1408 534
str11_mask.png 153744 449 1358 809
str11_mask.png 154128 450 1338 806
str11_mask.png 154345 451 1319 809
str11_mask.png 154578 452 1141 873
str11_mask.png 154861 453 1220 851
str11_mask.png 155095 454 879 892
str11_mask.png 155528 455 970 294
str11_mask.png 155728 456 972 303
str11_mask.png 156628 457 925 422
str11_mask.png 156795 458 901 408
str11_mask.png 156978 459 909 418
str11_mask.png 158128 460 861 90
str11_mask.png 158478 461 868 108
#40
str11_mask.png 158603 490 974 277
str11_mask.png 158803 491 962 87
str11_mask.png 159336 492 941 91
str11_mask.png 159686 493 733 878
str11_mask.png 159969 494 724 843
str11_mask.png 161553 495 911 915
str11_mask.png 162103 496 1083 883
str11_mask.png 162253 497 897 935
str11_mask.png 162503 498 1239 869
str11_mask.png 162653 499 1270 863
str11_mask.png 162919 500 1379 824
str11_mask.png 163137 501 1190 897
str11_mask.png 163420 502 1377 801
str11_mask.png 163870 503 1410 773
str11_mask.png 164103 504 1465 586
str11_mask.png 164436 505 1415 579
str11_mask.png 164653 506 1381 572
str11_mask.png 165320 507 1423 359
str11_mask.png 165653 508 1384 395
str11_mask.png 165853 509 1195 136
str11_mask.png 166136 510 1135 119
str11_mask.png 166520 511 1129 141
str11_mask.png 166653 512 860 95
str11_mask.png 167037 513 894 82
str11_mask.png 167237 514 660 145
str11_mask.png 167420 515 740 159
str11_mask.png 167787 516 726 140
str11_mask.png 168137 517 616 223
str11_mask.png 168437 518 516 313
#41
str11_mask.png 145091 457 825 259
str11_mask.png 145441 458 1102 240
str11_mask.png 146124 459 1258 322
str11_mask.png 146360 460 1404 434
str11_mask.png 147610 461 1456 605
str11_mask.png 148060 462 1363 792
str11_mask.png 148511 463 1072 884
str11_mask.png 148827 464 772 915
str11_mask.png 149577 465 503 907
str11_mask.png 149710 466 645 881
str11_mask.png 150410 467 433 797
str11_mask.png 150743 468 359 634
str11_mask.png 151226 469 388 402
str11_mask.png 151743 470 580 269
str11_mask.png 152710 471 741 231
str11_mask.png 153843 472 898 216
str11_mask.png 154126 473 902 226
str11_mask.png 154426 474 899 229
#42
str11_mask.png 165334 535 785 85
str11_mask.png 165500 536 676 97
str11_mask.png 165783 537 914 32
str11_mask.png 165983 538 1216 53
str11_mask.png 166467 539 1433 545
str11_mask.png 166751 540 1373 541
str11_mask.png 167034 541 1473 539
str11_mask.png 167601 542 1365 548
str11_mask.png 168301 543 1467 540
str11_mask.png 168900 544 1385 554
str11_mask.png 169184 545 1368 753
str11_mask.png 169617 546 1189 821
str11_mask.png 170051 547 1217 814
str11_mask.png 170334 548 1185 867
str11_mask.png 171051 549 900 893
str11_mask.png 171417 550 857 890
str11_mask.png 171734 551 946 940
str11_mask.png 171867 552 913 933
str11_mask.png 172084 553 903 910
str11_mask.png 172351 554 878 844
str11_mask.png 172750 555 659 819
str11_mask.png 173067 556 499 817
str11_mask.png 173283 557 474 646
str11_mask.png 173417 558 493 698
str11_mask.png 173650 559 392 518
str11_mask.png 174033 560 518 757
str11_mask.png 174317 561 561 779
str11_mask.png 174483 562 592 776
str11_mask.png 174850 563 512 652
#43
