str17_mask.png 229549 792 1095 250
str17_mask.png 229682 793 1045 185
str17_mask.png 230569 794 1528 477
str17_mask.png 230655 795 1529 520
str17_mask.png 230943 796 1474 714
str17_mask.png 231244 797 1224 885
str17_mask.png 231444 798 1000 919
str17_mask.png 231594 799 861 926
str17_mask.png 231811 800 690 897
str17_mask.png 231960 801 605 805
str17_mask.png 232111 802 514 718
str17_mask.png 232327 803 387 543
str17_mask.png 232527 804 500 375
str17_mask.png 232811 805 716 211
str17_mask.png 233311 806 1329 185
str17_mask.png 233445 807 1190 250
str17_mask.png 233728 808 1368 322
str17_mask.png 233978 809 996 555
str17_mask.png 234678 810 1176 841
str17_mask.png 235078 811 1313 628
str17_mask.png 235261 812 1135 896
str17_mask.png 235411 813 978 927
str17_mask.png 235745 814 986 593
str17_mask.png 238645 815 778 731
str17_mask.png 239128 816 776 713
#1
str17_mask.png 273761 930 1064 106
str17_mask.png 274061 931 1175 142
str17_mask.png 274244 932 1399 209
str17_mask.png 274428 933 1442 504
str17_mask.png 274645 934 1387 759
str17_mask.png 274895 935 1083 934
str17_mask.png 275028 936 568 853
str17_mask.png 275428 937 467 450
str17_mask.png 275577 938 568 334
str17_mask.png 275827 939 853 165
str17_mask.png 276044 940 1211 124
str17_mask.png 276361 941 1252 130
str17_mask.png 276594 942 1256 70
str17_mask.png 276861 943 1250 47
str17_mask.png 277327 944 1232 64
str17_mask.png 277677 945 1403 191
str17_mask.png 277811 946 1315 247
str17_mask.png 277945 947 1475 471
str17_mask.png 278261 948 1216 880
str17_mask.png 278611 949 959 952
str17_mask.png 278928 950 713 953
str17_mask.png 279178 951 534 792
str17_mask.png 279478 952 409 464
str17_mask.png 279677 953 564 333
str17_mask.png 279911 954 719 169
str17_mask.png 280127 955 955 127
str17_mask.png 280494 956 747 144
str17_mask.png 280644 957 573 318
str17_mask.png 280944 958 579 387
str17_mask.png 281127 959 1161 179
str17_mask.png 281678 960 1418 497
str17_mask.png 281928 961 706 865
str17_mask.png 282211 962 424 527
str17_mask.png 282344 963 476 544
str17_mask.png 282427 964 476 525
str17_mask.png 282610 965 399 525
str17_mask.png 283277 966 382 541
#2
str17_mask.png 210829 610 970 502
str17_mask.png 211212 611 1201 86
str17_mask.png 211362 612 953 51
str17_mask.png 211612 613 1221 140
str17_mask.png 211729 614 1353 180
str17_mask.png 212029 615 1479 381
str17_mask.png 212245 616 1069 829
str17_mask.png 212429 617 976 877
str17_mask.png 212695 618 670 789
str17_mask.png 212879 619 559 713
str17_mask.png 213095 620 574 135
str17_mask.png 213295 621 814 50
str17_mask.png 213495 622 610 151
str17_mask.png 213695 623 519 253
str17_mask.png 213978 624 526 402
str17_mask.png 214145 625 934 56
str17_mask.png 214545 626 1297 885
str17_mask.png 214828 627 807 865
str17_mask.png 215012 628 828 861
str17_mask.png 215328 629 517 742
str17_mask.png 215561 630 804 853
str17_mask.png 215778 631 806 853
str17_mask.png 216128 632 578 747
str17_mask.png 217148 633 1374 235
str17_mask.png 217468 634 1338 171
str17_mask.png 217852 635 1152 113
str17_mask.png 217985 636 1335 153
str17_mask.png 218485 637 1474 423
str17_mask.png 218802 638 1380 731
str17_mask.png 218985 639 1479 362
str17_mask.png 219402 640 1246 822
str17_mask.png 219702 641 1416 592
str17_mask.png 220268 642 1232 819
str17_mask.png 220535 643 995 911
#3
str17_mask.png 257988 842 975 80
str17_mask.png 258706 843 1552 411
str17_mask.png 258923 844 899 882
str17_mask.png 259306 845 478 438
str17_mask.png 260122 846 1054 220
str17_mask.png 260906 847 526 268
str17_mask.png 261173 848 459 461
str17_mask.png 261372 849 1528 641
str17_mask.png 261506 850 1448 627
str17_mask.png 261690 851 1536 351
str17_mask.png 262306 852 679 746
str17_mask.png 262740 853 586 703
str17_mask.png 262856 854 650 712
str17_mask.png 263289 855 484 476
str17_mask.png 263689 856 693 822
str17_mask.png 263839 857 813 868
str17_mask.png 264073 858 1066 913
str17_mask.png 264273 859 1300 863
str17_mask.png 264539 860 1073 890
str17_mask.png 264906 861 1458 723
str17_mask.png 265006 862 1267 838
str17_mask.png 265189 863 1535 450
str17_mask.png 265506 864 1072 106
str17_mask.png 265723 865 797 112
str17_mask.png 265940 866 1064 910
str17_mask.png 266256 867 1279 855
str17_mask.png 266490 868 1231 839
str17_mask.png 267295 869 1225 818
str17_mask.png 267383 870 1228 827
#4
str17_mask.png 252761 652 1344 175
str17_mask.png 253097 653 902 111
str17_mask.png 253564 654 488 553
str17_mask.png 253680 655 510 561
str17_mask.png 253880 656 757 797
str17_mask.png 254080 657 1150 912
str17_mask.png 254297 658 1483 545
str17_mask.png 254664 659 1376 293
str17_mask.png 254897 660 1272 838
str17_mask.png 255131 661 951 935
str17_mask.png 255697 662 961 191
str17_mask.png 255880 663 1198 146
str17_mask.png 256214 664 1253 134
str17_mask.png 256597 665 1265 90
str17_mask.png 256813 666 988 129
str17_mask.png 257030 667 649 396
str17_mask.png 257263 668 601 796
str17_mask.png 257614 669 606 823
str17_mask.png 257764 670 768 901
str17_mask.png 258114 671 1286 228
str17_mask.png 258848 672 1330 832
str17_mask.png 259048 673 1035 936
str17_mask.png 259331 674 703 257
str17_mask.png 259631 675 444 480
str17_mask.png 259864 676 720 256
str17_mask.png 260114 677 535 546
str17_mask.png 261605 678 1407 702
str17_mask.png 262005 679 1502 425
str17_mask.png 262289 680 1345 241
str17_mask.png 262372 681 1344 260
#5
str17_mask.png 245312 626 919 726
str17_mask.png 245779 627 1455 440
str17_mask.png 245946 628 1468 278
str17_mask.png 246246 629 1426 179
str17_mask.png 247029 630 1551 336
str17_mask.png 247512 631 1243 861
str17_mask.png 247762 632 1006 945
str17_mask.png 248328 633 448 410
str17_mask.png 248561 634 445 434
str17_mask.png 248795 635 673 289
str17_mask.png 250261 636 603 165
str17_mask.png 251212 637 670 670
str17_mask.png 251562 638 877 797
str17_mask.png 251895 639 1091 785
str17_mask.png 252629 640 1164 887
str17_mask.png 253013 641 1504 591
str17_mask.png 253213 642 1566 475
str17_mask.png 253813 643 1442 332
str17_mask.png 254029 644 1252 184
#6
str17_mask.png 271306 669 1288 269
str17_mask.png 271412 670 1380 234
str17_mask.png 271684 671 1387 240
str17_mask.png 271967 672 1500 450
str17_mask.png 272201 673 1348 200
str17_mask.png 272417 674 1161 127
str17_mask.png 272850 675 874 709
str17_mask.png 273017 676 878 950
str17_mask.png 273234 677 685 886
str17_mask.png 273384 678 516 793
str17_mask.png 273600 679 490 339
str17_mask.png 273867 680 951 136
str17_mask.png 274117 681 1153 160
str17_mask.png 274350 682 1187 158
str17_mask.png 274600 683 1191 172
str17_mask.png 274800 684 1203 157
str17_mask.png 275067 685 915 126
str17_mask.png 275334 686 637 240
str17_mask.png 275551 687 420 460
str17_mask.png 275784 688 377 517
str17_mask.png 276034 689 361 549
str17_mask.png 276201 690 366 575
str17_mask.png 276450 691 405 564
str17_mask.png 276667 692 556 790
str17_mask.png 277650 693 1427 262
str17_mask.png 277885 694 1460 261
str17_mask.png 278170 695 1534 466
str17_mask.png 278503 696 1464 806
str17_mask.png 278786 697 1219 937
str17_mask.png 279137 698 860 863
str17_mask.png 279353 699 715 912
str17_mask.png 279553 700 535 730
str17_mask.png 279837 701 378 550
str17_mask.png 280087 702 545 240
str17_mask.png 280387 703 552 272
#7
str17_mask.png 200791 461 857 146
str17_mask.png 201007 462 1077 133
str17_mask.png 201174 463 681 130
str17_mask.png 201374 464 506 319
str17_mask.png 201641 465 437 540
str17_mask.png 201824 466 648 780
str17_mask.png 202057 467 1055 929
str17_mask.png 202257 468 1339 515
str17_mask.png 202591 469 892 634
str17_mask.png 202957 470 952 625
str17_mask.png 204307 471 933 601
str17_mask.png 204640 472 949 587
str17_mask.png 210124 473 897 556
#8
str17_mask.png 248991 763 891 88
str17_mask.png 249258 764 645 150
str17_mask.png 249491 765 457 290
str17_mask.png 249708 766 918 94
str17_mask.png 250208 767 655 122
str17_mask.png 250641 768 473 282
str17_mask.png 251007 769 347 516
str17_mask.png 251391 770 535 791
str17_mask.png 251891 771 720 935
str17_mask.png 251991 772 714 922
str17_mask.png 252157 773 712 935
str17_mask.png 252374 774 976 971
str17_mask.png 252708 775 1233 920
str17_mask.png 253008 776 1448 774
str17_mask.png 253258 777 1506 483
str17_mask.png 253574 778 1345 227
str17_mask.png 253741 779 1149 153
str17_mask.png 254491 780 1152 122
str17_mask.png 254941 781 1142 95
str17_mask.png 255457 782 1133 175
str17_mask.png 255791 783 1145 90
str17_mask.png 256041 784 536 824
str17_mask.png 256207 785 503 817
str17_mask.png 256391 786 508 803
str17_mask.png 257274 787 496 803
str17_mask.png 257657 788 1151 234
str17_mask.png 257824 789 1146 113
str17_mask.png 258091 790 1163 108
str17_mask.png 258224 791 1157 49
#9
str17_mask.png 235500 553 1039 197
str17_mask.png 235716 554 1412 365
str17_mask.png 235950 555 1401 335
str17_mask.png 236117 556 1483 423
str17_mask.png 237217 557 1333 251
str17_mask.png 237450 558 1179 182
str17_mask.png 238466 559 582 797
str17_mask.png 238933 560 757 851
str17_mask.png 239200 561 1409 526
str17_mask.png 239483 562 1449 419
str17_mask.png 239900 563 1381 290
str17_mask.png 240650 564 1186 196
str17_mask.png 241266 565 979 168
str17_mask.png 241766 566 1294 399
str17_mask.png 241967 567 1430 738
str17_mask.png 242333 568 1221 867
str17_mask.png 242683 569 1013 916
str17_mask.png 242966 570 780 914
str17_mask.png 243200 571 1266 498
str17_mask.png 243366 572 1381 321
str17_mask.png 244966 573 1378 302
#10
str17_mask.png 216615 683 813 436
str17_mask.png 216931 684 703 273
str17_mask.png 217284 685 1176 163
str17_mask.png 217452 686 1390 290
str17_mask.png 217687 687 1487 469
str17_mask.png 218054 688 1508 541
str17_mask.png 218592 689 1510 464
str17_mask.png 218744 690 1538 400
str17_mask.png 219027 691 1393 238
str17_mask.png 219361 692 998 117
str17_mask.png 219480 693 705 212
str17_mask.png 219682 694 631 622
str17_mask.png 219899 695 560 678
str17_mask.png 220132 696 615 787
str17_mask.png 220466 697 610 823
str17_mask.png 220816 698 627 811
str17_mask.png 221065 699 946 937
str17_mask.png 221299 700 1319 948
str17_mask.png 221433 701 1274 955
str17_mask.png 221600 702 1436 845
str17_mask.png 222442 703 1355 261
str17_mask.png 222676 704 1478 386
str17_mask.png 222876 705 940 141
str17_mask.png 223010 706 967 140
str17_mask.png 223177 707 938 175
str17_mask.png 223431 708 994 126
str17_mask.png 223632 709 550 136
str17_mask.png 226223 710 944 175
#11
str17_mask.png 247921 656 920 53
str17_mask.png 248320 657 1136 81
str17_mask.png 248587 658 1154 33
str17_mask.png 248837 659 1188 95
str17_mask.png 249154 660 1407 149
str17_mask.png 249604 661 1375 156
str17_mask.png 249737 662 1534 391
str17_mask.png 250087 663 1485 693
str17_mask.png 250620 664 1384 809
str17_mask.png 250870 665 1251 855
str17_mask.png 251154 666 1063 900
str17_mask.png 251420 667 986 899
str17_mask.png 251654 668 769 913
str17_mask.png 251904 669 697 853
str17_mask.png 252104 670 662 918
str17_mask.png 252304 671 526 726
str17_mask.png 252855 672 500 741
str17_mask.png 253012 673 542 795
str17_mask.png 253262 674 512 763
str17_mask.png 253345 675 539 762
str17_mask.png 253479 676 377 517
str17_mask.png 253595 677 476 452
str17_mask.png 253678 678 438 421
str17_mask.png 254045 679 595 241
str17_mask.png 254411 680 807 67
str17_mask.png 254645 681 816 61
str17_mask.png 254911 682 1058 7
str17_mask.png 255178 683 1054 16
str17_mask.png 255411 684 1031 35
str17_mask.png 255545 685 1194 40
str17_mask.png 255878 686 1216 10
str17_mask.png 257111 690 1267 21
#12
str17_mask.png 261157 798 870 236
str17_mask.png 261340 799 1316 219
str17_mask.png 261675 800 1373 243
str17_mask.png 261809 801 1494 456
str17_mask.png 262429 802 1362 178
str17_mask.png 262835 803 550 323
str17_mask.png 263069 804 628 802
str17_mask.png 263236 805 1069 909
str17_mask.png 263652 806 1285 872
str17_mask.png 263836 807 825 911
str17_mask.png 264086 808 978 171
str17_mask.png 264352 809 1209 101
str17_mask.png 264702 810 1262 121
str17_mask.png 264969 811 792 232
str17_mask.png 265219 812 528 502
str17_mask.png 265569 813 592 706
str17_mask.png 265902 814 798 890
str17_mask.png 266252 815 1273 876
str17_mask.png 266619 816 1058 908
str17_mask.png 267019 817 1237 856
str17_mask.png 267252 818 1454 739
str17_mask.png 267353 819 1430 733
str17_mask.png 267603 820 1207 167
str17_mask.png 267919 821 866 96
str17_mask.png 268136 822 490 292
str17_mask.png 268236 823 557 312
str17_mask.png 268636 824 718 144
str17_mask.png 268919 825 986 99
str17_mask.png 269219 826 631 234
str17_mask.png 269403 827 560 298
str17_mask.png 269752 828 727 160
str17_mask.png 270086 829 1438 337
str17_mask.png 270320 830 1454 433
str17_mask.png 270803 831 1357 216
#13
str17_mask.png 241614 685 993 159
str17_mask.png 241864 686 1143 115
str17_mask.png 242297 687 1181 105
str17_mask.png 242481 688 1366 174
str17_mask.png 242631 689 1317 197
str17_mask.png 242848 690 1452 412
str17_mask.png 243498 691 1404 715
str17_mask.png 243714 692 1177 862
str17_mask.png 244065 693 997 907
str17_mask.png 244431 694 821 929
str17_mask.png 244618 695 566 810
str17_mask.png 244770 696 481 635
str17_mask.png 244920 697 420 563
str17_mask.png 245120 698 467 375
str17_mask.png 245536 699 659 167
str17_mask.png 245836 700 928 123
str17_mask.png 246053 701 944 94
str17_mask.png 246620 702 1119 113
str17_mask.png 247136 703 1185 102
str17_mask.png 247720 704 451 502
str17_mask.png 248154 705 425 534
str17_mask.png 248370 706 658 869
str17_mask.png 248654 707 959 945
str17_mask.png 248837 708 889 947
str17_mask.png 248970 709 993 941
str17_mask.png 249470 710 897 111
str17_mask.png 250037 712 1139 74
str17_mask.png 250604 713 1284 109
str17_mask.png 250721 714 1248 137
str17_mask.png 251071 715 1457 463
#14
str17_mask.png 302948 859 598 441
str17_mask.png 303282 860 594 758
str17_mask.png 303482 861 447 477
str17_mask.png 303966 862 1180 103
str17_mask.png 304166 863 1425 228
str17_mask.png 304599 864 1447 700
str17_mask.png 304983 865 1519 388
str17_mask.png 305483 866 1528 360
str17_mask.png 305916 867 1459 677
str17_mask.png 306249 868 1252 810
str17_mask.png 306416 869 656 814
str17_mask.png 306683 870 495 650
str17_mask.png 306949 871 615 686
str17_mask.png 307249 872 645 754
str17_mask.png 307449 873 871 879
str17_mask.png 307649 874 827 880
str17_mask.png 307899 875 1035 921
str17_mask.png 308283 876 1258 874
str17_mask.png 308483 877 1293 836
str17_mask.png 308833 878 1294 876
str17_mask.png 308999 879 1283 858
str17_mask.png 309249 880 1492 716
str17_mask.png 309549 881 1483 674
str17_mask.png 309899 882 1538 412
str17_mask.png 310116 883 1382 167
str17_mask.png 310333 884 1370 162
str17_mask.png 310466 885 1174 43
str17_mask.png 310699 886 920 6
str17_mask.png 310999 887 689 75
str17_mask.png 311399 888 893 33
str17_mask.png 311516 889 1173 70
#15
str17_mask.png 230436 792 1099 411
str17_mask.png 230825 793 1109 110
str17_mask.png 231008 794 1266 120
str17_mask.png 231659 795 1486 513
str17_mask.png 231909 796 1290 820
str17_mask.png 232175 797 1378 420
str17_mask.png 232325 798 1320 214
str17_mask.png 232558 799 1149 184
str17_mask.png 232842 800 566 405
str17_mask.png 233125 801 515 671
str17_mask.png 233241 802 563 796
str17_mask.png 233425 803 760 921
str17_mask.png 233708 804 1006 931
str17_mask.png 233908 805 1236 889
str17_mask.png 234275 806 537 602
str17_mask.png 234491 807 399 576
str17_mask.png 234775 808 617 270
str17_mask.png 235008 809 577 817
str17_mask.png 235258 810 1485 265
str17_mask.png 235475 811 1332 287
str17_mask.png 235759 812 1473 512
str17_mask.png 236159 813 1321 322
str17_mask.png 236626 814 1349 228
str17_mask.png 236842 815 1119 235
str17_mask.png 237143 816 1143 144
str17_mask.png 237327 817 1143 174
str17_mask.png 237861 818 879 152
str17_mask.png 238077 819 1153 170
str17_mask.png 238327 820 1234 198
str17_mask.png 238494 821 1287 240
str17_mask.png 238744 822 1347 259
str17_mask.png 239427 823 1390 750
str17_mask.png 239894 824 1008 224
str17_mask.png 240144 825 759 300
str17_mask.png 240444 826 635 505
#16
str17_mask.png 250321 700 995 459
str17_mask.png 250537 701 959 87
str17_mask.png 250771 702 1073 108
str17_mask.png 251821 703 1319 145
str17_mask.png 252672 704 1605 425
str17_mask.png 253205 705 1290 887
str17_mask.png 253522 706 1055 969
str17_mask.png 253788 707 784 936
str17_mask.png 254038 708 572 831
str17_mask.png 254505 709 467 432
str17_mask.png 254721 710 583 313
str17_mask.png 255071 711 642 181
str17_mask.png 255221 712 700 149
str17_mask.png 255804 713 1240 140
str17_mask.png 256054 714 1243 161
str17_mask.png 257088 715 1231 65
str17_mask.png 257221 716 1225 72
str17_mask.png 257991 717 1051 705
str17_mask.png 258334 718 1008 434
str17_mask.png 258700 719 1032 460
str17_mask.png 258984 720 689 806
str17_mask.png 259350 721 888 428
#17
str17_mask.png 269473 766 959 146
str17_mask.png 269906 767 1349 180
str17_mask.png 270040 768 1363 137
str17_mask.png 270606 769 395 504
str17_mask.png 270789 770 569 748
str17_mask.png 272240 771 937 661
str17_mask.png 272606 772 1064 842
str17_mask.png 272956 773 1359 748
str17_mask.png 273106 774 1351 762
str17_mask.png 273406 775 672 786
str17_mask.png 274189 776 682 267
str17_mask.png 274506 777 816 170
str17_mask.png 274856 778 1035 99
str17_mask.png 275072 779 1403 160
str17_mask.png 275389 780 1467 425
str17_mask.png 275573 781 1472 438
str17_mask.png 276089 782 1342 161
str17_mask.png 276273 783 1556 494
str17_mask.png 276573 784 1200 825
str17_mask.png 276773 785 1207 844
str17_mask.png 276956 786 843 564
str17_mask.png 277089 787 864 576
str17_mask.png 277523 788 957 531
str17_mask.png 278189 789 962 531
str17_mask.png 278439 790 1037 548
str17_mask.png 279039 791 1515 463
#18
str17_mask.png 219567 696 1087 225
str17_mask.png 219817 697 952 172
str17_mask.png 220050 698 1241 210
str17_mask.png 220300 699 1319 219
str17_mask.png 220534 700 1105 168
str17_mask.png 220800 701 1180 181
str17_mask.png 220984 702 1376 271
str17_mask.png 221167 703 1497 428
str17_mask.png 221734 704 1367 289
str17_mask.png 222017 705 1387 691
str17_mask.png 222267 706 1225 862
str17_mask.png 222517 707 1010 933
str17_mask.png 222817 708 761 936
str17_mask.png 223000 709 570 847
str17_mask.png 223333 710 570 814
str17_mask.png 223633 711 437 595
str17_mask.png 223900 712 552 323
str17_mask.png 224133 713 776 200
str17_mask.png 224516 714 488 399
str17_mask.png 224649 715 434 548
str17_mask.png 225016 716 541 724
str17_mask.png 225299 717 1048 172
str17_mask.png 225466 718 1161 153
str17_mask.png 225983 719 1407 250
str17_mask.png 226266 720 1108 862
str17_mask.png 226449 721 980 950
str17_mask.png 226649 722 772 935
str17_mask.png 226949 723 1305 746
str17_mask.png 227149 724 1494 474
str17_mask.png 227300 725 1467 473
str17_mask.png 227633 726 1418 295
str17_mask.png 227783 727 921 195
str17_mask.png 227967 728 763 193
str17_mask.png 228200 729 576 318
str17_mask.png 228567 730 976 543
#19
str17_mask.png 203875 735 809 212
str17_mask.png 204125 736 1133 125
str17_mask.png 204425 737 1335 264
str17_mask.png 204675 738 1473 479
str17_mask.png 205009 739 1364 278
str17_mask.png 205375 740 1474 501
str17_mask.png 205542 741 1402 776
str17_mask.png 205792 742 1236 903
str17_mask.png 206059 743 1003 949
str17_mask.png 206275 744 776 907
str17_mask.png 206475 745 545 721
str17_mask.png 206641 746 546 359
str17_mask.png 206891 747 830 132
str17_mask.png 207141 748 1047 101
str17_mask.png 207474 749 611 769
str17_mask.png 207708 750 456 587
str17_mask.png 208008 751 905 919
str17_mask.png 208225 752 1025 951
str17_mask.png 208541 753 1212 914
str17_mask.png 208741 754 1444 715
str17_mask.png 208942 755 1493 467
str17_mask.png 209108 756 1360 245
str17_mask.png 209308 757 1183 141
str17_mask.png 209742 758 583 779
str17_mask.png 210108 759 623 273
str17_mask.png 210241 760 905 120
str17_mask.png 210475 761 993 92
str17_mask.png 210691 762 1223 143
str17_mask.png 211241 763 1230 139
str17_mask.png 211358 764 1386 195
str17_mask.png 211592 765 614 772
str17_mask.png 211825 766 581 843
str17_mask.png 212009 767 794 941
str17_mask.png 212209 768 1055 956
str17_mask.png 212425 769 1277 894
str17_mask.png 212692 770 1426 782
str17_mask.png 212959 771 1400 313
str17_mask.png 213175 772 1227 905
str17_mask.png 213409 773 1244 190
#20
str17_mask.png 211884 667 772 181
str17_mask.png 212184 668 973 628
str17_mask.png 212351 669 980 648
str17_mask.png 212501 670 1129 894
str17_mask.png 212734 671 930 127
str17_mask.png 213050 672 676 172
str17_mask.png 213417 673 520 301
str17_mask.png 213767 674 754 128
str17_mask.png 214050 675 976 124
str17_mask.png 214317 676 694 149
str17_mask.png 214667 677 465 396
str17_mask.png 214867 678 465 571
str17_mask.png 215100 679 611 856
str17_mask.png 215600 680 901 951
str17_mask.png 215800 681 1078 948
str17_mask.png 215983 682 1329 846
str17_mask.png 216416 683 1356 743
str17_mask.png 216583 684 1390 278
str17_mask.png 216983 685 1499 478
str17_mask.png 217184 686 1339 222
str17_mask.png 217334 687 1143 128
str17_mask.png 217534 688 921 115
str17_mask.png 217817 689 707 157
str17_mask.png 218150 690 569 239
str17_mask.png 218367 691 502 327
str17_mask.png 218634 692 643 193
str17_mask.png 218817 693 489 308
str17_mask.png 219000 694 397 500
str17_mask.png 219133 695 433 512
str17_mask.png 220150 696 438 590
str17_mask.png 220350 697 594 764
str17_mask.png 220716 698 587 840
str17_mask.png 221416 699 571 724
#21
str17_mask.png 219754 676 973 266
str17_mask.png 219921 677 966 147
str17_mask.png 220271 678 1118 114
str17_mask.png 220437 679 996 109
str17_mask.png 220637 680 1167 115
str17_mask.png 221071 681 1308 136
str17_mask.png 221188 682 1353 152
str17_mask.png 221338 683 1494 359
str17_mask.png 221638 684 1521 438
str17_mask.png 221905 685 1436 682
str17_mask.png 222105 686 1441 747
str17_mask.png 222488 687 1225 848
str17_mask.png 222855 688 1075 885
str17_mask.png 223121 689 995 915
str17_mask.png 223605 690 726 906
str17_mask.png 224021 691 726 920
str17_mask.png 224405 692 531 814
str17_mask.png 224754 693 523 751
str17_mask.png 225121 694 383 527
str17_mask.png 225287 695 388 474
str17_mask.png 225754 696 475 330
str17_mask.png 225871 697 509 286
str17_mask.png 226137 698 663 181
str17_mask.png 226354 699 712 114
str17_mask.png 226904 700 954 99
str17_mask.png 227537 701 625 345
str17_mask.png 227738 702 623 325
str17_mask.png 227921 703 1041 315
str17_mask.png 228171 704 1190 150
str17_mask.png 228838 705 924 316
str17_mask.png 229057 706 963 419
str17_mask.png 229319 707 922 498
#22
str17_mask.png 204473 632 1000 173
str17_mask.png 204606 633 1182 174
str17_mask.png 205073 634 1343 260
str17_mask.png 205406 635 1370 274
str17_mask.png 205690 636 1433 311
str17_mask.png 206057 637 1531 434
str17_mask.png 206390 638 1553 438
str17_mask.png 206774 639 1458 709
str17_mask.png 207057 640 1400 742
str17_mask.png 207440 641 1054 899
str17_mask.png 207673 642 982 864
str17_mask.png 208840 643 426 528
str17_mask.png 208923 644 434 566
str17_mask.png 209073 645 501 384
str17_mask.png 209290 646 640 301
str17_mask.png 210306 647 1346 271
str17_mask.png 210423 648 1401 301
str17_mask.png 210640 649 1530 428
str17_mask.png 210841 650 1486 521
str17_mask.png 211141 651 1457 718
str17_mask.png 211657 652 1232 888
str17_mask.png 212390 653 599 820
str17_mask.png 212674 654 571 806
str17_mask.png 213007 655 559 740
#23
str17_mask.png 256953 874 929 477
str17_mask.png 257118 875 941 455
str17_mask.png 257320 876 965 164
str17_mask.png 257603 877 863 132
str17_mask.png 257770 878 714 134
str17_mask.png 258036 879 549 258
str17_mask.png 258353 880 624 248
str17_mask.png 258519 881 407 477
str17_mask.png 258669 882 467 476
str17_mask.png 258886 883 598 618
str17_mask.png 259036 884 642 714
str17_mask.png 259286 885 811 877
str17_mask.png 259488 886 646 781
str17_mask.png 259772 887 783 877
str17_mask.png 259991 888 1024 917
str17_mask.png 260264 889 1286 894
str17_mask.png 260557 890 1095 905
str17_mask.png 260831 891 1249 903
str17_mask.png 261159 892 1336 883
str17_mask.png 261598 893 1418 780
str17_mask.png 261862 894 1495 552
str17_mask.png 262629 895 1499 477
str17_mask.png 262812 896 1449 324
str17_mask.png 263012 897 1385 232
str17_mask.png 263246 898 1508 433
str17_mask.png 263546 899 1262 176
str17_mask.png 263729 900 1178 154
str17_mask.png 263946 901 1212 137
str17_mask.png 264129 902 978 125
str17_mask.png 264412 903 1208 152
str17_mask.png 265429 904 680 265
str17_mask.png 265646 905 407 545
str17_mask.png 265745 906 465 512
str17_mask.png 265945 907 737 820
str17_mask.png 266128 908 1257 234
str17_mask.png 266381 909 1255 147
str17_mask.png 266678 910 1280 128
str17_mask.png 266779 911 1296 112
#24
str17_mask.png 202433 599 1199 181
str17_mask.png 202633 600 754 155
str17_mask.png 202817 601 514 294
str17_mask.png 203050 602 428 444
str17_mask.png 203283 603 644 329
str17_mask.png 203450 604 855 100
str17_mask.png 203683 605 775 118
str17_mask.png 203850 606 972 109
str17_mask.png 204083 607 1378 214
str17_mask.png 204184 608 1357 176
str17_mask.png 204317 609 1485 324
str17_mask.png 204501 610 1528 402
str17_mask.png 204750 611 1540 463
str17_mask.png 205434 612 1403 816
str17_mask.png 205684 613 1295 845
str17_mask.png 206267 614 1027 899
str17_mask.png 206634 615 748 900
str17_mask.png 206800 616 539 794
str17_mask.png 207083 617 512 547
str17_mask.png 207216 618 498 388
str17_mask.png 207383 619 1326 215
str17_mask.png 207584 620 1392 163
str17_mask.png 208467 621 1237 111
str17_mask.png 208684 622 1184 116
str17_mask.png 208934 623 1199 89
str17_mask.png 209334 624 1183 95
str17_mask.png 209802 625 1162 101
str17_mask.png 210469 626 1187 98
str17_mask.png 210819 627 1196 94
str17_mask.png 211353 628 1173 99
str17_mask.png 211619 629 965 112
#25
str17_mask.png 228824 659 969 604
str17_mask.png 229075 660 1017 579
str17_mask.png 229495 661 1048 567
str17_mask.png 229945 662 1056 517
str17_mask.png 230645 663 1040 505
str17_mask.png 231229 664 1029 511
str17_mask.png 231595 665 1038 485
str17_mask.png 231879 666 1076 472
str17_mask.png 231962 667 1091 450
str17_mask.png 232129 668 1063 468
str17_mask.png 232212 669 1055 446
str17_mask.png 232296 670 1036 483
str17_mask.png 232479 671 1088 480
str17_mask.png 232662 672 1025 438
str17_mask.png 233012 673 1045 418
str17_mask.png 233112 674 1058 444
str17_mask.png 233195 675 1066 481
str17_mask.png 233629 676 1076 456
str17_mask.png 233829 677 1049 485
str17_mask.png 234195 678 1062 449
str17_mask.png 234495 679 1075 443
str17_mask.png 235029 680 1065 522
str17_mask.png 235129 681 1012 497
str17_mask.png 235762 682 996 488
str17_mask.png 235979 683 1024 442
str17_mask.png 236762 684 1043 432
str17_mask.png 237679 685 1064 445
str17_mask.png 238095 686 1037 472
str17_mask.png 238762 687 1051 492
#26
str17_mask.png 257484 805 988 566
str17_mask.png 258051 806 1108 221
str17_mask.png 258301 807 1206 188
str17_mask.png 258634 808 1255 148
str17_mask.png 258851 809 1455 233
str17_mask.png 259002 810 1334 243
str17_mask.png 259135 811 1473 447
str17_mask.png 259386 812 1494 483
str17_mask.png 259585 813 1442 688
str17_mask.png 259819 814 1414 786
str17_mask.png 260169 815 1222 885
str17_mask.png 260435 816 987 932
str17_mask.png 260685 817 767 908
str17_mask.png 260952 818 559 815
str17_mask.png 261101 819 465 871
str17_mask.png 261468 820 378 619
str17_mask.png 261818 821 443 517
str17_mask.png 261968 822 494 395
str17_mask.png 262118 823 544 365
str17_mask.png 262268 824 630 294
str17_mask.png 262435 825 680 228
str17_mask.png 262785 826 940 189
str17_mask.png 263101 827 992 124
str17_mask.png 263301 828 1227 118
str17_mask.png 263818 829 1210 132
str17_mask.png 264085 830 1267 73
str17_mask.png 264552 831 1294 79
str17_mask.png 264719 832 1121 388
str17_mask.png 265019 833 675 720
str17_mask.png 265169 834 715 694
str17_mask.png 265468 835 659 747
str17_mask.png 265652 836 1027 241
str17_mask.png 265902 837 1139 266
str17_mask.png 266152 838 1122 629
str17_mask.png 266469 839 1451 380
str17_mask.png 266603 840 1352 401
str17_mask.png 266703 841 1328 310
str17_mask.png 266936 842 933 220
str17_mask.png 267153 843 1334 340
str17_mask.png 267369 844 921 234
#27
str17_mask.png 210586 684 1162 222
str17_mask.png 211336 685 1095 437
str17_mask.png 212203 686 1058 460
str17_mask.png 212853 687 865 177
str17_mask.png 213169 688 789 173
str17_mask.png 213352 689 609 335
str17_mask.png 213536 690 503 540
str17_mask.png 213786 691 616 741
str17_mask.png 213953 692 842 907
str17_mask.png 214286 693 1037 932
str17_mask.png 214486 694 1298 920
str17_mask.png 214719 695 1276 926
str17_mask.png 215203 696 1499 467
str17_mask.png 215436 697 1339 273
str17_mask.png 215603 698 1115 185
str17_mask.png 215820 699 932 160
str17_mask.png 216203 700 951 578
str17_mask.png 216753 701 935 550
str17_mask.png 218153 702 894 501
str17_mask.png 218520 703 874 461
str17_mask.png 218903 704 860 427
str17_mask.png 220220 705 853 412
#28
str17_mask.png 292410 868 957 389
str17_mask.png 292531 869 954 414
str17_mask.png 292681 870 912 198
str17_mask.png 292915 871 739 157
str17_mask.png 293081 872 907 161
str17_mask.png 293281 873 1217 189
str17_mask.png 293615 874 979 150
str17_mask.png 293865 875 526 244
str17_mask.png 294131 876 522 298
str17_mask.png 294398 877 398 481
str17_mask.png 294581 878 741 762
str17_mask.png 294831 879 1059 860
str17_mask.png 295064 880 1266 861
str17_mask.png 295347 881 1463 752
str17_mask.png 295531 882 1535 484
str17_mask.png 295765 883 1398 257
str17_mask.png 296131 884 1381 224
str17_mask.png 296298 885 1206 148
str17_mask.png 297168 886 1524 448
str17_mask.png 298051 887 561 745
str17_mask.png 298551 888 589 773
str17_mask.png 298768 889 1416 338
str17_mask.png 299134 890 1386 256
str17_mask.png 299434 891 1166 858
str17_mask.png 299734 892 1044 898
str17_mask.png 300318 893 1401 752
str17_mask.png 300568 894 948 181
str17_mask.png 300801 895 657 174
str17_mask.png 301084 896 521 278
str17_mask.png 301351 897 400 482
str17_mask.png 301451 898 457 504
str17_mask.png 302234 899 456 503
str17_mask.png 302450 900 885 308
#29
str17_mask.png 254741 747 945 158
str17_mask.png 255107 748 1178 107
str17_mask.png 255341 749 980 145
str17_mask.png 255641 750 1198 133
str17_mask.png 256024 751 1405 190
str17_mask.png 256141 752 1330 228
str17_mask.png 256725 753 1477 421
str17_mask.png 257025 754 1515 466
str17_mask.png 257292 755 1408 732
str17_mask.png 257908 756 1248 855
str17_mask.png 258075 757 1213 877
str17_mask.png 258341 758 992 929
str17_mask.png 258825 759 729 913
str17_mask.png 259342 760 532 773
str17_mask.png 259741 761 555 761
str17_mask.png 259858 762 405 547
str17_mask.png 260291 763 530 342
str17_mask.png 260857 764 729 198
str17_mask.png 261341 765 971 134
str17_mask.png 261874 766 1197 121
str17_mask.png 262524 767 1379 196
str17_mask.png 262625 768 1310 230
str17_mask.png 262775 769 1357 250
str17_mask.png 263091 770 1492 462
str17_mask.png 263958 771 1407 753
#30
str17_mask.png 237828 829 1051 177
str17_mask.png 238145 830 1338 198
str17_mask.png 238296 831 1314 217
str17_mask.png 238429 832 1443 415
str17_mask.png 238829 833 875 763
str17_mask.png 239180 834 960 941
str17_mask.png 239430 835 646 877
str17_mask.png 239630 836 465 621
str17_mask.png 239812 837 599 262
str17_mask.png 240046 838 904 137
str17_mask.png 240312 839 681 180
str17_mask.png 240562 840 412 503
str17_mask.png 240896 841 618 852
str17_mask.png 241196 842 1142 967
str17_mask.png 241729 843 1150 575
str17_mask.png 243362 844 1169 571
str17_mask.png 243646 845 1113 603
str17_mask.png 243946 846 1170 578
str17_mask.png 244129 847 1128 600
str17_mask.png 244362 848 1072 630
str17_mask.png 244479 849 1127 615
str17_mask.png 244762 850 1012 703
str17_mask.png 244879 851 1131 617
str17_mask.png 245195 852 1144 618
str17_mask.png 246162 853 1139 624
str17_mask.png 246495 854 1122 636
str17_mask.png 246962 855 958 600
#31
str17_mask.png 227825 775 1368 252
str17_mask.png 228425 776 1353 232
str17_mask.png 228975 777 1518 426
str17_mask.png 229258 778 1468 493
str17_mask.png 229475 779 1403 710
str17_mask.png 229942 780 832 800
str17_mask.png 230508 781 1506 505
str17_mask.png 230841 782 1433 468
str17_mask.png 231508 783 1028 842
str17_mask.png 231758 784 861 856
str17_mask.png 232058 785 566 726
str17_mask.png 232292 786 976 857
str17_mask.png 232908 787 579 463
str17_mask.png 233158 788 485 436
str17_mask.png 233491 789 536 371
str17_mask.png 233708 790 709 152
str17_mask.png 233959 791 552 251
str17_mask.png 234309 792 854 77
str17_mask.png 234459 793 993 93
str17_mask.png 234709 794 1281 88
str17_mask.png 234925 795 1455 194
str17_mask.png 235109 796 1495 467
str17_mask.png 235243 797 1487 505
str17_mask.png 235426 798 1272 841
str17_mask.png 236009 799 546 666
str17_mask.png 236293 800 439 572
str17_mask.png 236676 801 939 440
str17_mask.png 236759 802 941 464
str17_mask.png 237026 803 1359 352
str17_mask.png 237177 804 1323 365
str17_mask.png 237277 805 1064 420
#32
str17_mask.png 240316 788 901 388
str17_mask.png 240566 789 914 92
str17_mask.png 240766 790 767 116
str17_mask.png 240983 791 650 198
str17_mask.png 241166 792 548 321
str17_mask.png 241383 793 456 535
str17_mask.png 241700 794 553 319
str17_mask.png 241966 795 733 136
str17_mask.png 242233 796 972 98
str17_mask.png 242566 797 750 122
str17_mask.png 242766 798 988 94
str17_mask.png 243033 799 1183 105
str17_mask.png 243299 800 1226 112
str17_mask.png 243550 801 1215 65
str17_mask.png 243766 802 1383 146
str17_mask.png 243883 803 1333 173
str17_mask.png 244117 804 1183 79
str17_mask.png 244267 805 1187 88
str17_mask.png 244450 806 1392 210
str17_mask.png 244684 807 1503 486
str17_mask.png 244984 808 1409 646
str17_mask.png 245284 809 1491 459
str17_mask.png 245484 810 1288 786
str17_mask.png 245750 811 1212 795
str17_mask.png 245900 812 1488 512
str17_mask.png 246317 813 1133 846
str17_mask.png 246534 814 1023 886
str17_mask.png 246784 815 774 871
str17_mask.png 247067 816 1014 903
str17_mask.png 247200 817 629 752
str17_mask.png 247584 818 546 704
str17_mask.png 247667 819 565 706
str17_mask.png 247766 820 626 745
str17_mask.png 248183 821 970 568
str17_mask.png 248350 822 1123 499
str17_mask.png 248483 823 1497 427
str17_mask.png 248717 824 1306 158
str17_mask.png 248951 825 827 131
str17_mask.png 249218 826 476 374
str17_mask.png 249451 827 454 527
str17_mask.png 249934 828 1008 164
#33
str17_mask.png 295452 765 1244 57
str17_mask.png 295552 766 1233 83
str17_mask.png 296935 767 1374 102
str17_mask.png 297718 768 1379 109
str17_mask.png 298302 769 1441 161
str17_mask.png 298568 770 1536 246
str17_mask.png 298852 771 1387 100
str17_mask.png 299118 772 1377 145
str17_mask.png 299585 773 1367 151
str17_mask.png 301168 774 1357 110
str17_mask.png 301902 775 1383 97
str17_mask.png 302418 776 1384 129
str17_mask.png 303185 777 1379 120
str17_mask.png 303935 778 1454 251
str17_mask.png 304218 779 1340 78
str17_mask.png 304851 781 1185 9
str17_mask.png 305035 782 1356 130
#34
str17_mask.png 227917 670 703 784
str17_mask.png 228151 671 1119 941
str17_mask.png 228284 672 1324 916
str17_mask.png 228451 673 1521 773
str17_mask.png 228685 674 1593 474
str17_mask.png 229168 675 1338 282
str17_mask.png 229518 676 875 128
str17_mask.png 229785 677 698 139
str17_mask.png 230052 678 950 141
str17_mask.png 231085 679 615 797
str17_mask.png 231269 680 786 897
str17_mask.png 231552 681 1032 941
str17_mask.png 231868 682 1302 896
str17_mask.png 232602 683 1070 940
str17_mask.png 233335 684 1028 947
str17_mask.png 233618 685 1382 838
str17_mask.png 233936 686 1515 448
str17_mask.png 234336 687 891 176
str17_mask.png 234636 688 720 175
str17_mask.png 235003 689 915 149
str17_mask.png 235603 690 1196 317
str17_mask.png 236023 691 1039 227
str17_mask.png 236107 692 1022 209
str17_mask.png 236524 693 495 336
str17_mask.png 236739 694 461 495
str17_mask.png 237006 695 766 280
str17_mask.png 237556 696 1050 204
#35
str17_mask.png 227263 762 945 496
str17_mask.png 227893 763 523 231
str17_mask.png 228009 764 715 176
str17_mask.png 228209 765 966 140
str17_mask.png 228559 766 680 177
str17_mask.png 228826 767 500 312
str17_mask.png 229109 768 1016 211
str17_mask.png 229442 769 1169 181
str17_mask.png 229593 770 901 135
str17_mask.png 229910 771 1234 181
str17_mask.png 230143 772 1508 424
str17_mask.png 230227 773 1450 413
str17_mask.png 230444 774 1325 841
str17_mask.png 230744 775 1105 916
str17_mask.png 230994 776 758 911
str17_mask.png 231310 777 1012 900
str17_mask.png 231444 778 530 767
str17_mask.png 231610 779 571 764
str17_mask.png 231893 780 1497 326
str17_mask.png 232063 781 1483 401
str17_mask.png 232329 782 989 142
str17_mask.png 232580 783 1260 199
str17_mask.png 232846 784 734 188
str17_mask.png 233113 785 461 285
str17_mask.png 233246 786 508 314
str17_mask.png 233396 787 395 467
str17_mask.png 233896 788 589 304
str17_mask.png 234229 789 940 181
str17_mask.png 234913 791 987 352
str17_mask.png 235196 792 760 216
str17_mask.png 235463 793 1017 182
str17_mask.png 235863 794 1068 166
str17_mask.png 236280 795 678 324
str17_mask.png 236580 796 1021 351
str17_mask.png 236797 797 1001 929
str17_mask.png 237064 798 785 879
#36
str17_mask.png 245757 776 980 509
str17_mask.png 246143 777 976 508
str17_mask.png 246293 778 950 64
str17_mask.png 246777 779 1187 48
str17_mask.png 246977 780 1302 104
str17_mask.png 247443 781 1457 167
str17_mask.png 249145 782 1485 257
str17_mask.png 249380 783 1549 423
str17_mask.png 249663 784 1496 759
str17_mask.png 249796 785 1501 737
str17_mask.png 249996 786 1532 504
str17_mask.png 250396 787 1498 665
str17_mask.png 250680 788 1508 663
str17_mask.png 250896 789 1221 888
str17_mask.png 251063 790 917 909
str17_mask.png 251362 791 500 609
str17_mask.png 251646 792 833 899
str17_mask.png 252213 793 882 110
str17_mask.png 252829 794 1203 119
str17_mask.png 253313 795 1485 762
str17_mask.png 253680 796 1114 1025
str17_mask.png 253996 797 1207 849
str17_mask.png 254163 798 641 697
str17_mask.png 254579 799 543 450
str17_mask.png 254762 800 507 370
str17_mask.png 255146 801 804 153
str17_mask.png 255497 802 809 162
str17_mask.png 255647 803 1063 144
#37
str17_mask.png 228403 745 901 85
str17_mask.png 228753 746 1330 135
str17_mask.png 229020 747 1012 267
str17_mask.png 229286 748 964 775
str17_mask.png 229469 749 617 801
str17_mask.png 229585 750 670 782
str17_mask.png 229919 751 1452 458
str17_mask.png 230353 752 831 46
str17_mask.png 230686 753 714 638
str17_mask.png 230836 754 1005 910
str17_mask.png 231120 755 1157 359
str17_mask.png 231337 756 1054 119
str17_mask.png 231588 757 1472 415
str17_mask.png 231838 758 1345 186
str17_mask.png 232171 759 1496 395
str17_mask.png 232471 760 1491 418
str17_mask.png 232721 761 1340 197
str17_mask.png 233038 762 557 674
str17_mask.png 233120 763 614 671
str17_mask.png 233221 764 572 744
str17_mask.png 233571 765 1202 120
str17_mask.png 233705 766 1135 113
str17_mask.png 233904 767 1132 126
str17_mask.png 234421 768 1046 628
str17_mask.png 234604 769 1121 742
str17_mask.png 234838 770 1363 736
str17_mask.png 235004 771 1254 825
str17_mask.png 235221 772 676 294
str17_mask.png 235621 773 1444 502
str17_mask.png 235904 774 1199 569
str17_mask.png 236221 775 1484 315
str17_mask.png 236738 776 1005 590
str17_mask.png 236971 777 1396 266
str17_mask.png 237521 778 1207 269
str17_mask.png 237888 779 1055 254
#38
str17_mask.png 225482 666 1035 233
str17_mask.png 225649 667 1155 161
str17_mask.png 225816 668 1348 301
str17_mask.png 226016 669 1511 428
str17_mask.png 226366 670 1342 777
str17_mask.png 226549 671 1478 491
str17_mask.png 226766 672 653 854
str17_mask.png 227032 673 578 403
str17_mask.png 227149 674 560 245
str17_mask.png 227316 675 751 142
str17_mask.png 227516 676 983 127
str17_mask.png 227699 677 1159 150
str17_mask.png 227932 678 1484 453
str17_mask.png 228249 679 1535 463
str17_mask.png 228482 680 1449 368
str17_mask.png 228699 681 1486 427
str17_mask.png 228949 682 1485 439
str17_mask.png 229566 683 1434 760
str17_mask.png 229916 684 1252 902
str17_mask.png 230099 685 1025 936
str17_mask.png 230366 686 765 875
str17_mask.png 230716 687 578 769
str17_mask.png 231015 688 1209 300
str17_mask.png 231182 689 1262 256
str17_mask.png 231382 690 1185 182
str17_mask.png 231749 691 1358 241
str17_mask.png 231999 692 513 456
str17_mask.png 232216 693 513 326
str17_mask.png 232449 694 1362 263
str17_mask.png 232799 695 1508 449
#39
str17_mask.png 213041 579 917 458
str17_mask.png 214790 580 1559 316
str17_mask.png 215057 581 1572 323
str17_mask.png 216275 582 1480 355
str17_mask.png 216425 583 1159 833
str17_mask.png 216675 584 679 882
str17_mask.png 216908 585 489 702
str17_mask.png 217941 586 1645 241
str17_mask.png 218791 587 1475 210
str17_mask.png 218941 588 1481 231
str17_mask.png 219125 589 1468 231
str17_mask.png 221973 591 1546 351
str17_mask.png 222207 592 1123 55
str17_mask.png 222440 593 784 715
str17_mask.png 222607 594 348 425
#40
str17_mask.png 228764 694 1162 839
str17_mask.png 228881 695 1199 832
str17_mask.png 229014 696 1303 878
str17_mask.png 229198 697 1250 863
str17_mask.png 229698 698 1447 634
str17_mask.png 229982 699 1480 345
str17_mask.png 230465 700 1319 161
str17_mask.png 230731 701 1188 102
str17_mask.png 230965 702 1327 178
str17_mask.png 231215 703 1384 202
str17_mask.png 231531 704 1264 127
str17_mask.png 231815 705 1182 75
str17_mask.png 232081 706 1151 57
str17_mask.png 232498 707 902 60
str17_mask.png 232881 708 902 72
str17_mask.png 233231 709 728 109
str17_mask.png 233931 710 620 159
str17_mask.png 234114 711 591 303
str17_mask.png 234364 712 538 541
str17_mask.png 234547 713 470 527
str17_mask.png 234881 714 570 662
str17_mask.png 235230 715 638 811
str17_mask.png 235464 716 619 785
str17_mask.png 235714 717 855 882
str17_mask.png 235980 718 1036 908
str17_mask.png 236364 719 1269 863
str17_mask.png 236664 720 1521 343
str17_mask.png 236864 721 1331 162
str17_mask.png 237065 722 1207 93
str17_mask.png 237198 723 1202 92
str17_mask.png 237298 724 1166 60
#41
str17_mask.png 217453 601 762 848
str17_mask.png 217686 602 755 892
str17_mask.png 217870 603 519 791
str17_mask.png 217953 604 536 789
str17_mask.png 218120 605 411 664
str17_mask.png 218303 606 321 587
str17_mask.png 218703 607 317 533
str17_mask.png 218936 608 489 374
str17_mask.png 219220 609 774 207
str17_mask.png 219770 610 966 176
#42
str17_mask.png 233633 734 622 779
str17_mask.png 233833 735 555 722
str17_mask.png 234016 736 526 198
str17_mask.png 234732 739 1467 212
str17_mask.png 234916 740 1497 345
str17_mask.png 235199 741 1357 126
str17_mask.png 236949 744 1152 855
str17_mask.png 237099 745 1014 875
str17_mask.png 237299 746 615 716
str17_mask.png 237566 747 493 654
str17_mask.png 237765 748 570 684
str17_mask.png 237965 749 428 414
str17_mask.png 240565 756 430 426
str17_mask.png 241282 757 868 854
str17_mask.png 241449 758 1009 873
str17_mask.png 242299 759 1480 400
str17_mask.png 242499 760 1355 160
str17_mask.png 242666 761 1356 183
str17_mask.png 242849 762 1332 748
str17_mask.png 242999 763 1240 827
#43
