str16_ctwo.png 358584 1184 803 488
str16_ctwo.png 358851 1185 604 599
str16_ctwo.png 359084 1186 586 590
str16_ctwo.png 359468 1187 1410 590
str16_ctwo.png 359952 1188 1436 587
str16_ctwo.png 360152 1189 1626 608
str16_ctwo.png 360857 1190 805 594
str16_ctwo.png 361047 1191 938 590
str16_ctwo.png 362281 1192 813 649
str16_ctwo.png 362648 1193 850 637
str16_ctwo.png 363415 1194 888 609
#1
str16_ctwo.png 432058 1480 971 561
str16_ctwo.png 432318 1481 564 506
str16_ctwo.png 432634 1482 425 571
str16_ctwo.png 432884 1483 472 586
str16_ctwo.png 433418 1484 1395 584
str16_ctwo.png 433568 1485 1341 555
str16_ctwo.png 433752 1486 1552 548
str16_ctwo.png 433935 1487 1581 511
str16_ctwo.png 434335 1488 1381 516
str16_ctwo.png 434651 1489 1356 521
str16_ctwo.png 435135 1490 1535 518
str16_ctwo.png 435701 1491 1365 529
str16_ctwo.png 436035 1492 1333 538
str16_ctwo.png 436218 1493 582 549
str16_ctwo.png 436352 1494 575 558
str16_ctwo.png 436618 1495 299 560
str16_ctwo.png 436834 1496 1467 562
str16_ctwo.png 436968 1497 1408 552
#2
str16_ctwo.png 354037 975 784 350
str16_ctwo.png 354373 976 522 488
str16_ctwo.png 355446 977 645 484
str16_ctwo.png 355633 978 535 506
str16_ctwo.png 355733 979 526 494
str16_ctwo.png 358645 980 516 450
str16_ctwo.png 358904 981 475 470
#3
str16_ctwo.png 395115 1289 482 501
str16_ctwo.png 395248 1290 554 486
str16_ctwo.png 395548 1291 396 493
str16_ctwo.png 396240 1292 361 438
str16_ctwo.png 396608 1293 381 499
str16_ctwo.png 396775 1294 604 460
str16_ctwo.png 397126 1295 1386 484
str16_ctwo.png 397309 1296 1554 466
str16_ctwo.png 397576 1297 1443 460
str16_ctwo.png 397876 1298 1411 459
str16_ctwo.png 398042 1299 1565 444
str16_ctwo.png 398292 1300 1447 446
str16_ctwo.png 398559 1301 1418 445
str16_ctwo.png 399494 1302 1364 445
str16_ctwo.png 399845 1303 1411 447
#4
str16_ctwo.png 397141 1036 958 556
str16_ctwo.png 397396 1037 522 517
str16_ctwo.png 397845 1038 281 574
str16_ctwo.png 397995 1039 517 571
str16_ctwo.png 398244 1040 1504 566
str16_ctwo.png 398929 1041 442 526
str16_ctwo.png 399062 1042 533 601
str16_ctwo.png 399312 1043 660 561
str16_ctwo.png 399495 1044 302 525
str16_ctwo.png 399695 1045 270 545
str16_ctwo.png 399862 1046 1464 561
str16_ctwo.png 400113 1047 1446 566
str16_ctwo.png 400529 1048 273 529
#5
str16_ctwo.png 386795 1003 681 360
str16_ctwo.png 388194 1004 260 491
str16_ctwo.png 389478 1005 1316 531
str16_ctwo.png 389645 1006 1526 486
str16_ctwo.png 390128 1007 1638 476
str16_ctwo.png 390278 1008 1398 468
str16_ctwo.png 391079 1009 379 553
str16_ctwo.png 391279 1010 487 558
#6
str16_ctwo.png 439872 1082 860 558
str16_ctwo.png 440122 1083 524 541
str16_ctwo.png 440605 1084 571 538
str16_ctwo.png 440839 1085 525 521
str16_ctwo.png 441105 1086 1473 593
str16_ctwo.png 441472 1087 1546 558
str16_ctwo.png 441638 1088 491 519
str16_ctwo.png 442172 1089 497 581
str16_ctwo.png 442322 1090 478 631
str16_ctwo.png 443022 1091 597 508
str16_ctwo.png 443240 1092 641 505
str16_ctwo.png 444073 1093 646 530
str16_ctwo.png 444323 1094 619 565
#7
str16_ctwo.png 328100 797 754 414
str16_ctwo.png 328350 798 428 514
str16_ctwo.png 328633 799 596 528
str16_ctwo.png 329372 800 1367 531
str16_ctwo.png 329793 801 1546 509
str16_ctwo.png 330043 802 540 490
str16_ctwo.png 330793 803 886 548
str16_ctwo.png 332076 804 771 573
str16_ctwo.png 332559 805 1117 594
str16_ctwo.png 332843 806 800 588
#8
str16_ctwo.png 397983 1194 700 415
str16_ctwo.png 398216 1195 288 501
str16_ctwo.png 398416 1196 517 524
str16_ctwo.png 398799 1197 441 541
str16_ctwo.png 399383 1198 525 529
str16_ctwo.png 399816 1199 597 534
str16_ctwo.png 400100 1200 434 516
str16_ctwo.png 400266 1201 447 524
str16_ctwo.png 400533 1202 196 540
str16_ctwo.png 400666 1203 296 499
str16_ctwo.png 400932 1204 592 503
str16_ctwo.png 401332 1205 664 501
str16_ctwo.png 401766 1206 509 546
str16_ctwo.png 401982 1207 1453 596
str16_ctwo.png 402116 1208 1491 552
str16_ctwo.png 402449 1209 1435 511
str16_ctwo.png 402666 1210 1593 504
#9
str16_ctwo.png 381201 814 944 531
str16_ctwo.png 381518 815 1368 522
str16_ctwo.png 381935 816 507 521
str16_ctwo.png 383984 817 642 509
str16_ctwo.png 384234 818 1401 552
str16_ctwo.png 385002 819 546 537
str16_ctwo.png 386118 820 500 502
#10
str16_ctwo.png 354152 1077 584 581
str16_ctwo.png 354268 1078 628 552
str16_ctwo.png 354518 1079 587 564
str16_ctwo.png 354769 1080 556 623
str16_ctwo.png 354869 1081 556 644
str16_ctwo.png 355252 1082 653 563
str16_ctwo.png 355637 1083 510 575
str16_ctwo.png 355937 1084 521 565
str16_ctwo.png 356521 1085 1532 589
str16_ctwo.png 356725 1086 1564 566
str16_ctwo.png 357143 1087 456 521
str16_ctwo.png 357278 1088 537 527
str16_ctwo.png 357614 1089 1575 540
str16_ctwo.png 357784 1090 1450 559
str16_ctwo.png 357970 1091 1614 561
str16_ctwo.png 358086 1092 1578 517
str16_ctwo.png 358203 1093 1639 547
str16_ctwo.png 358510 1094 1511 540
#11
str16_ctwo.png 395589 1126 846 419
str16_ctwo.png 396055 1127 571 433
str16_ctwo.png 396311 1128 466 425
str16_ctwo.png 397145 1129 653 434
str16_ctwo.png 397411 1130 619 383
str16_ctwo.png 397595 1131 642 367
str16_ctwo.png 397811 1132 1589 451
str16_ctwo.png 397895 1133 1499 488
str16_ctwo.png 398312 1134 1612 514
str16_ctwo.png 398762 1135 1613 459
str16_ctwo.png 399029 1136 1649 485
str16_ctwo.png 399412 1137 1636 601
str16_ctwo.png 399712 1138 1613 592
str16_ctwo.png 400045 1139 1607 597
str16_ctwo.png 400313 1140 1351 556
#12
str16_ctwo.png 429947 1243 986 419
str16_ctwo.png 430296 1244 534 488
str16_ctwo.png 430871 1245 615 514
str16_ctwo.png 431158 1246 1500 507
str16_ctwo.png 431260 1247 1453 494
str16_ctwo.png 431611 1248 1016 446
str16_ctwo.png 431877 1249 566 455
str16_ctwo.png 432094 1250 373 488
str16_ctwo.png 432594 1251 842 429
str16_ctwo.png 433228 1252 583 464
str16_ctwo.png 433627 1253 1011 442
str16_ctwo.png 433844 1254 625 468
str16_ctwo.png 434544 1256 669 124
str16_ctwo.png 434944 1257 906 329
#13
str16_ctwo.png 374005 998 799 388
str16_ctwo.png 374354 999 581 503
str16_ctwo.png 374588 1000 416 557
str16_ctwo.png 375454 1001 465 539
str16_ctwo.png 375971 1002 794 557
str16_ctwo.png 376154 1003 1365 543
str16_ctwo.png 376305 1004 1344 532
str16_ctwo.png 376855 1005 1441 510
str16_ctwo.png 377955 1006 1527 503
str16_ctwo.png 378871 1007 453 510
#14
str16_ctwo.png 493117 1371 570 431
str16_ctwo.png 493351 1372 352 429
str16_ctwo.png 494079 1373 505 422
str16_ctwo.png 494401 1374 574 429
str16_ctwo.png 494718 1375 565 443
str16_ctwo.png 495201 1376 421 463
str16_ctwo.png 495835 1377 559 471
str16_ctwo.png 496335 1378 501 475
str16_ctwo.png 496620 1379 594 459
str16_ctwo.png 496853 1380 1554 490
str16_ctwo.png 496937 1381 1473 482
str16_ctwo.png 497404 1382 1588 483
str16_ctwo.png 497704 1383 1434 474
#15
str16_ctwo.png 362488 1201 479 558
str16_ctwo.png 362738 1202 520 583
str16_ctwo.png 362972 1203 637 589
str16_ctwo.png 363138 1204 1435 579
str16_ctwo.png 363289 1205 1379 583
str16_ctwo.png 363573 1206 1434 562
str16_ctwo.png 363823 1207 472 576
str16_ctwo.png 363972 1208 524 579
str16_ctwo.png 364507 1209 1313 516
str16_ctwo.png 364673 1210 1376 564
str16_ctwo.png 365774 1211 1417 580
str16_ctwo.png 366240 1212 1375 553
str16_ctwo.png 366507 1213 486 582
str16_ctwo.png 366657 1214 534 589
str16_ctwo.png 367140 1215 658 587
#16
str16_ctwo.png 378556 1055 465 553
str16_ctwo.png 378863 1056 405 557
str16_ctwo.png 379146 1057 298 546
str16_ctwo.png 379546 1058 214 572
str16_ctwo.png 379680 1059 365 527
str16_ctwo.png 379830 1060 241 538
str16_ctwo.png 380296 1061 497 501
str16_ctwo.png 380696 1062 631 497
str16_ctwo.png 381030 1063 488 526
str16_ctwo.png 381180 1064 487 476
str16_ctwo.png 381346 1065 138 475
str16_ctwo.png 381463 1066 304 419
str16_ctwo.png 381746 1067 275 553
str16_ctwo.png 382630 1068 1559 526
str16_ctwo.png 382847 1069 1456 492
str16_ctwo.png 383047 1070 1477 480
#17
str16_ctwo.png 429985 1198 924 421
str16_ctwo.png 430286 1199 627 451
str16_ctwo.png 430553 1200 1218 471
str16_ctwo.png 431053 1201 1407 509
str16_ctwo.png 431653 1202 1282 529
str16_ctwo.png 431770 1203 1412 537
str16_ctwo.png 433641 1204 192 523
str16_ctwo.png 433957 1205 556 496
str16_ctwo.png 434624 1206 181 468
str16_ctwo.png 434891 1207 545 495
#18
str16_ctwo.png 358506 1065 959 521
str16_ctwo.png 358811 1066 539 541
str16_ctwo.png 359028 1067 597 557
str16_ctwo.png 359278 1068 1400 547
str16_ctwo.png 359578 1069 1542 552
str16_ctwo.png 359861 1070 1567 550
str16_ctwo.png 360511 1071 540 581
str16_ctwo.png 360594 1072 513 550
str16_ctwo.png 360761 1073 342 577
str16_ctwo.png 361010 1074 586 591
str16_ctwo.png 361544 1075 520 596
str16_ctwo.png 362662 1076 1532 554
str16_ctwo.png 362918 1077 1511 566
str16_ctwo.png 363052 1078 1396 560
str16_ctwo.png 363469 1079 1538 580
#19
str16_ctwo.png 342539 1196 588 520
str16_ctwo.png 342872 1197 1368 565
str16_ctwo.png 343340 1198 570 599
str16_ctwo.png 343423 1199 567 567
str16_ctwo.png 343573 1200 591 578
str16_ctwo.png 343689 1201 525 614
str16_ctwo.png 343973 1202 501 602
str16_ctwo.png 344190 1203 541 625
str16_ctwo.png 344707 1204 1489 536
str16_ctwo.png 344840 1205 1475 562
str16_ctwo.png 345357 1206 603 541
str16_ctwo.png 345525 1207 313 543
str16_ctwo.png 345658 1208 361 571
str16_ctwo.png 345758 1209 252 573
str16_ctwo.png 346391 1210 449 589
str16_ctwo.png 346624 1211 513 621
#20
str16_ctwo.png 340530 1058 534 511
str16_ctwo.png 341046 1059 1420 561
str16_ctwo.png 341629 1060 397 576
str16_ctwo.png 341846 1061 1427 534
str16_ctwo.png 342363 1062 1598 535
str16_ctwo.png 342596 1063 1577 533
str16_ctwo.png 342763 1064 1439 524
str16_ctwo.png 343163 1065 1580 545
str16_ctwo.png 343396 1066 1612 575
str16_ctwo.png 343813 1067 1542 564
str16_ctwo.png 344030 1068 1386 536
str16_ctwo.png 344380 1069 1543 558
str16_ctwo.png 344580 1070 429 531
str16_ctwo.png 344829 1071 1494 554
str16_ctwo.png 345096 1072 1396 525
#21
str16_ctwo.png 353240 1085 900 508
str16_ctwo.png 353706 1086 531 496
str16_ctwo.png 353856 1087 584 504
str16_ctwo.png 354072 1088 432 489
str16_ctwo.png 354472 1089 552 492
str16_ctwo.png 355459 1090 623 493
str16_ctwo.png 355650 1091 1368 553
str16_ctwo.png 355768 1092 1418 486
str16_ctwo.png 355918 1093 1496 515
str16_ctwo.png 356167 1094 1592 520
str16_ctwo.png 356434 1095 1397 504
str16_ctwo.png 356768 1096 1520 532
str16_ctwo.png 357134 1097 1388 508
#22
str16_ctwo.png 332032 1015 469 456
str16_ctwo.png 332215 1016 600 497
str16_ctwo.png 333099 1017 496 541
str16_ctwo.png 333333 1018 599 497
str16_ctwo.png 333650 1019 622 484
str16_ctwo.png 333816 1020 616 511
str16_ctwo.png 334316 1021 273 505
str16_ctwo.png 334416 1022 241 494
str16_ctwo.png 334900 1023 192 560
str16_ctwo.png 335266 1024 415 560
str16_ctwo.png 335400 1025 480 580
str16_ctwo.png 335633 1026 634 540
#23
str16_ctwo.png 419580 1360 891 427
str16_ctwo.png 419863 1361 573 520
str16_ctwo.png 420047 1362 386 551
str16_ctwo.png 420230 1363 644 535
str16_ctwo.png 420563 1364 893 511
str16_ctwo.png 420730 1365 616 490
str16_ctwo.png 420946 1366 312 501
str16_ctwo.png 421247 1367 232 544
str16_ctwo.png 421563 1368 625 475
str16_ctwo.png 421730 1369 1518 527
str16_ctwo.png 421847 1370 1481 522
str16_ctwo.png 422064 1371 1596 529
str16_ctwo.png 422347 1372 1587 599
str16_ctwo.png 422547 1373 1612 533
str16_ctwo.png 422847 1374 1418 520
str16_ctwo.png 423131 1375 478 554
str16_ctwo.png 423564 1376 605 517
str16_ctwo.png 423797 1377 625 537
str16_ctwo.png 424330 1378 477 604
#24
str16_ctwo.png 327355 976 617 449
str16_ctwo.png 327438 977 616 428
str16_ctwo.png 327588 978 514 493
str16_ctwo.png 328039 979 1430 500
str16_ctwo.png 328322 980 1593 513
str16_ctwo.png 328539 981 1617 516
str16_ctwo.png 328739 982 458 519
str16_ctwo.png 329105 983 618 504
str16_ctwo.png 329405 984 642 491
str16_ctwo.png 329805 985 545 470
str16_ctwo.png 331320 986 1059 481
str16_ctwo.png 331423 987 1457 502
#25
str16_ctwo.png 354512 1062 1004 504
str16_ctwo.png 354862 1063 1037 519
str16_ctwo.png 355012 1064 1113 476
str16_ctwo.png 355395 1065 1098 524
str16_ctwo.png 355879 1066 1083 533
str16_ctwo.png 356095 1067 1091 516
str16_ctwo.png 356329 1068 1094 538
str16_ctwo.png 356662 1069 1092 507
str16_ctwo.png 357395 1070 1157 524
str16_ctwo.png 357579 1071 1151 507
str16_ctwo.png 357712 1072 1096 509
str16_ctwo.png 357845 1073 1058 518
str16_ctwo.png 358912 1074 1061 517
str16_ctwo.png 359145 1075 1045 533
#26
str16_ctwo.png 403825 1279 570 515
str16_ctwo.png 404124 1280 448 646
str16_ctwo.png 404858 1281 1399 550
str16_ctwo.png 405091 1282 1581 526
str16_ctwo.png 405225 1283 1515 569
str16_ctwo.png 405359 1284 1375 536
str16_ctwo.png 405642 1285 1584 550
str16_ctwo.png 406075 1286 1381 537
str16_ctwo.png 406425 1287 579 506
str16_ctwo.png 406675 1288 537 609
str16_ctwo.png 406892 1289 539 577
str16_ctwo.png 407125 1290 474 623
str16_ctwo.png 407509 1291 622 584
str16_ctwo.png 407625 1292 340 552
str16_ctwo.png 407908 1293 1499 535
str16_ctwo.png 408009 1294 1437 570
#27
str16_ctwo.png 346868 1079 952 410
str16_ctwo.png 347279 1080 637 474
str16_ctwo.png 347613 1081 605 510
str16_ctwo.png 348248 1082 1399 511
str16_ctwo.png 348465 1083 1396 514
str16_ctwo.png 348765 1084 966 525
str16_ctwo.png 348848 1085 935 518
str16_ctwo.png 349048 1086 1441 542
str16_ctwo.png 349281 1087 1439 547
str16_ctwo.png 349448 1088 1403 514
str16_ctwo.png 349565 1089 1391 504
str16_ctwo.png 349781 1090 985 519
str16_ctwo.png 350214 1091 704 491
str16_ctwo.png 350465 1092 764 469
str16_ctwo.png 350718 1093 750 474
str16_ctwo.png 351651 1094 1426 495
str16_ctwo.png 351790 1095 1622 555
#28
str16_ctwo.png 465307 1382 942 422
str16_ctwo.png 465502 1383 938 436
str16_ctwo.png 465602 1384 699 511
str16_ctwo.png 465802 1385 648 517
str16_ctwo.png 466018 1386 394 531
str16_ctwo.png 466202 1387 566 578
str16_ctwo.png 466652 1388 1514 546
str16_ctwo.png 466919 1389 1481 532
str16_ctwo.png 467102 1390 1640 539
str16_ctwo.png 467386 1391 1594 546
str16_ctwo.png 467820 1392 497 497
str16_ctwo.png 468170 1393 605 531
str16_ctwo.png 468503 1394 556 568
str16_ctwo.png 468719 1395 264 511
str16_ctwo.png 469002 1396 625 547
str16_ctwo.png 469085 1397 623 532
str16_ctwo.png 469452 1398 634 496
str16_ctwo.png 469636 1399 294 455
str16_ctwo.png 469902 1400 597 489
str16_ctwo.png 470219 1401 620 486
#29
str16_ctwo.png 394543 1168 1067 439
str16_ctwo.png 394743 1169 478 525
str16_ctwo.png 395160 1170 1425 578
str16_ctwo.png 395745 1171 1379 488
str16_ctwo.png 395945 1172 1460 523
str16_ctwo.png 396212 1173 1568 542
str16_ctwo.png 396696 1174 544 590
str16_ctwo.png 397156 1175 531 549
str16_ctwo.png 397276 1176 584 581
str16_ctwo.png 397643 1177 621 574
str16_ctwo.png 398226 1178 517 608
str16_ctwo.png 398626 1179 619 580
#30
str16_ctwo.png 377861 1217 1169 559
str16_ctwo.png 378078 1218 495 564
str16_ctwo.png 378245 1219 605 553
str16_ctwo.png 378478 1220 447 560
str16_ctwo.png 378728 1221 277 591
str16_ctwo.png 379228 1222 570 591
str16_ctwo.png 379395 1223 652 568
str16_ctwo.png 379812 1224 634 556
str16_ctwo.png 380245 1225 1422 592
str16_ctwo.png 380545 1226 1410 576
str16_ctwo.png 380662 1227 1565 550
str16_ctwo.png 381162 1228 489 545
str16_ctwo.png 381366 1229 650 526
#31
str16_ctwo.png 372550 1185 477 508
str16_ctwo.png 373017 1186 1463 499
str16_ctwo.png 373267 1187 501 493
str16_ctwo.png 373735 1188 293 501
str16_ctwo.png 373868 1189 339 510
str16_ctwo.png 374568 1190 454 496
str16_ctwo.png 374868 1191 616 491
str16_ctwo.png 375135 1192 409 521
str16_ctwo.png 375451 1193 547 574
str16_ctwo.png 375818 1194 1513 531
str16_ctwo.png 375985 1195 1455 529
str16_ctwo.png 376168 1196 1401 506
str16_ctwo.png 376385 1197 1563 544
str16_ctwo.png 376485 1198 1570 522
str16_ctwo.png 376752 1199 1282 548
str16_ctwo.png 377002 1200 575 508
#32
str16_ctwo.png 375026 1253 856 466
str16_ctwo.png 375243 1254 601 525
str16_ctwo.png 375476 1255 392 524
str16_ctwo.png 375643 1256 586 536
str16_ctwo.png 375893 1257 652 516
str16_ctwo.png 376160 1258 583 512
str16_ctwo.png 376426 1259 446 537
str16_ctwo.png 376926 1260 641 516
str16_ctwo.png 377176 1261 413 510
str16_ctwo.png 377460 1262 360 491
str16_ctwo.png 377659 1263 597 502
str16_ctwo.png 377960 1264 667 509
str16_ctwo.png 378176 1265 1481 503
str16_ctwo.png 378293 1266 1457 492
str16_ctwo.png 378527 1267 1407 485
str16_ctwo.png 378728 1268 1564 509
str16_ctwo.png 379194 1269 1460 532
str16_ctwo.png 379428 1270 508 598
str16_ctwo.png 379595 1271 532 602
str16_ctwo.png 379898 1272 576 581
#33
str16_ctwo.png 456324 1163 507 465
str16_ctwo.png 456540 1164 529 486
str16_ctwo.png 457092 1165 498 456
str16_ctwo.png 457609 1166 454 445
str16_ctwo.png 457725 1167 495 456
str16_ctwo.png 457925 1168 1488 453
str16_ctwo.png 458242 1169 1612 496
str16_ctwo.png 458475 1170 1600 511
str16_ctwo.png 458642 1171 1398 468
str16_ctwo.png 459108 1172 518 471
str16_ctwo.png 459658 1173 377 521
str16_ctwo.png 459891 1174 372 428
str16_ctwo.png 460041 1175 525 486
str16_ctwo.png 460442 1176 1422 447
#34
str16_ctwo.png 360946 1028 591 540
str16_ctwo.png 362079 1029 1018 510
str16_ctwo.png 362229 1030 1511 523
str16_ctwo.png 362363 1031 1471 537
str16_ctwo.png 362897 1032 1391 537
str16_ctwo.png 363114 1033 1357 566
str16_ctwo.png 363480 1034 1373 551
str16_ctwo.png 363765 1035 1378 544
str16_ctwo.png 363915 1036 1333 565
str16_ctwo.png 364881 1037 1328 564
str16_ctwo.png 365248 1038 506 538
str16_ctwo.png 365331 1039 521 544
str16_ctwo.png 365497 1040 555 544
str16_ctwo.png 365742 1041 1075 399
#35
str16_ctwo.png 365651 1184 930 533
str16_ctwo.png 365951 1185 591 519
str16_ctwo.png 366883 1186 1364 524
str16_ctwo.png 367221 1187 1526 530
str16_ctwo.png 367537 1188 1582 534
str16_ctwo.png 367904 1189 558 493
str16_ctwo.png 368203 1190 332 549
str16_ctwo.png 368520 1191 531 567
str16_ctwo.png 368704 1192 466 578
str16_ctwo.png 369103 1193 490 589
str16_ctwo.png 369770 1194 509 582
str16_ctwo.png 370137 1195 383 587
str16_ctwo.png 370453 1196 357 607
#36
str16_ctwo.png 395973 1205 518 505
str16_ctwo.png 396190 1206 517 489
str16_ctwo.png 397090 1207 1502 526
str16_ctwo.png 397223 1208 1543 524
str16_ctwo.png 397890 1209 1548 511
str16_ctwo.png 398207 1210 577 499
str16_ctwo.png 398373 1211 571 508
str16_ctwo.png 399373 1212 1490 518
str16_ctwo.png 400257 1213 1485 508
str16_ctwo.png 400673 1214 641 464
#37
str16_ctwo.png 364952 1158 612 469
str16_ctwo.png 365152 1159 1567 516
str16_ctwo.png 365652 1160 503 561
str16_ctwo.png 366270 1162 449 473
str16_ctwo.png 366387 1163 429 486
str16_ctwo.png 366587 1164 841 492
str16_ctwo.png 366921 1165 1444 487
str16_ctwo.png 367404 1166 586 472
str16_ctwo.png 367538 1167 598 456
str16_ctwo.png 367921 1168 902 471
str16_ctwo.png 368254 1169 893 458
str16_ctwo.png 368955 1170 1397 479
str16_ctwo.png 369205 1171 739 496
str16_ctwo.png 369639 1172 865 393
#38
str16_ctwo.png 363477 978 661 500
str16_ctwo.png 363977 979 1568 562
str16_ctwo.png 364095 980 1529 565
str16_ctwo.png 364462 981 1201 568
str16_ctwo.png 364762 982 850 534
str16_ctwo.png 364962 983 671 541
str16_ctwo.png 365429 984 1351 577
str16_ctwo.png 365945 985 874 553
str16_ctwo.png 366178 986 693 526
str16_ctwo.png 366395 987 644 549
str16_ctwo.png 366512 988 629 528
str16_ctwo.png 366745 989 935 524
str16_ctwo.png 367228 990 931 504
str16_ctwo.png 367495 991 1388 569
str16_ctwo.png 367762 992 1103 552
#39
str16_ctwo.png 335499 863 1017 464
str16_ctwo.png 336166 864 1566 406
str16_ctwo.png 336972 865 575 455
str16_ctwo.png 337176 866 573 490
str16_ctwo.png 337475 867 1362 406
str16_ctwo.png 337642 868 1404 440
str16_ctwo.png 338025 869 543 415
str16_ctwo.png 338376 870 558 467
str16_ctwo.png 339109 871 1453 417
str16_ctwo.png 339292 872 1401 428
str16_ctwo.png 340110 873 1517 457
str16_ctwo.png 340360 874 1519 466
#40
str16_ctwo.png 371970 1077 621 456
str16_ctwo.png 372130 1078 636 486
str16_ctwo.png 372370 1079 626 482
str16_ctwo.png 372720 1080 559 559
str16_ctwo.png 374270 1081 1555 495
str16_ctwo.png 374370 1082 1467 470
str16_ctwo.png 374470 1083 1464 467
str16_ctwo.png 375656 1084 594 510
#41
str16_ctwo.png 337321 887 1369 587
str16_ctwo.png 337771 888 1373 584
str16_ctwo.png 338571 889 321 599
str16_ctwo.png 338704 890 505 583
str16_ctwo.png 339004 891 588 577
str16_ctwo.png 339582 892 609 583
str16_ctwo.png 339926 893 612 571
str16_ctwo.png 340215 894 441 589
str16_ctwo.png 340569 895 441 588
str16_ctwo.png 340869 896 507 586
#42
str16_ctwo.png 366388 1160 1163 389
str16_ctwo.png 366662 1161 560 453
str16_ctwo.png 367079 1162 1413 501
str16_ctwo.png 367413 1163 1397 470
str16_ctwo.png 367546 1164 1582 483
str16_ctwo.png 367930 1165 622 445
str16_ctwo.png 368180 1166 339 508
str16_ctwo.png 368312 1167 373 510
str16_ctwo.png 368446 1168 221 482
str16_ctwo.png 368779 1169 607 441
str16_ctwo.png 369213 1170 1396 458
str16_ctwo.png 369946 1171 1337 469
str16_ctwo.png 370230 1172 1379 464
str16_ctwo.png 370913 1173 1466 455
str16_ctwo.png 371279 1174 1407 452
#43
