str12_ctwo.png 335836 1119 480 594
str12_ctwo.png 336170 1120 455 593
str12_ctwo.png 336403 1121 519 534
str12_ctwo.png 336769 1122 564 626
str12_ctwo.png 337187 1123 1389 560
str12_ctwo.png 337637 1124 1395 524
str12_ctwo.png 337937 1125 1451 627
str12_ctwo.png 338653 1126 387 604
str12_ctwo.png 339154 1127 402 590
str12_ctwo.png 339542 1128 1366 529
str12_ctwo.png 339925 1129 1355 626
str12_ctwo.png 340326 1130 1317 560
#1
str12_ctwo.png 397048 1365 939 550
str12_ctwo.png 397480 1366 463 519
str12_ctwo.png 397646 1367 413 553
str12_ctwo.png 397880 1368 540 487
str12_ctwo.png 398730 1369 524 476
str12_ctwo.png 399347 1370 1307 510
str12_ctwo.png 399513 1371 1392 581
str12_ctwo.png 399930 1372 1398 516
str12_ctwo.png 400213 1373 1374 453
str12_ctwo.png 401147 1374 1320 591
str12_ctwo.png 401397 1375 1374 573
str12_ctwo.png 401813 1376 1400 581
str12_ctwo.png 402063 1377 1395 533
#2
str12_ctwo.png 331012 927 543 514
str12_ctwo.png 331746 928 1356 412
str12_ctwo.png 332229 929 1398 556
str12_ctwo.png 332629 930 1310 551
str12_ctwo.png 332863 931 1308 569
str12_ctwo.png 333246 932 1335 387
str12_ctwo.png 333446 933 1337 364
str12_ctwo.png 333779 934 1326 377
str12_ctwo.png 334496 935 1113 689
str12_ctwo.png 334846 936 507 491
str12_ctwo.png 334995 937 531 510
str12_ctwo.png 335496 938 1320 446
#3
str12_ctwo.png 370870 1211 950 395
str12_ctwo.png 371270 1212 586 489
str12_ctwo.png 371419 1213 578 511
str12_ctwo.png 371570 1214 579 458
str12_ctwo.png 371903 1215 1390 470
str12_ctwo.png 371987 1216 1367 452
str12_ctwo.png 372237 1217 1473 535
str12_ctwo.png 372704 1218 555 481
str12_ctwo.png 372837 1219 505 484
str12_ctwo.png 373004 1220 443 543
str12_ctwo.png 373121 1221 455 523
str12_ctwo.png 373271 1222 585 450
str12_ctwo.png 373637 1223 605 524
str12_ctwo.png 373954 1224 573 427
str12_ctwo.png 374521 1225 1330 396
str12_ctwo.png 374705 1226 1395 410
str12_ctwo.png 375021 1227 1499 539
str12_ctwo.png 375721 1228 1363 551
#4
str12_ctwo.png 372637 969 1115 409
str12_ctwo.png 372768 970 860 539
str12_ctwo.png 372935 971 543 541
str12_ctwo.png 373101 972 526 536
str12_ctwo.png 373601 973 1269 509
str12_ctwo.png 373785 974 1392 460
str12_ctwo.png 374118 975 568 500
str12_ctwo.png 375101 976 556 448
str12_ctwo.png 375351 977 557 506
str12_ctwo.png 376121 978 1399 461
str12_ctwo.png 376205 979 1413 444
str12_ctwo.png 376355 980 1411 450
str12_ctwo.png 377271 981 1343 401
str12_ctwo.png 377588 982 561 517
#5
str12_ctwo.png 361683 934 881 485
str12_ctwo.png 362060 935 419 461
str12_ctwo.png 362509 936 551 445
str12_ctwo.png 362826 937 637 379
str12_ctwo.png 363109 938 649 374
str12_ctwo.png 363393 939 634 357
str12_ctwo.png 363776 940 1297 491
str12_ctwo.png 363877 941 1395 432
str12_ctwo.png 364143 942 1427 411
str12_ctwo.png 364460 943 1343 377
str12_ctwo.png 364876 944 1449 456
str12_ctwo.png 365343 945 1444 419
str12_ctwo.png 365860 946 1467 474
str12_ctwo.png 366044 947 1449 398
str12_ctwo.png 366444 948 1436 416
str12_ctwo.png 366560 949 1351 408
#6
str12_ctwo.png 405164 997 1400 485
str12_ctwo.png 405914 998 1413 477
str12_ctwo.png 406331 999 465 545
str12_ctwo.png 406581 1000 467 533
str12_ctwo.png 406781 1001 475 548
str12_ctwo.png 406914 1002 509 521
str12_ctwo.png 407231 1003 1375 531
str12_ctwo.png 407499 1004 1411 480
str12_ctwo.png 408273 1005 533 542
str12_ctwo.png 408412 1006 556 518
str12_ctwo.png 408662 1007 503 590
str12_ctwo.png 409263 1008 639 438
str12_ctwo.png 409613 1009 725 470
#7
str12_ctwo.png 305407 733 494 494
str12_ctwo.png 305940 734 1348 476
str12_ctwo.png 306257 735 1376 440
str12_ctwo.png 306773 736 1335 503
str12_ctwo.png 307597 737 1353 510
str12_ctwo.png 307853 738 1376 443
str12_ctwo.png 308220 739 549 481
str12_ctwo.png 308536 740 472 487
str12_ctwo.png 308836 741 561 534
str12_ctwo.png 309519 742 527 454
str12_ctwo.png 309769 743 423 567
#8
str12_ctwo.png 371130 1112 438 513
str12_ctwo.png 371530 1113 363 540
str12_ctwo.png 371780 1114 456 507
str12_ctwo.png 372047 1115 478 513
str12_ctwo.png 372397 1116 469 474
str12_ctwo.png 372547 1117 1329 431
str12_ctwo.png 372913 1118 1400 486
str12_ctwo.png 373097 1119 1417 426
str12_ctwo.png 373330 1120 1405 431
str12_ctwo.png 373530 1121 1471 566
str12_ctwo.png 373880 1122 1380 403
str12_ctwo.png 374014 1123 1362 406
str12_ctwo.png 374380 1124 1352 529
str12_ctwo.png 374680 1125 422 485
str12_ctwo.png 375180 1126 493 559
str12_ctwo.png 375730 1127 1365 432
str12_ctwo.png 375880 1128 1394 398
#9
str12_ctwo.png 346365 754 1326 512
str12_ctwo.png 348148 755 534 546
str12_ctwo.png 348414 756 491 528
str12_ctwo.png 349080 757 1326 496
str12_ctwo.png 349347 758 1342 491
str12_ctwo.png 349497 759 1365 508
str12_ctwo.png 349749 760 1342 510
str12_ctwo.png 350032 761 1387 505
str12_ctwo.png 350749 762 1391 524
#10
str12_ctwo.png 326762 1006 870 461
str12_ctwo.png 327072 1007 555 568
str12_ctwo.png 327932 1008 1476 502
str12_ctwo.png 328035 1009 1394 504
str12_ctwo.png 328336 1010 1418 481
str12_ctwo.png 329737 1011 1481 555
str12_ctwo.png 329909 1012 1414 523
str12_ctwo.png 330361 1013 580 579
str12_ctwo.png 330461 1014 628 543
str12_ctwo.png 330678 1015 560 549
str12_ctwo.png 330978 1016 590 531
str12_ctwo.png 331496 1017 1381 505
#11
str12_ctwo.png 369909 1053 980 374
str12_ctwo.png 370186 1054 569 419
str12_ctwo.png 370793 1055 545 443
str12_ctwo.png 371168 1056 464 452
str12_ctwo.png 371368 1057 419 465
str12_ctwo.png 371651 1058 570 400
str12_ctwo.png 372452 1059 547 354
str12_ctwo.png 372635 1060 575 371
str12_ctwo.png 373018 1061 567 386
str12_ctwo.png 373252 1062 580 368
str12_ctwo.png 374002 1063 446 400
str12_ctwo.png 374372 1064 418 462
str12_ctwo.png 374555 1065 616 481
#12
str12_ctwo.png 390273 1139 1336 460
str12_ctwo.png 391340 1140 1315 447
str12_ctwo.png 392057 1141 1316 467
str12_ctwo.png 392223 1142 1311 459
str12_ctwo.png 392690 1143 1296 448
str12_ctwo.png 394257 1144 1278 436
#13
str12_ctwo.png 350869 946 522 493
str12_ctwo.png 351486 947 439 539
str12_ctwo.png 352286 948 1365 506
str12_ctwo.png 352686 949 1344 449
str12_ctwo.png 353236 950 1343 523
str12_ctwo.png 353486 951 1404 562
str12_ctwo.png 353719 952 1319 430
str12_ctwo.png 354203 953 580 474
str12_ctwo.png 354286 954 474 468
str12_ctwo.png 354436 955 512 492
str12_ctwo.png 354736 956 425 526
str12_ctwo.png 355152 957 550 558
str12_ctwo.png 355352 958 1322 470
str12_ctwo.png 355503 959 1302 456
#14
str12_ctwo.png 463941 1298 583 461
str12_ctwo.png 464124 1299 503 439
str12_ctwo.png 464391 1300 489 450
str12_ctwo.png 464491 1301 533 412
str12_ctwo.png 465292 1302 1410 419
str12_ctwo.png 465808 1303 1457 459
str12_ctwo.png 466042 1304 1461 452
str12_ctwo.png 466642 1305 1480 489
str12_ctwo.png 467432 1306 512 472
str12_ctwo.png 468232 1307 1461 443
str12_ctwo.png 468382 1308 1366 456
#15
str12_ctwo.png 339314 1124 1100 440
str12_ctwo.png 339648 1125 533 549
str12_ctwo.png 339798 1126 523 439
str12_ctwo.png 339998 1127 494 539
str12_ctwo.png 340198 1128 540 528
str12_ctwo.png 340398 1129 1300 506
str12_ctwo.png 340665 1130 1396 517
str12_ctwo.png 340782 1131 1356 505
str12_ctwo.png 341632 1132 1374 515
str12_ctwo.png 341849 1133 1362 569
str12_ctwo.png 342115 1134 1398 578
str12_ctwo.png 342349 1135 1350 462
str12_ctwo.png 342632 1136 1439 589
str12_ctwo.png 342916 1137 1407 597
str12_ctwo.png 343115 1138 556 554
str12_ctwo.png 343199 1139 527 564
str12_ctwo.png 343416 1140 497 548
str12_ctwo.png 343632 1141 535 541
str12_ctwo.png 344032 1142 1410 507
str12_ctwo.png 344116 1143 1359 498
#16
str12_ctwo.png 356230 979 991 540
str12_ctwo.png 356413 980 511 549
str12_ctwo.png 356797 981 542 513
str12_ctwo.png 356947 982 539 510
str12_ctwo.png 357230 983 552 505
str12_ctwo.png 357463 984 390 557
str12_ctwo.png 357647 985 469 515
str12_ctwo.png 357947 986 1449 559
str12_ctwo.png 358281 987 1425 462
str12_ctwo.png 358531 988 1424 468
str12_ctwo.png 358981 989 1484 558
str12_ctwo.png 359165 990 1438 568
str12_ctwo.png 359265 991 1497 613
str12_ctwo.png 359381 992 1493 589
str12_ctwo.png 359581 993 1431 555
str12_ctwo.png 359698 994 1432 570
str12_ctwo.png 359948 995 1385 429
str12_ctwo.png 360748 996 778 424
str12_ctwo.png 360931 997 423 518
str12_ctwo.png 361030 998 476 494
#17
str12_ctwo.png 404405 1126 905 441
str12_ctwo.png 404572 1127 919 458
str12_ctwo.png 405072 1128 410 493
str12_ctwo.png 405422 1129 1396 481
str12_ctwo.png 405855 1130 1346 494
str12_ctwo.png 406405 1131 1434 502
str12_ctwo.png 406739 1132 1379 479
str12_ctwo.png 407423 1133 1384 494
str12_ctwo.png 407594 1134 1463 591
str12_ctwo.png 407827 1135 1068 564
str12_ctwo.png 408127 1136 565 535
str12_ctwo.png 408577 1137 876 569
str12_ctwo.png 408910 1138 1338 514
#18
str12_ctwo.png 334078 1007 533 543
str12_ctwo.png 334461 1008 561 551
str12_ctwo.png 334711 1009 549 511
str12_ctwo.png 335028 1010 449 574
str12_ctwo.png 335461 1011 540 518
str12_ctwo.png 335961 1012 1321 495
str12_ctwo.png 336144 1013 1400 489
str12_ctwo.png 336727 1014 1409 524
str12_ctwo.png 336844 1015 1442 587
str12_ctwo.png 337428 1016 1354 472
str12_ctwo.png 337745 1017 1392 482
str12_ctwo.png 338395 1018 1451 573
#19
str12_ctwo.png 316274 1113 547 526
str12_ctwo.png 316624 1114 1328 495
str12_ctwo.png 316841 1115 556 544
str12_ctwo.png 316991 1116 581 539
str12_ctwo.png 317074 1117 535 520
str12_ctwo.png 317391 1118 557 506
str12_ctwo.png 318841 1119 1371 466
str12_ctwo.png 319242 1120 1411 589
str12_ctwo.png 319975 1121 597 572
str12_ctwo.png 320175 1122 526 510
str12_ctwo.png 320341 1123 564 500
str12_ctwo.png 320608 1124 466 572
str12_ctwo.png 320924 1125 571 546
#20
str12_ctwo.png 317613 990 518 510
str12_ctwo.png 318080 991 417 572
str12_ctwo.png 318480 992 598 526
str12_ctwo.png 318663 993 539 519
str12_ctwo.png 319563 994 408 590
str12_ctwo.png 319847 995 539 500
str12_ctwo.png 320146 996 1354 516
str12_ctwo.png 320580 997 1426 465
str12_ctwo.png 320930 998 1321 453
str12_ctwo.png 321980 999 1374 499
str12_ctwo.png 322213 1000 1422 610
#21
str12_ctwo.png 329924 1007 911 518
str12_ctwo.png 330374 1008 458 504
str12_ctwo.png 330523 1009 504 500
str12_ctwo.png 331040 1010 461 488
str12_ctwo.png 331257 1011 529 486
str12_ctwo.png 331573 1012 482 580
str12_ctwo.png 332074 1013 1400 489
str12_ctwo.png 332341 1014 1372 430
str12_ctwo.png 332590 1015 1423 549
str12_ctwo.png 332790 1016 1451 581
str12_ctwo.png 333057 1017 1457 574
str12_ctwo.png 333274 1018 1415 583
str12_ctwo.png 333507 1019 1351 441
str12_ctwo.png 333774 1020 1416 454
str12_ctwo.png 334207 1021 1368 446
str12_ctwo.png 334424 1022 1177 473
str12_ctwo.png 334624 1023 1312 454
#22
str12_ctwo.png 308521 949 919 417
str12_ctwo.png 308833 950 487 524
str12_ctwo.png 309033 951 551 494
str12_ctwo.png 309283 952 672 481
str12_ctwo.png 309566 953 535 490
str12_ctwo.png 309999 954 489 517
str12_ctwo.png 310683 955 1395 449
str12_ctwo.png 310900 956 1448 519
str12_ctwo.png 311417 957 1464 538
str12_ctwo.png 311617 958 1411 456
str12_ctwo.png 312000 959 1345 437
str12_ctwo.png 312250 960 1435 496
str12_ctwo.png 312800 961 1420 495
str12_ctwo.png 312983 962 1431 453
str12_ctwo.png 313067 963 1420 457
str12_ctwo.png 313367 964 1363 446
str12_ctwo.png 313450 965 1365 467
str12_ctwo.png 313533 966 1377 501
#23
str12_ctwo.png 394363 1263 511 530
str12_ctwo.png 394658 1264 557 523
str12_ctwo.png 394841 1265 554 490
str12_ctwo.png 395291 1266 1224 514
str12_ctwo.png 395491 1267 1416 491
str12_ctwo.png 395725 1268 1466 561
str12_ctwo.png 395953 1269 1414 461
str12_ctwo.png 396249 1270 1368 469
str12_ctwo.png 396499 1271 1334 432
str12_ctwo.png 396732 1272 1428 502
str12_ctwo.png 397049 1273 1467 590
str12_ctwo.png 397416 1274 1355 557
str12_ctwo.png 397616 1275 556 529
str12_ctwo.png 397916 1276 526 492
str12_ctwo.png 398399 1277 419 472
str12_ctwo.png 398565 1278 455 480
str12_ctwo.png 398698 1279 412 551
#24
str12_ctwo.png 304493 912 845 404
str12_ctwo.png 304760 913 1344 458
str12_ctwo.png 304960 914 1364 439
str12_ctwo.png 305060 915 1422 436
str12_ctwo.png 305293 916 454 465
str12_ctwo.png 305593 917 544 468
str12_ctwo.png 305843 918 840 442
str12_ctwo.png 306243 919 534 452
str12_ctwo.png 307159 920 473 492
str12_ctwo.png 307392 921 419 519
str12_ctwo.png 307709 922 542 503
str12_ctwo.png 308043 923 1395 449
str12_ctwo.png 308143 924 1377 476
str12_ctwo.png 308277 925 1374 441
str12_ctwo.png 308993 926 1407 494
str12_ctwo.png 309243 927 1390 445
#25
str12_ctwo.png 331701 986 1024 563
str12_ctwo.png 331985 987 866 549
str12_ctwo.png 332318 988 988 447
str12_ctwo.png 332485 989 956 507
str12_ctwo.png 332735 990 947 488
str12_ctwo.png 333101 991 958 464
str12_ctwo.png 333318 992 954 475
str12_ctwo.png 333484 993 959 472
str12_ctwo.png 334084 994 993 496
str12_ctwo.png 335218 995 1014 488
str12_ctwo.png 335518 996 960 484
str12_ctwo.png 335818 997 984 483
str12_ctwo.png 335951 998 998 498
str12_ctwo.png 336201 999 956 488
str12_ctwo.png 336517 1000 988 454
str12_ctwo.png 336683 1001 982 475
#26
str12_ctwo.png 377445 1192 494 534
str12_ctwo.png 377611 1193 470 582
str12_ctwo.png 377911 1194 449 640
str12_ctwo.png 378011 1195 459 579
str12_ctwo.png 378261 1196 1391 517
str12_ctwo.png 378544 1197 1442 483
str12_ctwo.png 378695 1198 1368 517
str12_ctwo.png 378878 1199 1387 492
str12_ctwo.png 379095 1200 1435 586
str12_ctwo.png 379345 1201 1334 446
str12_ctwo.png 379795 1202 483 501
str12_ctwo.png 380244 1203 453 608
str12_ctwo.png 380428 1204 532 537
str12_ctwo.png 380644 1205 432 625
str12_ctwo.png 380811 1206 403 665
str12_ctwo.png 381044 1207 423 614
str12_ctwo.png 381161 1208 579 615
str12_ctwo.png 381461 1209 498 578
str12_ctwo.png 381578 1210 556 533
str12_ctwo.png 381894 1211 1409 512
#27
str12_ctwo.png 322208 1007 575 511
str12_ctwo.png 322408 1008 592 507
str12_ctwo.png 322642 1009 574 524
str12_ctwo.png 322759 1010 593 509
str12_ctwo.png 322925 1011 1364 497
str12_ctwo.png 323042 1012 1243 510
str12_ctwo.png 323142 1013 1341 473
str12_ctwo.png 323393 1014 1338 471
str12_ctwo.png 323526 1015 1366 439
str12_ctwo.png 324043 1016 1378 518
str12_ctwo.png 324409 1017 1344 528
str12_ctwo.png 325109 1018 634 505
str12_ctwo.png 325225 1019 572 474
str12_ctwo.png 325525 1020 602 449
str12_ctwo.png 325909 1021 1340 507
str12_ctwo.png 326559 1022 1336 513
#28
str12_ctwo.png 430448 1275 942 435
str12_ctwo.png 430878 1276 489 489
str12_ctwo.png 431411 1277 1343 487
str12_ctwo.png 431761 1278 1406 487
str12_ctwo.png 432311 1279 1402 489
str12_ctwo.png 432581 1280 1450 584
str12_ctwo.png 432831 1281 1455 605
str12_ctwo.png 433131 1282 1372 638
str12_ctwo.png 434148 1283 1424 464
str12_ctwo.png 434264 1284 1411 473
str12_ctwo.png 434381 1285 1345 521
str12_ctwo.png 434648 1286 493 483
str12_ctwo.png 435114 1287 379 545
str12_ctwo.png 435381 1288 395 563
#29
str12_ctwo.png 367807 1093 466 545
str12_ctwo.png 368024 1094 1357 551
str12_ctwo.png 368324 1095 1412 467
str12_ctwo.png 368724 1096 1421 446
str12_ctwo.png 368826 1097 1373 447
str12_ctwo.png 368976 1098 1351 482
str12_ctwo.png 369476 1099 1365 451
str12_ctwo.png 369909 1100 1394 529
str12_ctwo.png 370442 1101 491 560
str12_ctwo.png 370775 1102 512 532
str12_ctwo.png 371125 1103 555 522
str12_ctwo.png 371442 1104 521 583
str12_ctwo.png 371709 1105 416 584
str12_ctwo.png 371909 1106 548 520
#30
str12_ctwo.png 352957 1148 526 549
str12_ctwo.png 353373 1149 571 559
str12_ctwo.png 353623 1150 544 504
str12_ctwo.png 354057 1151 748 506
str12_ctwo.png 354223 1152 499 509
str12_ctwo.png 354340 1153 542 510
str12_ctwo.png 354657 1154 428 590
str12_ctwo.png 354940 1155 582 630
str12_ctwo.png 355157 1156 1378 533
str12_ctwo.png 355374 1157 1412 475
str12_ctwo.png 355940 1158 1437 545
str12_ctwo.png 356091 1159 1443 604
#31
str12_ctwo.png 347091 1121 494 516
str12_ctwo.png 347541 1122 405 443
str12_ctwo.png 347695 1123 442 463
str12_ctwo.png 348563 1124 421 512
str12_ctwo.png 348797 1125 445 523
str12_ctwo.png 349380 1126 1360 499
str12_ctwo.png 349614 1127 474 487
str12_ctwo.png 350364 1128 1390 479
str12_ctwo.png 350531 1129 1356 488
str12_ctwo.png 351098 1130 1357 452
str12_ctwo.png 351365 1131 1392 480
#32
str12_ctwo.png 350498 1175 1345 473
str12_ctwo.png 350822 1176 1384 428
str12_ctwo.png 351225 1177 1383 472
str12_ctwo.png 351676 1178 1372 443
str12_ctwo.png 352162 1179 534 499
str12_ctwo.png 352434 1180 553 480
str12_ctwo.png 352770 1181 512 590
str12_ctwo.png 353005 1182 583 553
str12_ctwo.png 353172 1183 1387 471
str12_ctwo.png 353256 1184 1339 544
str12_ctwo.png 353490 1185 1392 485
str12_ctwo.png 354482 1186 588 502
str12_ctwo.png 354600 1187 608 496
str12_ctwo.png 354854 1188 1381 508
#33
str12_ctwo.png 426532 1086 1003 464
str12_ctwo.png 426866 1087 1423 392
str12_ctwo.png 427316 1088 1331 349
str12_ctwo.png 427499 1089 1364 375
str12_ctwo.png 427934 1090 413 448
str12_ctwo.png 428386 1091 530 447
str12_ctwo.png 428607 1092 382 518
str12_ctwo.png 429041 1093 363 532
str12_ctwo.png 429174 1094 552 515
str12_ctwo.png 429557 1095 1378 424
str12_ctwo.png 430191 1096 1439 499
str12_ctwo.png 430624 1097 1400 361
str12_ctwo.png 431057 1098 1368 345
#34
str12_ctwo.png 336687 959 1025 490
str12_ctwo.png 336948 960 505 566
str12_ctwo.png 337069 961 513 542
str12_ctwo.png 337252 962 552 517
str12_ctwo.png 337452 963 1351 472
str12_ctwo.png 337936 964 1382 505
str12_ctwo.png 338353 965 1308 528
str12_ctwo.png 338486 966 1341 546
str12_ctwo.png 338803 967 1155 546
str12_ctwo.png 339716 969 1044 472
str12_ctwo.png 339869 970 1371 450
str12_ctwo.png 340919 971 564 589
str12_ctwo.png 341052 972 580 595
str12_ctwo.png 341169 973 551 581
str12_ctwo.png 341569 974 1376 522
#35
str12_ctwo.png 341069 1117 478 503
str12_ctwo.png 341186 1118 516 515
str12_ctwo.png 341452 1119 537 511
str12_ctwo.png 341719 1120 551 568
str12_ctwo.png 342085 1121 382 554
str12_ctwo.png 342352 1122 519 500
str12_ctwo.png 343002 1123 1345 490
str12_ctwo.png 343252 1124 1424 466
str12_ctwo.png 343403 1125 1381 469
str12_ctwo.png 343686 1126 384 514
str12_ctwo.png 343835 1127 374 568
str12_ctwo.png 344202 1128 514 518
str12_ctwo.png 344619 1129 534 508
str12_ctwo.png 345427 1130 573 508
str12_ctwo.png 345516 1131 553 512
#36
str12_ctwo.png 368800 1129 458 443
str12_ctwo.png 368917 1130 462 462
str12_ctwo.png 369567 1131 1343 486
str12_ctwo.png 370200 1132 1479 487
str12_ctwo.png 370500 1133 605 497
str12_ctwo.png 370633 1134 583 488
str12_ctwo.png 370934 1135 622 460
str12_ctwo.png 371266 1136 616 454
str12_ctwo.png 371464 1137 623 453
str12_ctwo.png 372151 1138 613 496
str12_ctwo.png 372532 1139 629 462
str12_ctwo.png 372822 1140 630 444
str12_ctwo.png 373094 1141 626 443
#37
str12_ctwo.png 336673 1075 1335 418
str12_ctwo.png 336873 1076 1335 429
str12_ctwo.png 337223 1077 1062 505
str12_ctwo.png 337606 1078 467 513
str12_ctwo.png 337974 1079 1341 512
str12_ctwo.png 338257 1080 1342 525
str12_ctwo.png 339470 1081 947 451
str12_ctwo.png 339620 1082 951 434
str12_ctwo.png 339853 1083 952 454
str12_ctwo.png 339970 1084 947 476
str12_ctwo.png 340386 1085 1252 543
str12_ctwo.png 340820 1086 1330 492
str12_ctwo.png 340920 1087 1336 509
#38
str12_ctwo.png 337895 930 1401 509
str12_ctwo.png 338178 931 617 526
str12_ctwo.png 338511 932 578 483
str12_ctwo.png 338828 933 572 485
str12_ctwo.png 339195 934 574 500
str12_ctwo.png 339545 935 570 487
str12_ctwo.png 339894 936 1378 498
str12_ctwo.png 340161 937 1421 495
str12_ctwo.png 340561 938 1456 510
str12_ctwo.png 341344 939 554 444
str12_ctwo.png 341478 940 585 564
str12_ctwo.png 341761 941 1386 548
str12_ctwo.png 342095 942 1405 478
#39
str12_ctwo.png 312867 795 772 421
str12_ctwo.png 313034 796 495 462
str12_ctwo.png 313234 797 579 440
str12_ctwo.png 313417 798 1507 430
str12_ctwo.png 313601 799 1385 382
str12_ctwo.png 313734 800 1339 374
str12_ctwo.png 314267 801 368 423
str12_ctwo.png 314483 802 552 427
str12_ctwo.png 314733 803 551 427
str12_ctwo.png 315389 804 1543 417
str12_ctwo.png 315507 805 1408 387
str12_ctwo.png 315641 806 1369 385
str12_ctwo.png 315775 807 1369 392
str12_ctwo.png 316025 808 1363 438
str12_ctwo.png 316292 809 423 475
str12_ctwo.png 316474 810 545 443
str12_ctwo.png 317224 811 538 444
#40
str12_ctwo.png 343938 1013 1032 416
str12_ctwo.png 344155 1014 576 487
str12_ctwo.png 344521 1015 1452 467
str12_ctwo.png 344624 1016 1359 445
str12_ctwo.png 344791 1017 1384 410
str12_ctwo.png 346124 1018 490 467
str12_ctwo.png 346291 1019 559 471
str12_ctwo.png 346524 1020 583 478
str12_ctwo.png 347225 1021 1330 435
str12_ctwo.png 347491 1022 1376 412
str12_ctwo.png 348108 1023 572 415
str12_ctwo.png 348308 1024 575 478
#41
str12_ctwo.png 314301 846 312 559
str12_ctwo.png 314434 847 470 549
str12_ctwo.png 314967 848 1442 549
str12_ctwo.png 315101 849 1402 520
str12_ctwo.png 315868 850 1164 540
str12_ctwo.png 316051 851 1372 512
str12_ctwo.png 316251 852 1437 495
str12_ctwo.png 316634 853 1505 587
str12_ctwo.png 317034 854 294 560
str12_ctwo.png 317218 855 452 533
str12_ctwo.png 317384 856 347 589
str12_ctwo.png 317834 857 493 527
str12_ctwo.png 318684 858 806 497
#42
str12_ctwo.png 343230 1090 979 495
str12_ctwo.png 343513 1091 516 475
str12_ctwo.png 343746 1092 540 432
str12_ctwo.png 344063 1093 1366 425
str12_ctwo.png 344314 1094 1396 404
str12_ctwo.png 344647 1095 1411 473
str12_ctwo.png 344980 1096 1393 422
str12_ctwo.png 345380 1097 1444 548
str12_ctwo.png 345713 1098 470 453
str12_ctwo.png 345846 1099 544 442
str12_ctwo.png 346280 1100 429 509
str12_ctwo.png 346730 1101 1373 419
str12_ctwo.png 346847 1102 1346 434
str12_ctwo.png 347063 1103 1381 423
#43
