str2_ctwo.png 276877 943 992 582
str2_ctwo.png 277077 944 448 555
str2_ctwo.png 277260 945 492 395
str2_ctwo.png 277410 946 553 392
str2_ctwo.png 277677 947 1494 570
str2_ctwo.png 277828 948 1385 570
str2_ctwo.png 278011 949 1514 587
str2_ctwo.png 278394 950 1484 581
str2_ctwo.png 278677 951 477 470
str2_ctwo.png 278794 952 488 406
str2_ctwo.png 279078 953 1478 573
str2_ctwo.png 279494 954 605 502
str2_ctwo.png 279661 955 522 416
str2_ctwo.png 280080 956 442 450
str2_ctwo.png 280269 957 492 434
str2_ctwo.png 280519 958 1334 527
str2_ctwo.png 280986 959 1238 538
str2_ctwo.png 281186 960 765 559
str2_ctwo.png 281720 961 428 510
#1
str2_ctwo.png 329897 1124 897 416
str2_ctwo.png 330239 1125 451 310
str2_ctwo.png 330322 1126 530 320
str2_ctwo.png 330572 1127 532 342
str2_ctwo.png 330689 1128 422 549
str2_ctwo.png 330939 1129 408 617
str2_ctwo.png 331205 1130 579 367
str2_ctwo.png 331422 1131 1474 490
str2_ctwo.png 331673 1132 1445 562
str2_ctwo.png 331939 1133 1269 552
str2_ctwo.png 332339 1134 524 328
str2_ctwo.png 332522 1135 546 319
str2_ctwo.png 333223 1136 1306 488
str2_ctwo.png 333323 1137 1248 517
str2_ctwo.png 333589 1138 471 290
str2_ctwo.png 333972 1139 540 320
str2_ctwo.png 334206 1140 857 531
str2_ctwo.png 334572 1141 891 572
#2
str2_ctwo.png 262302 760 945 458
str2_ctwo.png 262552 761 491 399
str2_ctwo.png 262801 762 531 264
str2_ctwo.png 263451 763 524 275
str2_ctwo.png 265035 764 1373 433
str2_ctwo.png 265235 765 1375 451
str2_ctwo.png 265618 766 501 504
str2_ctwo.png 265868 767 552 237
str2_ctwo.png 265968 768 549 259
str2_ctwo.png 266485 769 1391 418
str2_ctwo.png 267185 770 1382 426
#3
str2_ctwo.png 308206 983 970 384
str2_ctwo.png 308507 984 487 304
str2_ctwo.png 308792 985 1614 490
str2_ctwo.png 308926 986 1515 503
str2_ctwo.png 309094 987 1441 470
str2_ctwo.png 309428 988 520 352
str2_ctwo.png 309544 989 556 361
str2_ctwo.png 309861 990 1473 471
str2_ctwo.png 310044 991 1666 470
str2_ctwo.png 310278 992 1673 464
str2_ctwo.png 310448 993 1706 464
str2_ctwo.png 310882 994 567 317
str2_ctwo.png 311132 995 593 272
str2_ctwo.png 311332 996 632 247
str2_ctwo.png 311415 997 628 257
str2_ctwo.png 311965 998 443 542
str2_ctwo.png 312299 999 425 583
str2_ctwo.png 312633 1000 1404 509
str2_ctwo.png 312766 1001 1534 532
str2_ctwo.png 313066 1002 1652 516
#4
str2_ctwo.png 301810 770 1004 525
str2_ctwo.png 302046 771 1432 536
str2_ctwo.png 302347 772 530 470
str2_ctwo.png 302596 773 565 343
str2_ctwo.png 302996 774 601 305
str2_ctwo.png 303280 775 469 662
str2_ctwo.png 303980 776 1562 556
str2_ctwo.png 304547 777 464 550
str2_ctwo.png 304730 778 433 667
str2_ctwo.png 305180 779 1484 509
str2_ctwo.png 305600 780 1585 485
str2_ctwo.png 305983 781 1289 528
str2_ctwo.png 306300 782 574 346
str2_ctwo.png 306501 783 522 448
#5
str2_ctwo.png 299833 773 900 442
str2_ctwo.png 300016 774 882 441
str2_ctwo.png 300515 775 680 188
str2_ctwo.png 301099 776 518 450
str2_ctwo.png 302765 777 686 176
str2_ctwo.png 302965 778 678 173
str2_ctwo.png 303132 779 1458 393
str2_ctwo.png 303266 780 1257 431
str2_ctwo.png 303433 781 1516 462
str2_ctwo.png 303949 782 1340 515
str2_ctwo.png 304083 783 1558 517
str2_ctwo.png 304516 784 1343 492
str2_ctwo.png 304816 785 1284 491
#6
str2_ctwo.png 328498 833 1444 486
str2_ctwo.png 328732 834 527 384
str2_ctwo.png 328848 835 465 350
str2_ctwo.png 329748 836 449 362
str2_ctwo.png 330032 837 437 366
str2_ctwo.png 330265 838 437 372
str2_ctwo.png 330682 839 433 349
str2_ctwo.png 331082 840 453 371
str2_ctwo.png 331499 841 465 358
str2_ctwo.png 331701 842 456 368
str2_ctwo.png 331901 843 456 276
str2_ctwo.png 332001 844 481 321
str2_ctwo.png 332100 845 467 295
str2_ctwo.png 332217 846 521 301
str2_ctwo.png 332450 847 505 284
str2_ctwo.png 332934 848 465 258
#7
str2_ctwo.png 248978 593 544 378
str2_ctwo.png 249244 594 1400 479
str2_ctwo.png 249728 595 427 407
str2_ctwo.png 250011 596 1420 500
str2_ctwo.png 250178 597 1279 503
str2_ctwo.png 250562 598 564 388
str2_ctwo.png 250779 599 1406 465
str2_ctwo.png 251045 600 1285 502
str2_ctwo.png 251378 601 619 408
str2_ctwo.png 251578 602 1353 476
str2_ctwo.png 251895 603 1278 491
str2_ctwo.png 252312 604 490 345
str2_ctwo.png 252695 605 545 273
str2_ctwo.png 253012 606 1064 666
str2_ctwo.png 253462 607 928 456
#8
str2_ctwo.png 299447 921 568 455
str2_ctwo.png 299847 922 462 289
str2_ctwo.png 300214 923 1381 510
str2_ctwo.png 300581 924 1501 452
str2_ctwo.png 301824 925 808 478
str2_ctwo.png 302174 926 909 481
str2_ctwo.png 302859 927 939 477
str2_ctwo.png 303864 928 886 486
#9
str2_ctwo.png 282345 666 1364 518
str2_ctwo.png 282645 667 1525 495
str2_ctwo.png 283212 668 506 430
str2_ctwo.png 283494 669 515 436
str2_ctwo.png 286211 670 518 421
#10
str2_ctwo.png 264533 824 991 502
str2_ctwo.png 264705 825 1437 539
str2_ctwo.png 264960 826 1522 520
str2_ctwo.png 265577 827 1379 520
str2_ctwo.png 265926 828 569 375
str2_ctwo.png 266870 829 1099 496
str2_ctwo.png 267260 830 1090 510
str2_ctwo.png 268412 831 1029 511
str2_ctwo.png 269250 832 1032 516
#11
str2_ctwo.png 301134 833 1028 447
str2_ctwo.png 301434 834 640 332
str2_ctwo.png 301601 835 547 233
str2_ctwo.png 302118 836 1554 401
str2_ctwo.png 302268 837 1457 418
str2_ctwo.png 302552 838 1569 487
str2_ctwo.png 303002 839 1654 481
str2_ctwo.png 303285 840 850 544
str2_ctwo.png 303668 841 845 545
str2_ctwo.png 304284 842 538 336
str2_ctwo.png 304401 843 522 237
str2_ctwo.png 304901 844 1611 312
str2_ctwo.png 305052 845 1518 333
str2_ctwo.png 305135 846 1533 384
str2_ctwo.png 305952 847 433 406
#12
str2_ctwo.png 309942 965 1056 387
str2_ctwo.png 310275 966 552 362
str2_ctwo.png 310441 967 546 290
str2_ctwo.png 310708 968 503 328
str2_ctwo.png 311142 969 562 275
str2_ctwo.png 311508 970 1495 470
str2_ctwo.png 311626 971 1414 475
str2_ctwo.png 312176 972 466 335
str2_ctwo.png 312443 973 1363 444
str2_ctwo.png 312577 974 1297 430
str2_ctwo.png 313293 975 491 358
str2_ctwo.png 313376 976 551 379
str2_ctwo.png 314777 977 1417 495
str2_ctwo.png 314877 978 1365 495
#13
str2_ctwo.png 291951 823 768 404
str2_ctwo.png 292287 824 538 347
str2_ctwo.png 293488 825 1419 494
str2_ctwo.png 294656 826 593 374
str2_ctwo.png 294788 827 544 383
str2_ctwo.png 295705 829 806 464
str2_ctwo.png 295890 830 1417 501
str2_ctwo.png 296524 831 442 339
str2_ctwo.png 296624 832 485 381
str2_ctwo.png 296907 833 1372 467
str2_ctwo.png 296984 834 1440 473
#14
str2_ctwo.png 369851 1064 1029 458
str2_ctwo.png 370084 1065 575 328
str2_ctwo.png 370250 1066 559 259
str2_ctwo.png 370567 1067 564 246
str2_ctwo.png 371118 1068 1472 409
str2_ctwo.png 371534 1069 1546 460
str2_ctwo.png 371668 1070 1559 449
str2_ctwo.png 372018 1071 1458 448
str2_ctwo.png 373474 1072 512 345
str2_ctwo.png 373704 1073 1491 441
str2_ctwo.png 373893 1074 1414 439
str2_ctwo.png 374126 1075 488 440
str2_ctwo.png 374326 1076 556 412
str2_ctwo.png 374526 1077 589 259
#15
str2_ctwo.png 276479 940 549 479
str2_ctwo.png 276846 941 546 388
str2_ctwo.png 277564 942 1317 573
str2_ctwo.png 278416 943 462 411
str2_ctwo.png 278720 944 482 418
str2_ctwo.png 279021 945 546 456
str2_ctwo.png 279738 946 504 434
str2_ctwo.png 280921 947 545 435
#16
str2_ctwo.png 299713 823 805 405
str2_ctwo.png 300031 824 478 335
str2_ctwo.png 300296 825 558 340
str2_ctwo.png 300631 826 1446 451
str2_ctwo.png 300947 827 1458 462
str2_ctwo.png 301164 828 1449 452
str2_ctwo.png 301331 829 1464 438
str2_ctwo.png 301497 830 1466 446
str2_ctwo.png 301664 831 560 325
str2_ctwo.png 301864 832 501 300
str2_ctwo.png 302313 833 448 607
str2_ctwo.png 302830 834 932 399
str2_ctwo.png 302950 835 1075 371
str2_ctwo.png 303533 836 1060 400
str2_ctwo.png 304083 837 1063 389
str2_ctwo.png 304267 838 1057 384
#17
str2_ctwo.png 338077 940 964 435
str2_ctwo.png 338277 941 951 399
str2_ctwo.png 338694 942 516 283
str2_ctwo.png 339011 943 589 268
str2_ctwo.png 339794 944 524 213
str2_ctwo.png 340011 945 541 208
str2_ctwo.png 340294 946 603 220
str2_ctwo.png 340610 947 514 191
str2_ctwo.png 341044 948 578 213
str2_ctwo.png 341461 949 597 211
str2_ctwo.png 342060 950 532 182
#18
str2_ctwo.png 271442 858 555 354
str2_ctwo.png 271775 859 542 332
str2_ctwo.png 272475 860 1407 495
str2_ctwo.png 272758 861 1558 518
str2_ctwo.png 273192 862 589 425
str2_ctwo.png 273392 863 550 328
str2_ctwo.png 273575 864 419 563
str2_ctwo.png 273908 865 458 611
str2_ctwo.png 274075 866 430 684
str2_ctwo.png 274425 867 535 345
str2_ctwo.png 275008 868 1168 485
str2_ctwo.png 275442 869 900 459
str2_ctwo.png 275875 870 567 400
#19
str2_ctwo.png 252076 909 591 367
str2_ctwo.png 252192 910 616 385
str2_ctwo.png 252526 911 1424 524
str2_ctwo.png 252643 912 1405 544
str2_ctwo.png 252826 913 539 375
str2_ctwo.png 253042 914 457 633
str2_ctwo.png 253326 915 584 288
str2_ctwo.png 253593 916 622 308
str2_ctwo.png 253826 917 457 655
str2_ctwo.png 254176 918 380 705
str2_ctwo.png 254476 919 544 286
str2_ctwo.png 255059 920 1306 517
str2_ctwo.png 255309 921 1491 590
str2_ctwo.png 255393 922 1452 607
str2_ctwo.png 255493 923 1652 566
str2_ctwo.png 255743 924 568 357
str2_ctwo.png 255926 925 566 326
str2_ctwo.png 256360 926 477 661
str2_ctwo.png 256776 927 575 349
#20
str2_ctwo.png 258748 819 562 351
str2_ctwo.png 259098 820 457 611
str2_ctwo.png 259615 821 1364 545
str2_ctwo.png 259965 822 1543 534
str2_ctwo.png 260099 823 1514 527
str2_ctwo.png 260432 824 1385 550
str2_ctwo.png 260982 825 491 358
str2_ctwo.png 261082 826 515 371
str2_ctwo.png 261282 827 398 667
str2_ctwo.png 261632 828 522 346
str2_ctwo.png 261982 829 1459 548
str2_ctwo.png 262348 830 1608 463
str2_ctwo.png 262549 831 468 382
str2_ctwo.png 262782 832 367 631
str2_ctwo.png 262898 833 399 635
str2_ctwo.png 263282 834 437 632
#21
str2_ctwo.png 271206 834 541 347
str2_ctwo.png 271340 835 507 304
str2_ctwo.png 271673 836 527 302
str2_ctwo.png 271890 837 399 486
str2_ctwo.png 272107 838 396 545
str2_ctwo.png 272724 839 1477 477
str2_ctwo.png 273024 840 1391 485
str2_ctwo.png 273957 841 869 414
str2_ctwo.png 274357 842 602 464
str2_ctwo.png 274573 843 913 474
str2_ctwo.png 274923 844 917 478
str2_ctwo.png 275273 845 743 423
#22
str2_ctwo.png 250075 765 585 383
str2_ctwo.png 250474 766 540 419
str2_ctwo.png 250724 767 576 381
str2_ctwo.png 250941 768 1455 537
str2_ctwo.png 251058 769 1439 499
str2_ctwo.png 251458 770 1658 519
str2_ctwo.png 251808 771 1496 428
str2_ctwo.png 252042 772 651 372
str2_ctwo.png 252142 773 569 361
str2_ctwo.png 252325 774 439 530
str2_ctwo.png 252659 775 408 632
str2_ctwo.png 252859 776 404 611
str2_ctwo.png 253192 777 513 437
str2_ctwo.png 253409 778 573 353
str2_ctwo.png 253625 779 593 330
str2_ctwo.png 254325 780 531 333
str2_ctwo.png 254425 781 463 419
#23
str2_ctwo.png 318312 1029 538 392
str2_ctwo.png 318512 1030 474 404
str2_ctwo.png 318678 1031 530 313
str2_ctwo.png 318878 1032 385 529
str2_ctwo.png 319278 1033 1480 518
str2_ctwo.png 319395 1034 1397 515
str2_ctwo.png 319529 1035 1552 523
str2_ctwo.png 319762 1036 1456 577
str2_ctwo.png 320045 1037 1615 538
str2_ctwo.png 320229 1038 1666 502
str2_ctwo.png 320495 1039 610 349
str2_ctwo.png 320645 1040 534 320
str2_ctwo.png 321695 1041 425 469
str2_ctwo.png 321878 1042 417 642
str2_ctwo.png 322428 1043 474 563
str2_ctwo.png 322561 1044 571 338
str2_ctwo.png 322828 1045 594 304
#24
str2_ctwo.png 247731 748 968 451
str2_ctwo.png 248065 749 471 372
str2_ctwo.png 248233 750 567 299
str2_ctwo.png 248683 751 633 267
str2_ctwo.png 248883 752 1568 496
str2_ctwo.png 249034 753 1522 480
str2_ctwo.png 249522 754 1394 523
str2_ctwo.png 249695 755 1527 479
str2_ctwo.png 250062 756 1432 473
str2_ctwo.png 250279 757 417 525
str2_ctwo.png 250445 758 444 478
str2_ctwo.png 250645 759 547 305
str2_ctwo.png 251195 760 597 283
str2_ctwo.png 251362 761 451 556
str2_ctwo.png 251945 762 552 337
str2_ctwo.png 252561 763 596 402
str2_ctwo.png 252746 764 600 385
#25
str2_ctwo.png 275453 795 1037 483
str2_ctwo.png 275529 796 1016 462
str2_ctwo.png 275812 797 1048 408
str2_ctwo.png 276129 798 996 449
str2_ctwo.png 276229 799 967 436
str2_ctwo.png 277062 800 983 409
str2_ctwo.png 277429 801 971 439
str2_ctwo.png 277578 802 995 450
str2_ctwo.png 278662 803 992 468
str2_ctwo.png 279045 804 978 441
str2_ctwo.png 279161 805 965 460
str2_ctwo.png 279445 806 869 470
str2_ctwo.png 279645 807 972 445
str2_ctwo.png 279728 808 988 448
str2_ctwo.png 279962 809 997 397
str2_ctwo.png 280328 810 1003 434
str2_ctwo.png 280428 811 974 490
#26
str2_ctwo.png 310829 987 1467 508
str2_ctwo.png 310929 988 1376 535
str2_ctwo.png 311363 989 1277 543
str2_ctwo.png 311613 990 525 317
str2_ctwo.png 311862 991 467 347
str2_ctwo.png 312646 992 1408 512
str2_ctwo.png 312931 993 1308 548
str2_ctwo.png 313231 994 1430 557
str2_ctwo.png 313681 995 587 409
str2_ctwo.png 313815 996 496 329
str2_ctwo.png 314132 997 498 420
str2_ctwo.png 314648 998 695 464
str2_ctwo.png 314898 999 688 475
#27
str2_ctwo.png 261099 838 578 392
str2_ctwo.png 261316 839 577 306
str2_ctwo.png 261566 840 627 268
str2_ctwo.png 261916 841 1386 483
str2_ctwo.png 262166 842 1387 506
str2_ctwo.png 262550 843 1387 512
str2_ctwo.png 262800 844 1265 538
str2_ctwo.png 263133 845 900 501
str2_ctwo.png 263266 846 888 502
str2_ctwo.png 263483 847 873 501
str2_ctwo.png 263633 848 879 506
str2_ctwo.png 263716 849 841 444
str2_ctwo.png 264201 850 875 424
str2_ctwo.png 264717 851 880 426
str2_ctwo.png 265051 852 871 425
str2_ctwo.png 265218 853 851 417
str2_ctwo.png 265635 854 862 415
#28
str2_ctwo.png 352044 1056 981 437
str2_ctwo.png 352177 1057 507 348
str2_ctwo.png 352560 1058 503 320
str2_ctwo.png 352810 1059 536 314
str2_ctwo.png 353143 1060 1467 496
str2_ctwo.png 353710 1061 1595 521
str2_ctwo.png 353877 1062 1682 525
str2_ctwo.png 354410 1063 1629 481
str2_ctwo.png 355030 1064 502 399
str2_ctwo.png 355313 1065 501 327
str2_ctwo.png 355613 1066 533 316
str2_ctwo.png 355880 1067 406 581
str2_ctwo.png 356463 1068 500 367
#29
str2_ctwo.png 308737 902 989 431
str2_ctwo.png 309003 903 515 389
str2_ctwo.png 309153 904 549 362
str2_ctwo.png 309403 905 1506 447
str2_ctwo.png 309504 906 1452 455
str2_ctwo.png 309887 907 1327 520
str2_ctwo.png 310321 908 1549 507
str2_ctwo.png 310754 909 1303 533
str2_ctwo.png 310971 910 1581 544
str2_ctwo.png 311254 911 1646 554
str2_ctwo.png 311537 912 1313 570
str2_ctwo.png 312004 913 1433 441
str2_ctwo.png 312271 914 1678 473
str2_ctwo.png 312604 915 449 416
str2_ctwo.png 312703 916 515 450
str2_ctwo.png 312904 917 417 624
str2_ctwo.png 313170 918 520 513
str2_ctwo.png 313337 919 571 334
#30
str2_ctwo.png 289860 978 529 490
str2_ctwo.png 290060 979 537 339
str2_ctwo.png 290377 980 564 333
str2_ctwo.png 291027 981 1429 505
str2_ctwo.png 291110 982 1375 513
str2_ctwo.png 291277 983 1525 542
str2_ctwo.png 291761 984 1282 529
str2_ctwo.png 291995 985 446 576
str2_ctwo.png 292244 986 535 355
str2_ctwo.png 292495 987 596 337
str2_ctwo.png 292961 988 513 483
str2_ctwo.png 293228 989 1456 564
str2_ctwo.png 293762 990 1461 570
str2_ctwo.png 294398 991 1342 607
#31
str2_ctwo.png 280928 929 492 381
str2_ctwo.png 281932 930 562 280
str2_ctwo.png 282185 931 530 310
str2_ctwo.png 282518 932 1500 428
str2_ctwo.png 282652 933 1456 448
str2_ctwo.png 282802 934 1404 494
str2_ctwo.png 283586 935 1527 468
str2_ctwo.png 283952 936 492 417
str2_ctwo.png 284268 937 467 445
str2_ctwo.png 284419 938 412 657
str2_ctwo.png 285019 939 399 609
str2_ctwo.png 285169 940 526 330
str2_ctwo.png 285436 941 595 296
#32
str2_ctwo.png 290919 983 546 409
str2_ctwo.png 291085 984 585 289
str2_ctwo.png 291769 985 1421 423
str2_ctwo.png 291936 986 1517 433
str2_ctwo.png 292236 987 1403 504
str2_ctwo.png 292569 988 1478 468
str2_ctwo.png 292803 989 1371 461
str2_ctwo.png 293103 990 1461 474
str2_ctwo.png 293654 991 548 368
str2_ctwo.png 293905 992 465 574
str2_ctwo.png 294155 993 445 630
str2_ctwo.png 294738 994 571 321
str2_ctwo.png 295021 995 604 291
str2_ctwo.png 295388 996 644 299
#33
str2_ctwo.png 351559 891 946 456
str2_ctwo.png 351826 892 485 336
str2_ctwo.png 352059 893 513 264
str2_ctwo.png 352343 894 495 239
str2_ctwo.png 352509 895 478 224
str2_ctwo.png 352676 896 497 199
str2_ctwo.png 352776 897 481 220
str2_ctwo.png 353193 898 491 244
str2_ctwo.png 353592 899 395 547
str2_ctwo.png 353759 900 392 550
str2_ctwo.png 353942 901 342 587
str2_ctwo.png 354176 902 501 281
str2_ctwo.png 354526 903 1420 383
str2_ctwo.png 354676 904 1406 488
str2_ctwo.png 355026 905 1476 534
str2_ctwo.png 355342 906 1665 505
str2_ctwo.png 355626 907 1449 544
str2_ctwo.png 356059 908 529 330
str2_ctwo.png 356292 909 355 528
str2_ctwo.png 356408 910 396 494
#34
str2_ctwo.png 274534 808 992 547
str2_ctwo.png 275051 809 613 475
str2_ctwo.png 275284 810 529 465
str2_ctwo.png 275684 811 558 400
str2_ctwo.png 276017 812 1461 516
str2_ctwo.png 276101 813 1434 533
str2_ctwo.png 276751 814 1336 557
str2_ctwo.png 276884 815 1284 561
str2_ctwo.png 277884 816 1332 565
str2_ctwo.png 278084 817 1279 546
#35
str2_ctwo.png 274153 931 920 450
str2_ctwo.png 274420 932 550 334
str2_ctwo.png 274753 933 1329 495
str2_ctwo.png 275237 934 1475 488
str2_ctwo.png 275554 935 1321 505
str2_ctwo.png 275754 936 445 324
str2_ctwo.png 275903 937 496 351
str2_ctwo.png 276037 938 411 523
str2_ctwo.png 276320 939 412 619
str2_ctwo.png 276787 940 381 626
str2_ctwo.png 277153 941 423 663
str2_ctwo.png 277304 942 568 316
str2_ctwo.png 277620 943 1290 478
str2_ctwo.png 277953 944 1434 504
str2_ctwo.png 278104 945 1386 510
str2_ctwo.png 278604 946 1271 507
str2_ctwo.png 279054 947 1268 487
#36
str2_ctwo.png 293531 918 996 473
str2_ctwo.png 294131 919 558 329
str2_ctwo.png 294381 920 562 346
str2_ctwo.png 294631 921 1368 445
str2_ctwo.png 294714 922 1394 448
str2_ctwo.png 295081 923 1406 501
str2_ctwo.png 295614 924 1409 498
str2_ctwo.png 295914 925 511 397
str2_ctwo.png 296464 926 1200 423
str2_ctwo.png 296764 927 1361 463
str2_ctwo.png 297181 928 520 372
str2_ctwo.png 297448 929 506 400
str2_ctwo.png 297715 930 550 317
str2_ctwo.png 298082 931 1392 470
str2_ctwo.png 298249 932 1428 457
#37
str2_ctwo.png 272627 902 936 468
str2_ctwo.png 272943 903 1364 502
str2_ctwo.png 273193 904 1468 468
str2_ctwo.png 273959 905 532 353
str2_ctwo.png 274293 906 1489 479
str2_ctwo.png 274410 907 1409 451
str2_ctwo.png 274693 908 1401 474
str2_ctwo.png 275043 909 1499 467
str2_ctwo.png 275260 910 404 372
str2_ctwo.png 275376 911 472 385
str2_ctwo.png 275710 912 1512 491
str2_ctwo.png 275794 913 1505 514
str2_ctwo.png 275911 914 1505 488
str2_ctwo.png 276427 915 526 366
str2_ctwo.png 276778 916 1490 494
str2_ctwo.png 277110 917 571 347
str2_ctwo.png 277528 918 1449 534
#38
str2_ctwo.png 273023 797 669 364
str2_ctwo.png 273223 798 679 353
str2_ctwo.png 274521 799 456 627
str2_ctwo.png 274671 800 1532 541
str2_ctwo.png 274938 801 1518 538
str2_ctwo.png 275321 802 1314 558
str2_ctwo.png 275688 803 1561 499
str2_ctwo.png 276988 804 1552 503
#39
str2_ctwo.png 257688 664 578 226
str2_ctwo.png 257955 665 1571 444
str2_ctwo.png 258239 666 1343 443
str2_ctwo.png 258522 667 1567 382
str2_ctwo.png 258738 668 1516 396
str2_ctwo.png 259389 669 407 295
str2_ctwo.png 259638 670 431 487
str2_ctwo.png 261352 671 962 466
str2_ctwo.png 262052 672 397 498
str2_ctwo.png 262268 673 406 512
#40
str2_ctwo.png 279848 850 942 402
str2_ctwo.png 280693 851 1347 430
str2_ctwo.png 281093 852 1414 450
str2_ctwo.png 281693 853 1463 448
str2_ctwo.png 282226 854 517 324
str2_ctwo.png 282361 855 581 337
str2_ctwo.png 283295 856 1006 391
str2_ctwo.png 283562 857 1454 501
str2_ctwo.png 283662 858 1412 490
#41
str2_ctwo.png 258061 718 432 453
str2_ctwo.png 258411 719 442 394
str2_ctwo.png 258711 720 467 366
str2_ctwo.png 258978 721 316 574
str2_ctwo.png 259394 722 454 361
str2_ctwo.png 259628 723 502 338
str2_ctwo.png 259944 724 1580 458
str2_ctwo.png 260062 725 1397 489
str2_ctwo.png 260528 726 1566 514
str2_ctwo.png 261228 727 1421 574
str2_ctwo.png 261511 728 1305 554
str2_ctwo.png 262061 729 263 470
str2_ctwo.png 262194 730 427 452
str2_ctwo.png 262361 731 464 365
#42
str2_ctwo.png 282098 894 968 378
str2_ctwo.png 282381 895 544 290
str2_ctwo.png 282681 896 561 240
str2_ctwo.png 283064 897 1473 437
str2_ctwo.png 283298 898 1331 459
str2_ctwo.png 283648 899 1396 437
str2_ctwo.png 284098 900 596 296
str2_ctwo.png 284198 901 563 261
str2_ctwo.png 284581 902 1242 428
str2_ctwo.png 284798 903 1308 452
str2_ctwo.png 284915 904 1278 472
str2_ctwo.png 285048 905 1510 420
str2_ctwo.png 285332 906 1438 452
str2_ctwo.png 285715 907 1476 545
str2_ctwo.png 285915 908 1500 544
str2_ctwo.png 286132 909 1642 502
str2_ctwo.png 286348 910 1341 474
str2_ctwo.png 286715 911 538 349
str2_ctwo.png 287064 912 416 573
#43
