str2_mask.png 55262 159 1002 567
str2_mask.png 55579 160 708 327
str2_mask.png 55712 161 654 249
str2_mask.png 55929 162 979 168
str2_mask.png 56046 163 993 149
str2_mask.png 56212 164 983 167
str2_mask.png 56762 165 637 218
str2_mask.png 56996 166 425 396
str2_mask.png 57079 167 421 412
str2_mask.png 57412 168 343 598
str2_mask.png 57812 169 470 796
str2_mask.png 58012 170 429 744
str2_mask.png 58129 171 668 869
str2_mask.png 58462 172 700 878
str2_mask.png 58846 173 1008 960
str2_mask.png 58996 174 1021 918
str2_mask.png 59162 175 1313 851
str2_mask.png 59296 176 1210 881
str2_mask.png 59446 177 1271 768
str2_mask.png 59579 178 1422 687
str2_mask.png 59779 179 1477 512
str2_mask.png 60046 180 1493 483
str2_mask.png 60229 181 1374 340
str2_mask.png 60496 182 1166 253
str2_mask.png 60779 183 1156 231
str2_mask.png 60979 184 925 208
str2_mask.png 62179 185 1014 242
str2_mask.png 62379 186 1117 224
str2_mask.png 62563 187 1170 207
str2_mask.png 62963 188 1145 251
str2_mask.png 63313 189 922 210
str2_mask.png 64149 190 1118 231
str2_mask.png 64399 191 861 195
str2_mask.png 64649 192 964 926
str2_mask.png 64949 193 897 909
#1
str2_mask.png 82245 270 856 140
str2_mask.png 82562 271 904 161
str2_mask.png 82812 272 1132 155
str2_mask.png 83212 273 1362 279
str2_mask.png 83595 274 1451 446
str2_mask.png 84028 275 1454 424
str2_mask.png 84279 276 1457 408
str2_mask.png 84729 277 1427 686
str2_mask.png 84962 278 1385 723
str2_mask.png 85145 279 1228 880
str2_mask.png 85412 280 1152 890
str2_mask.png 85679 281 929 949
str2_mask.png 85945 282 872 972
str2_mask.png 86128 283 620 893
str2_mask.png 86528 284 625 851
str2_mask.png 86795 285 664 886
str2_mask.png 86945 286 686 918
str2_mask.png 87278 287 422 790
str2_mask.png 87561 288 458 751
str2_mask.png 87778 289 426 749
str2_mask.png 87978 290 391 564
str2_mask.png 88111 291 389 553
str2_mask.png 88295 292 443 517
str2_mask.png 88528 293 449 364
str2_mask.png 88861 294 450 312
str2_mask.png 89061 295 478 334
str2_mask.png 89411 296 647 222
str2_mask.png 89695 297 638 192
str2_mask.png 89928 298 464 323
str2_mask.png 90161 299 481 346
str2_mask.png 90378 300 419 350
str2_mask.png 90912 301 1448 418
str2_mask.png 91516 302 1474 393
#2
str2_mask.png 42185 112 645 877
str2_mask.png 42618 113 1259 751
str2_mask.png 42935 114 1394 551
str2_mask.png 43151 115 1425 331
str2_mask.png 43585 116 1261 151
str2_mask.png 43768 117 1151 114
str2_mask.png 44035 118 1335 175
str2_mask.png 44351 119 620 113
str2_mask.png 44435 120 640 135
str2_mask.png 44668 121 425 265
str2_mask.png 44834 122 446 261
str2_mask.png 44951 123 385 479
str2_mask.png 45267 124 475 684
str2_mask.png 45517 125 655 89
str2_mask.png 45818 126 937 15
str2_mask.png 46084 127 1177 110
str2_mask.png 46701 128 1342 167
str2_mask.png 47018 129 664 825
str2_mask.png 47168 130 662 824
str2_mask.png 47401 131 438 692
str2_mask.png 47551 132 386 504
str2_mask.png 47967 133 729 816
str2_mask.png 48384 134 1280 761
str2_mask.png 48668 135 1374 582
str2_mask.png 48968 136 1449 378
str2_mask.png 49285 137 1419 358
str2_mask.png 49851 138 1413 358
str2_mask.png 50135 139 1413 376
str2_mask.png 50301 140 1427 352
str2_mask.png 50901 141 1210 134
str2_mask.png 51068 142 1128 125
str2_mask.png 51251 143 864 87
str2_mask.png 51651 144 897 57
#3
str2_mask.png 74817 255 933 135
str2_mask.png 75051 256 1186 101
str2_mask.png 75217 257 1183 79
str2_mask.png 75484 258 1179 59
str2_mask.png 75701 259 1128 62
str2_mask.png 75817 260 1121 79
str2_mask.png 75984 261 1306 232
str2_mask.png 76184 262 1491 437
str2_mask.png 76484 263 1479 395
str2_mask.png 76900 264 1453 559
str2_mask.png 77251 265 465 446
str2_mask.png 77901 266 675 136
str2_mask.png 78268 267 992 960
str2_mask.png 78501 268 1008 931
str2_mask.png 78601 269 685 839
str2_mask.png 78885 270 477 764
str2_mask.png 78985 271 490 744
str2_mask.png 79285 272 1278 819
str2_mask.png 79601 273 1281 819
str2_mask.png 79885 274 1456 627
str2_mask.png 80102 275 1467 421
str2_mask.png 80319 276 1475 354
str2_mask.png 80419 277 1457 372
str2_mask.png 80605 278 1475 361
str2_mask.png 80773 279 1366 240
str2_mask.png 80923 280 1125 105
str2_mask.png 81123 281 911 108
str2_mask.png 81873 282 1329 821
str2_mask.png 82208 283 1522 641
str2_mask.png 82857 284 450 448
str2_mask.png 82940 285 451 467
str2_mask.png 83241 286 532 257
str2_mask.png 83707 287 466 251
str2_mask.png 83907 288 865 90
str2_mask.png 84357 289 1026 992
#4
str2_mask.png 63705 135 1001 518
str2_mask.png 63989 136 971 115
str2_mask.png 64189 137 661 218
str2_mask.png 64439 138 488 386
str2_mask.png 64622 139 424 554
str2_mask.png 65005 140 1132 938
str2_mask.png 65789 141 741 922
str2_mask.png 66639 142 541 846
str2_mask.png 67222 143 975 999
str2_mask.png 67872 144 474 468
str2_mask.png 68272 145 435 624
str2_mask.png 68688 146 1379 747
str2_mask.png 69855 147 597 177
str2_mask.png 70138 148 638 869
str2_mask.png 70322 149 496 820
str2_mask.png 70489 150 484 805
str2_mask.png 70789 151 1401 705
str2_mask.png 71156 152 1467 482
str2_mask.png 71573 153 1438 685
str2_mask.png 72255 154 841 229
str2_mask.png 72489 155 471 278
str2_mask.png 72755 156 1417 440
#5
str2_mask.png 53049 144 914 475
str2_mask.png 53696 145 920 146
str2_mask.png 53862 146 825 19
str2_mask.png 54162 147 420 77
str2_mask.png 54545 148 459 225
str2_mask.png 54645 149 477 206
str2_mask.png 55762 150 520 636
str2_mask.png 56379 151 519 664
str2_mask.png 56962 152 1084 923
str2_mask.png 57229 153 1403 442
str2_mask.png 57412 154 1483 386
str2_mask.png 57846 155 1470 565
str2_mask.png 58113 156 1404 618
str2_mask.png 58729 157 1455 442
str2_mask.png 58879 158 1368 182
str2_mask.png 59163 159 1133 88
str2_mask.png 59596 160 1081 100
str2_mask.png 59946 161 731 250
str2_mask.png 60262 162 709 218
str2_mask.png 61096 163 832 80
str2_mask.png 61379 164 837 59
str2_mask.png 61812 165 554 255
str2_mask.png 62129 166 507 401
str2_mask.png 62462 167 969 824
str2_mask.png 62595 168 940 824
str2_mask.png 62829 169 820 860
#6
str2_mask.png 65306 180 927 509
str2_mask.png 65556 181 914 234
str2_mask.png 66039 182 766 104
str2_mask.png 66606 183 879 50
str2_mask.png 67256 184 580 120
str2_mask.png 67456 185 379 295
str2_mask.png 67922 186 335 591
str2_mask.png 68038 187 348 583
str2_mask.png 68255 188 644 879
str2_mask.png 68572 189 983 994
str2_mask.png 68722 190 979 1004
str2_mask.png 69305 191 1450 728
str2_mask.png 69588 192 1261 676
str2_mask.png 71290 193 1114 200
str2_mask.png 72589 194 1421 709
str2_mask.png 72806 195 1424 706
str2_mask.png 72940 196 1305 854
str2_mask.png 73106 197 1242 917
str2_mask.png 73340 198 964 997
str2_mask.png 73790 199 673 834
str2_mask.png 74040 200 650 862
str2_mask.png 74573 201 446 740
str2_mask.png 74806 202 387 576
str2_mask.png 75123 203 416 534
#7
str2_mask.png 39791 116 964 431
str2_mask.png 40075 117 903 174
str2_mask.png 40258 118 604 156
str2_mask.png 40558 119 501 675
str2_mask.png 40791 120 816 879
str2_mask.png 40992 121 1303 723
str2_mask.png 41208 122 1407 330
str2_mask.png 41391 123 919 288
str2_mask.png 41858 124 951 774
str2_mask.png 42008 125 928 596
str2_mask.png 43041 126 965 551
str2_mask.png 44691 127 924 520
str2_mask.png 48325 128 925 470
#8
str2_mask.png 58376 204 784 388
str2_mask.png 58675 205 585 130
str2_mask.png 58975 206 856 73
str2_mask.png 59225 207 1136 107
str2_mask.png 59909 208 579 867
str2_mask.png 60229 209 444 180
str2_mask.png 60479 210 341 337
str2_mask.png 60929 211 319 295
str2_mask.png 61446 212 286 603
str2_mask.png 61813 213 322 549
str2_mask.png 61912 214 344 295
str2_mask.png 62196 215 313 340
str2_mask.png 62562 216 269 504
str2_mask.png 62862 217 240 605
str2_mask.png 63045 218 333 579
str2_mask.png 63179 219 449 741
str2_mask.png 63395 220 383 548
str2_mask.png 63829 221 469 749
str2_mask.png 64078 222 434 714
str2_mask.png 64812 223 695 846
str2_mask.png 65278 224 691 911
str2_mask.png 65778 225 1006 946
str2_mask.png 66212 226 1314 865
str2_mask.png 66428 227 1490 702
str2_mask.png 66596 228 1409 672
str2_mask.png 66812 229 1437 429
str2_mask.png 67079 230 1454 364
str2_mask.png 67745 231 1339 208
str2_mask.png 68179 232 1337 204
#9
str2_mask.png 53572 172 1014 182
str2_mask.png 53872 173 948 144
str2_mask.png 54189 174 692 164
str2_mask.png 54639 175 427 341
str2_mask.png 54755 176 454 341
str2_mask.png 55121 177 1237 303
str2_mask.png 55321 178 1373 295
str2_mask.png 55422 179 1352 300
str2_mask.png 55655 180 1438 416
str2_mask.png 56105 181 1425 626
str2_mask.png 56438 182 1373 690
str2_mask.png 56922 183 1246 833
str2_mask.png 57555 184 1101 879
str2_mask.png 57822 185 697 887
str2_mask.png 58338 186 455 782
str2_mask.png 58821 187 426 609
str2_mask.png 59355 188 433 370
str2_mask.png 59771 189 648 208
str2_mask.png 60854 190 530 323
str2_mask.png 61238 191 433 396
str2_mask.png 61604 192 381 562
str2_mask.png 62154 193 481 743
str2_mask.png 62588 194 667 850
#10
str2_mask.png 43899 120 882 412
str2_mask.png 44199 121 750 224
str2_mask.png 44299 122 735 219
str2_mask.png 44484 123 956 126
str2_mask.png 44652 124 881 834
str2_mask.png 44837 125 733 877
str2_mask.png 45253 126 794 893
str2_mask.png 45453 127 1009 934
str2_mask.png 45820 128 1285 901
str2_mask.png 45954 129 1252 908
str2_mask.png 46137 130 1407 738
str2_mask.png 46537 131 1421 686
str2_mask.png 46787 132 1443 674
str2_mask.png 47458 133 1485 403
str2_mask.png 48047 134 1339 247
str2_mask.png 48264 135 1153 187
str2_mask.png 48566 136 900 123
str2_mask.png 48750 137 659 196
str2_mask.png 49320 138 519 286
str2_mask.png 49654 139 491 316
str2_mask.png 50021 140 457 317
str2_mask.png 50171 141 435 506
str2_mask.png 50638 142 423 540
str2_mask.png 51122 143 532 764
str2_mask.png 51457 144 844 192
str2_mask.png 51675 145 1023 88
str2_mask.png 51810 146 1012 104
str2_mask.png 52587 147 1387 190
str2_mask.png 52723 148 1387 224
str2_mask.png 52825 149 1385 256
str2_mask.png 53494 150 1395 267
str2_mask.png 53896 151 1497 462
#11
str2_mask.png 65009 120 908 352
str2_mask.png 65259 121 1006 64
str2_mask.png 65559 122 1214 101
str2_mask.png 65709 123 1013 3
str2_mask.png 66042 124 955 0
str2_mask.png 66526 125 1187 6
str2_mask.png 66659 126 1266 22
str2_mask.png 66892 127 1487 133
str2_mask.png 67009 128 1387 168
str2_mask.png 67193 129 1377 189
str2_mask.png 67459 130 1477 399
str2_mask.png 68009 131 1446 593
str2_mask.png 68109 132 1447 671
str2_mask.png 68359 133 1270 834
str2_mask.png 68609 134 1176 859
str2_mask.png 68826 135 965 946
str2_mask.png 69209 136 928 940
str2_mask.png 69626 137 1232 796
str2_mask.png 69809 138 1231 811
str2_mask.png 70026 139 1273 861
str2_mask.png 70631 140 948 898
str2_mask.png 70903 141 875 928
str2_mask.png 71103 142 660 862
str2_mask.png 71486 143 612 889
str2_mask.png 71769 144 669 887
str2_mask.png 71986 145 684 853
str2_mask.png 72236 146 394 784
str2_mask.png 72485 147 498 710
str2_mask.png 72702 148 484 660
str2_mask.png 73069 149 464 669
str2_mask.png 73585 150 520 699
str2_mask.png 73835 151 441 718
str2_mask.png 74269 152 461 685
str2_mask.png 74452 153 415 502
str2_mask.png 74585 154 425 477
str2_mask.png 74685 155 454 445
#12
str2_mask.png 73804 168 821 398
str2_mask.png 74320 169 431 293
str2_mask.png 74621 170 758 141
str2_mask.png 74804 171 1380 262
str2_mask.png 75021 172 1445 448
str2_mask.png 75288 173 1195 898
str2_mask.png 75488 174 812 947
str2_mask.png 75638 175 596 809
str2_mask.png 75855 176 459 751
str2_mask.png 76004 177 700 878
str2_mask.png 77204 178 730 897
str2_mask.png 77654 179 704 866
str2_mask.png 77854 180 490 747
str2_mask.png 78087 181 442 735
str2_mask.png 78321 182 364 567
str2_mask.png 78587 183 603 236
str2_mask.png 78771 184 606 126
str2_mask.png 79138 185 437 319
str2_mask.png 79504 186 413 340
str2_mask.png 79988 187 893 140
str2_mask.png 80271 188 994 121
str2_mask.png 80387 189 1201 135
str2_mask.png 80571 190 1259 109
str2_mask.png 81371 191 1186 142
str2_mask.png 81620 192 1279 92
str2_mask.png 81771 193 1183 102
str2_mask.png 81988 194 1185 43
str2_mask.png 82222 195 1355 221
str2_mask.png 82472 196 1484 423
str2_mask.png 82655 197 1461 395
str2_mask.png 83088 198 1419 693
str2_mask.png 83438 199 1386 627
str2_mask.png 83638 200 1223 843
#13
str2_mask.png 61256 206 833 323
str2_mask.png 61390 207 671 190
str2_mask.png 61640 208 880 140
str2_mask.png 62140 209 1153 176
str2_mask.png 62490 210 1319 272
str2_mask.png 62823 211 1412 452
str2_mask.png 63323 212 1389 680
str2_mask.png 63823 213 1211 879
str2_mask.png 64106 214 972 953
str2_mask.png 64373 215 734 898
str2_mask.png 64640 216 670 898
str2_mask.png 64873 217 474 818
str2_mask.png 65122 218 397 620
str2_mask.png 65589 219 414 476
str2_mask.png 65772 220 433 377
str2_mask.png 66089 221 502 288
str2_mask.png 66356 222 605 213
str2_mask.png 66789 223 857 154
str2_mask.png 67422 224 894 143
str2_mask.png 68255 225 1131 171
str2_mask.png 68472 226 1140 173
str2_mask.png 68589 227 1178 156
str2_mask.png 68822 228 1332 257
str2_mask.png 68973 229 1294 260
str2_mask.png 69223 230 1416 446
str2_mask.png 70189 231 1406 688
str2_mask.png 70706 232 1361 681
str2_mask.png 70906 233 1185 874
#14
str2_mask.png 101035 308 950 462
str2_mask.png 101874 309 887 39
str2_mask.png 102141 310 619 107
str2_mask.png 102391 311 587 109
str2_mask.png 102507 312 654 82
str2_mask.png 102940 313 485 298
str2_mask.png 103207 314 444 292
str2_mask.png 103407 315 389 538
str2_mask.png 103990 316 375 563
str2_mask.png 104107 317 352 576
str2_mask.png 104274 318 478 728
str2_mask.png 104507 319 481 741
str2_mask.png 104657 320 693 847
str2_mask.png 105007 321 724 882
str2_mask.png 105890 322 1049 901
str2_mask.png 106107 323 1032 914
str2_mask.png 106224 324 952 919
str2_mask.png 106523 325 989 917
str2_mask.png 106891 326 1258 844
str2_mask.png 107107 327 1424 640
str2_mask.png 107457 328 1436 673
str2_mask.png 107657 329 1474 435
str2_mask.png 107957 330 1462 380
str2_mask.png 108474 331 1488 394
str2_mask.png 108607 332 1499 378
str2_mask.png 108924 333 1382 197
str2_mask.png 109290 334 1174 123
str2_mask.png 109491 335 1155 105
str2_mask.png 110224 336 1191 37
#15
str2_mask.png 64795 222 1011 504
str2_mask.png 64912 223 1064 180
str2_mask.png 65112 224 1209 179
str2_mask.png 65345 225 971 127
str2_mask.png 65612 226 643 239
str2_mask.png 65878 227 436 470
str2_mask.png 66145 228 370 622
str2_mask.png 66378 229 683 856
str2_mask.png 66645 230 691 902
str2_mask.png 67028 231 717 941
str2_mask.png 67428 232 690 895
str2_mask.png 67595 233 1337 727
str2_mask.png 67929 234 1432 468
str2_mask.png 68445 235 1440 445
str2_mask.png 68745 236 1474 477
str2_mask.png 68895 237 1309 301
str2_mask.png 69145 238 1360 341
str2_mask.png 69345 239 1245 232
str2_mask.png 69479 240 1129 205
str2_mask.png 69829 241 1174 182
str2_mask.png 70079 242 1340 329
str2_mask.png 70295 243 1443 483
str2_mask.png 70662 244 1247 841
str2_mask.png 70879 245 1163 891
str2_mask.png 71279 246 1244 878
str2_mask.png 71712 247 1274 889
str2_mask.png 71962 248 1414 733
str2_mask.png 72345 249 1387 697
str2_mask.png 72829 250 1422 695
str2_mask.png 73062 251 958 917
str2_mask.png 73262 252 909 965
str2_mask.png 73578 253 623 906
str2_mask.png 73712 254 511 850
str2_mask.png 73845 255 432 771
str2_mask.png 74178 256 356 620
#16
str2_mask.png 88383 245 933 511
str2_mask.png 88600 246 808 103
str2_mask.png 89133 247 915 55
str2_mask.png 89383 248 1178 59
str2_mask.png 90167 249 1389 178
str2_mask.png 90500 250 1362 179
str2_mask.png 90617 251 1418 235
str2_mask.png 90767 252 1409 219
str2_mask.png 91067 253 1409 184
str2_mask.png 91483 254 1507 391
str2_mask.png 91833 255 1521 306
str2_mask.png 92200 256 1494 337
str2_mask.png 92300 257 1535 394
str2_mask.png 92517 258 1539 367
str2_mask.png 92650 259 1533 376
str2_mask.png 92833 260 1450 619
str2_mask.png 93183 261 1480 700
str2_mask.png 93467 262 1476 718
str2_mask.png 93717 263 1292 856
str2_mask.png 94133 264 1203 875
str2_mask.png 94500 265 1204 877
str2_mask.png 94750 266 1204 878
str2_mask.png 95133 267 942 997
str2_mask.png 95250 268 920 1012
str2_mask.png 95383 269 638 930
str2_mask.png 95633 270 630 942
str2_mask.png 96083 271 907 998
str2_mask.png 96350 272 932 993
str2_mask.png 96932 273 424 768
str2_mask.png 97166 274 393 561
str2_mask.png 97399 275 444 341
str2_mask.png 97815 276 435 362
str2_mask.png 97915 277 392 232
#17
str2_mask.png 77040 232 971 400
str2_mask.png 77239 233 783 125
str2_mask.png 77689 234 1055 16
str2_mask.png 78357 235 1401 683
str2_mask.png 78807 236 1431 719
str2_mask.png 79073 237 834 843
str2_mask.png 79307 238 670 883
str2_mask.png 79856 239 650 879
str2_mask.png 80726 240 1190 169
str2_mask.png 80976 241 1525 383
str2_mask.png 81126 242 1438 380
str2_mask.png 81359 243 1159 421
str2_mask.png 81543 244 1007 370
str2_mask.png 82093 245 957 424
str2_mask.png 82709 246 520 41
str2_mask.png 82992 247 445 217
str2_mask.png 83192 248 420 305
str2_mask.png 83792 249 393 534
str2_mask.png 84126 250 634 777
str2_mask.png 84442 251 890 867
str2_mask.png 84825 252 1270 729
str2_mask.png 85192 253 1461 588
str2_mask.png 85542 254 1425 394
str2_mask.png 85909 255 1183 274
str2_mask.png 86109 256 1191 267
str2_mask.png 86226 257 1140 90
str2_mask.png 86493 258 1154 136
str2_mask.png 86759 259 1122 175
#18
str2_mask.png 45163 157 708 236
str2_mask.png 45546 158 657 216
str2_mask.png 45679 159 477 377
str2_mask.png 45979 160 407 524
str2_mask.png 46196 161 412 558
str2_mask.png 46446 162 456 359
str2_mask.png 46713 163 656 192
str2_mask.png 47063 164 629 170
str2_mask.png 47329 165 945 133
str2_mask.png 48063 166 1144 161
str2_mask.png 48362 167 1186 167
str2_mask.png 48696 168 1361 225
str2_mask.png 49029 169 1393 242
str2_mask.png 49229 170 1471 405
str2_mask.png 49346 171 1451 410
str2_mask.png 49980 172 1451 590
str2_mask.png 50163 173 1425 648
str2_mask.png 50380 174 1404 663
str2_mask.png 50746 175 1421 676
str2_mask.png 50996 176 1238 834
str2_mask.png 51280 177 1233 857
str2_mask.png 51613 178 1260 863
str2_mask.png 52230 179 1254 905
str2_mask.png 52446 180 952 963
str2_mask.png 52979 181 972 971
str2_mask.png 53113 182 946 969
str2_mask.png 53680 183 704 901
str2_mask.png 54546 184 500 798
str2_mask.png 54879 185 415 664
#19
str2_mask.png 37277 141 1166 450
str2_mask.png 37431 142 885 421
str2_mask.png 37848 143 1163 141
str2_mask.png 38148 144 924 187
str2_mask.png 38515 145 452 361
str2_mask.png 38715 146 382 599
str2_mask.png 39064 147 453 329
str2_mask.png 39281 148 607 845
str2_mask.png 39549 149 515 794
str2_mask.png 39683 150 680 887
str2_mask.png 39933 151 947 965
str2_mask.png 40183 152 1223 897
str2_mask.png 40467 153 1379 691
str2_mask.png 40717 154 1431 461
str2_mask.png 41167 155 1343 282
str2_mask.png 41434 156 1160 169
str2_mask.png 41717 157 1173 146
str2_mask.png 41834 158 900 100
str2_mask.png 42250 159 906 953
str2_mask.png 42567 160 683 887
str2_mask.png 42900 161 449 782
str2_mask.png 42983 162 470 783
str2_mask.png 43133 163 394 602
str2_mask.png 43416 164 436 573
str2_mask.png 43616 165 466 336
str2_mask.png 44133 166 647 153
str2_mask.png 44433 167 1138 124
str2_mask.png 44633 168 1150 121
str2_mask.png 44816 169 692 168
str2_mask.png 45216 170 1200 154
str2_mask.png 45533 171 1384 224
str2_mask.png 45617 172 1340 282
str2_mask.png 45984 173 1162 187
str2_mask.png 46234 174 915 102
str2_mask.png 46401 175 624 150
str2_mask.png 46734 176 563 127
str2_mask.png 47000 177 706 880
#20
str2_mask.png 47218 160 777 211
str2_mask.png 47452 161 672 172
str2_mask.png 47668 162 1171 142
str2_mask.png 48035 163 1433 392
str2_mask.png 48285 164 961 138
str2_mask.png 48618 165 721 929
str2_mask.png 48835 166 972 1003
str2_mask.png 49502 167 1184 790
str2_mask.png 49852 168 973 968
str2_mask.png 50118 169 926 142
str2_mask.png 50352 170 1205 157
str2_mask.png 50635 171 597 265
str2_mask.png 50802 172 615 169
str2_mask.png 51352 173 436 376
str2_mask.png 51651 174 391 591
str2_mask.png 51868 175 645 893
str2_mask.png 52452 176 1289 386
str2_mask.png 52635 177 1468 492
str2_mask.png 52852 178 1441 496
str2_mask.png 53052 179 1380 712
str2_mask.png 53335 180 1195 916
str2_mask.png 53552 181 1210 195
str2_mask.png 53935 182 548 234
str2_mask.png 54285 183 416 322
str2_mask.png 54418 184 449 329
str2_mask.png 54551 185 677 175
str2_mask.png 54768 186 918 126
str2_mask.png 55385 187 891 923
str2_mask.png 55551 188 600 673
str2_mask.png 55718 189 655 222
str2_mask.png 56268 190 451 390
str2_mask.png 56468 191 409 624
str2_mask.png 56718 192 549 825
#21
str2_mask.png 51707 167 740 235
str2_mask.png 51907 168 675 144
str2_mask.png 52057 169 952 47
str2_mask.png 52190 170 951 68
str2_mask.png 52390 171 1133 98
str2_mask.png 52690 172 1191 225
str2_mask.png 52941 173 1362 224
str2_mask.png 53324 174 1457 376
str2_mask.png 53574 175 1459 355
str2_mask.png 53674 176 1455 384
str2_mask.png 54057 177 1426 541
str2_mask.png 54274 178 1402 664
str2_mask.png 54607 179 1191 826
str2_mask.png 54874 180 915 892
str2_mask.png 55174 181 600 874
str2_mask.png 55440 182 383 719
str2_mask.png 55557 183 416 711
str2_mask.png 55807 184 336 547
str2_mask.png 56173 185 381 409
str2_mask.png 56423 186 374 461
str2_mask.png 56773 187 435 325
str2_mask.png 57140 188 399 258
str2_mask.png 57407 189 614 156
str2_mask.png 57623 190 587 136
str2_mask.png 57906 191 870 62
str2_mask.png 58390 192 918 60
str2_mask.png 58623 193 678 87
str2_mask.png 58857 194 913 59
str2_mask.png 59190 195 809 88
str2_mask.png 59623 196 658 102
str2_mask.png 59840 197 856 83
str2_mask.png 60123 198 676 118
str2_mask.png 60323 199 914 100
str2_mask.png 60573 200 824 137
str2_mask.png 60807 201 645 126
str2_mask.png 61173 202 919 63
str2_mask.png 61390 203 657 122
#22
str2_mask.png 36982 140 976 412
str2_mask.png 37361 141 716 220
str2_mask.png 37611 142 898 163
str2_mask.png 37727 143 720 172
str2_mask.png 38094 144 868 144
str2_mask.png 38361 145 1027 177
str2_mask.png 38527 146 1178 200
str2_mask.png 38811 147 1361 254
str2_mask.png 38944 148 1358 269
str2_mask.png 39277 149 1456 394
str2_mask.png 39477 150 1484 417
str2_mask.png 39761 151 1475 430
str2_mask.png 40261 152 1467 609
str2_mask.png 40962 153 1473 710
str2_mask.png 41381 154 1256 852
str2_mask.png 42980 155 508 789
str2_mask.png 43114 156 466 739
str2_mask.png 43431 157 436 707
str2_mask.png 43697 158 397 570
str2_mask.png 44047 159 410 539
str2_mask.png 44347 160 441 405
str2_mask.png 44480 161 444 318
str2_mask.png 44714 162 620 258
str2_mask.png 44914 163 760 206
str2_mask.png 45164 164 926 171
str2_mask.png 45464 165 1122 181
str2_mask.png 45781 166 1026 147
str2_mask.png 46047 167 978 143
str2_mask.png 46280 168 732 858
str2_mask.png 46747 169 940 917
str2_mask.png 46947 170 1006 936
#23
str2_mask.png 69113 253 982 214
str2_mask.png 69247 254 971 153
str2_mask.png 69613 255 1189 182
str2_mask.png 69946 256 929 136
str2_mask.png 70130 257 658 186
str2_mask.png 70363 258 488 265
str2_mask.png 70663 259 441 308
str2_mask.png 70896 260 351 533
str2_mask.png 71163 261 452 650
str2_mask.png 71546 262 383 589
str2_mask.png 71713 263 474 749
str2_mask.png 71946 264 694 838
str2_mask.png 72263 265 977 928
str2_mask.png 72580 266 1234 890
str2_mask.png 72820 267 1318 855
str2_mask.png 72966 268 966 931
str2_mask.png 73222 269 928 933
str2_mask.png 73497 270 902 943
str2_mask.png 73661 271 1295 835
str2_mask.png 74135 272 1237 853
str2_mask.png 74300 273 1453 697
str2_mask.png 74466 274 1399 689
str2_mask.png 74680 275 1435 661
str2_mask.png 74897 276 1474 437
str2_mask.png 75147 277 1469 408
str2_mask.png 75697 278 1495 425
str2_mask.png 75930 279 1462 453
str2_mask.png 76180 280 1507 416
str2_mask.png 76680 281 1337 246
str2_mask.png 76880 282 1381 266
str2_mask.png 77197 283 1395 300
str2_mask.png 77447 284 1264 218
str2_mask.png 77614 285 1163 188
str2_mask.png 78414 286 931 153
#24
str2_mask.png 36159 111 1017 437
str2_mask.png 36748 112 734 100
str2_mask.png 37381 113 1388 203
str2_mask.png 37731 114 1463 282
str2_mask.png 37931 115 1463 396
str2_mask.png 38065 116 1464 380
str2_mask.png 38465 117 1397 634
str2_mask.png 38681 118 1127 824
str2_mask.png 38898 119 1213 832
str2_mask.png 39648 120 981 917
str2_mask.png 39865 121 676 861
str2_mask.png 39998 122 659 860
str2_mask.png 40565 123 715 862
str2_mask.png 40715 124 722 917
str2_mask.png 41031 125 689 916
str2_mask.png 41515 126 393 787
str2_mask.png 41681 127 444 753
str2_mask.png 41814 128 430 549
str2_mask.png 42131 129 706 134
str2_mask.png 42547 130 705 130
str2_mask.png 42764 131 681 149
str2_mask.png 43081 132 699 105
str2_mask.png 43247 133 692 119
str2_mask.png 43530 134 722 166
str2_mask.png 44031 135 1254 149
str2_mask.png 44181 136 1208 164
str2_mask.png 44265 137 1179 146
str2_mask.png 44365 138 1203 102
str2_mask.png 44915 139 1371 243
str2_mask.png 45115 140 1479 463
str2_mask.png 45431 141 1441 628
str2_mask.png 45515 142 1422 647
str2_mask.png 45781 143 1380 223
str2_mask.png 46098 144 1174 110
#25
str2_mask.png 65005 187 1032 445
str2_mask.png 65139 188 1060 415
str2_mask.png 65605 189 1035 449
str2_mask.png 65838 190 1061 393
str2_mask.png 66155 191 1076 401
str2_mask.png 66338 192 880 496
str2_mask.png 66538 193 987 462
str2_mask.png 66939 194 1051 461
str2_mask.png 67388 195 1048 479
str2_mask.png 67522 196 1031 465
str2_mask.png 67788 197 1041 453
str2_mask.png 68005 198 1015 428
str2_mask.png 68172 199 1018 443
str2_mask.png 68505 200 1038 420
str2_mask.png 68672 201 1054 438
str2_mask.png 68855 202 1061 451
str2_mask.png 69422 203 1050 428
str2_mask.png 69955 204 1057 440
str2_mask.png 70772 205 1074 435
str2_mask.png 71321 206 1078 446
str2_mask.png 71471 207 1089 449
str2_mask.png 71755 208 1040 421
str2_mask.png 71955 209 1042 444
str2_mask.png 72288 210 1034 472
str2_mask.png 72388 211 1031 435
str2_mask.png 72471 212 1059 458
str2_mask.png 72705 213 1045 455
str2_mask.png 72905 214 1035 437
str2_mask.png 73122 215 1048 468
str2_mask.png 73906 216 1029 415
str2_mask.png 74173 217 1029 456
str2_mask.png 74573 218 992 463
#26
str2_mask.png 71920 237 849 376
str2_mask.png 72167 238 794 143
str2_mask.png 72517 239 960 96
str2_mask.png 72684 240 1096 94
str2_mask.png 73017 241 1064 105
str2_mask.png 73234 242 1369 82
str2_mask.png 73702 243 1287 254
str2_mask.png 74153 244 1285 275
str2_mask.png 74286 245 1413 427
str2_mask.png 74703 246 1450 438
str2_mask.png 74869 247 1380 664
str2_mask.png 75136 248 1378 727
str2_mask.png 75236 249 1439 765
str2_mask.png 75487 250 1373 740
str2_mask.png 75808 251 1137 902
str2_mask.png 76108 252 1149 873
str2_mask.png 76308 253 1250 911
str2_mask.png 76542 254 1161 948
str2_mask.png 76942 255 1175 878
str2_mask.png 77258 256 1189 932
str2_mask.png 77492 257 855 1006
str2_mask.png 77859 258 562 971
str2_mask.png 78008 259 679 932
str2_mask.png 78374 260 707 945
str2_mask.png 78991 261 736 948
str2_mask.png 79208 262 468 806
str2_mask.png 79441 263 417 754
str2_mask.png 80207 264 395 528
str2_mask.png 80491 265 430 561
str2_mask.png 80707 266 283 643
str2_mask.png 80941 267 375 512
str2_mask.png 81191 268 361 343
#27
str2_mask.png 35565 128 795 110
str2_mask.png 35782 129 889 437
str2_mask.png 36465 130 860 231
str2_mask.png 36981 131 765 84
str2_mask.png 37148 132 697 71
str2_mask.png 37381 133 511 225
str2_mask.png 37631 134 469 436
str2_mask.png 37881 135 494 484
str2_mask.png 38148 136 553 742
str2_mask.png 38448 137 733 819
str2_mask.png 38681 138 1017 895
str2_mask.png 39015 139 1330 850
str2_mask.png 39449 140 1358 688
str2_mask.png 39648 141 1438 477
str2_mask.png 39965 142 1435 394
str2_mask.png 40182 143 1319 204
str2_mask.png 40498 144 1124 143
str2_mask.png 40715 145 878 102
str2_mask.png 41198 146 812 92
str2_mask.png 41381 147 727 91
str2_mask.png 41531 148 524 216
str2_mask.png 41664 149 516 233
str2_mask.png 41848 150 431 505
str2_mask.png 42065 151 1127 298
str2_mask.png 42215 152 1124 299
str2_mask.png 42365 153 1019 387
str2_mask.png 43098 154 1100 453
str2_mask.png 43232 155 1009 618
str2_mask.png 43565 156 999 498
str2_mask.png 43932 157 994 450
str2_mask.png 44199 158 977 407
str2_mask.png 44399 159 1442 327
str2_mask.png 44500 160 1264 330
str2_mask.png 44816 161 966 440
str2_mask.png 45266 162 1361 451
#28
str2_mask.png 62955 207 1170 234
str2_mask.png 63305 208 1204 202
str2_mask.png 63555 209 1234 151
str2_mask.png 64355 210 1232 117
str2_mask.png 64805 211 661 180
str2_mask.png 64972 212 649 172
str2_mask.png 65122 213 617 175
str2_mask.png 65222 214 622 161
str2_mask.png 65422 215 942 117
str2_mask.png 65722 216 468 279
str2_mask.png 66105 217 479 364
str2_mask.png 66455 218 444 325
str2_mask.png 66938 219 523 707
str2_mask.png 67188 220 713 847
str2_mask.png 67355 221 964 919
str2_mask.png 67705 222 736 840
str2_mask.png 67905 223 675 836
str2_mask.png 68371 224 726 869
str2_mask.png 68638 225 740 895
str2_mask.png 68772 226 748 853
str2_mask.png 69488 227 1309 823
str2_mask.png 69739 228 1457 675
str2_mask.png 70223 229 1527 465
str2_mask.png 70440 230 1483 418
str2_mask.png 70606 231 1480 422
str2_mask.png 71439 232 418 527
str2_mask.png 71823 233 392 578
#29
str2_mask.png 78088 258 780 330
str2_mask.png 78305 259 872 114
str2_mask.png 78539 260 934 79
str2_mask.png 78772 261 1211 105
str2_mask.png 79055 262 995 107
str2_mask.png 79255 263 1195 136
str2_mask.png 79705 264 1223 156
str2_mask.png 80055 265 1237 116
str2_mask.png 80255 266 1391 205
str2_mask.png 80356 267 1323 240
str2_mask.png 80822 268 1433 416
str2_mask.png 81806 269 1413 619
str2_mask.png 82006 270 1379 661
str2_mask.png 82272 271 1416 671
str2_mask.png 82572 272 1427 712
str2_mask.png 82889 273 1224 847
str2_mask.png 83489 274 1152 837
str2_mask.png 83772 275 913 948
str2_mask.png 84039 276 883 915
str2_mask.png 84639 277 638 862
str2_mask.png 85422 278 432 767
str2_mask.png 85505 279 482 771
str2_mask.png 85822 280 432 745
str2_mask.png 86055 281 457 739
str2_mask.png 86388 282 387 534
str2_mask.png 86655 283 438 535
str2_mask.png 87489 284 483 327
str2_mask.png 87938 285 440 349
#30
str2_mask.png 66203 236 771 196
str2_mask.png 66353 237 668 189
str2_mask.png 66553 238 601 164
str2_mask.png 66769 239 919 119
str2_mask.png 67036 240 1168 160
str2_mask.png 67469 241 1358 281
str2_mask.png 67953 242 1474 464
str2_mask.png 68420 243 1320 611
str2_mask.png 68620 244 489 315
str2_mask.png 68753 245 606 199
str2_mask.png 68852 246 632 229
str2_mask.png 69002 247 447 342
str2_mask.png 69569 248 363 575
str2_mask.png 69819 249 447 558
str2_mask.png 70236 250 465 538
str2_mask.png 70402 251 512 774
str2_mask.png 70636 252 708 881
str2_mask.png 71069 253 926 952
str2_mask.png 71569 254 1195 886
str2_mask.png 72136 255 1399 693
str2_mask.png 72436 256 1433 456
str2_mask.png 72886 257 474 523
str2_mask.png 73186 258 476 342
str2_mask.png 73336 259 681 202
str2_mask.png 73570 260 1145 187
str2_mask.png 74037 261 1371 281
str2_mask.png 74254 262 648 873
str2_mask.png 74454 263 460 793
str2_mask.png 74770 264 680 874
str2_mask.png 75070 265 959 916
str2_mask.png 75570 266 1265 896
str2_mask.png 75786 267 1383 745
#31
str2_mask.png 61359 226 872 446
str2_mask.png 61626 227 494 289
str2_mask.png 61842 228 449 321
str2_mask.png 62026 229 677 155
str2_mask.png 62276 230 912 63
str2_mask.png 62476 231 1179 121
str2_mask.png 62843 232 681 162
str2_mask.png 63110 233 1001 72
str2_mask.png 63460 234 1343 203
str2_mask.png 63694 235 1169 155
str2_mask.png 64077 236 1367 270
str2_mask.png 64494 237 1441 443
str2_mask.png 64710 238 1443 418
str2_mask.png 64894 239 1401 654
str2_mask.png 65160 240 1399 654
str2_mask.png 65460 241 1444 416
str2_mask.png 65877 242 1389 677
str2_mask.png 66060 243 1148 876
str2_mask.png 66477 244 809 886
str2_mask.png 66844 245 1261 848
str2_mask.png 67177 246 1194 846
str2_mask.png 67394 247 900 917
str2_mask.png 67577 248 892 904
str2_mask.png 67843 249 667 884
str2_mask.png 68293 250 472 770
str2_mask.png 68426 251 707 873
str2_mask.png 68927 252 391 646
str2_mask.png 69030 253 379 566
str2_mask.png 69297 254 464 731
str2_mask.png 69631 255 430 311
str2_mask.png 70031 256 462 347
str2_mask.png 70481 257 627 164
str2_mask.png 71031 258 946 98
#32
str2_mask.png 50412 184 929 133
str2_mask.png 50663 185 777 142
str2_mask.png 50796 186 966 108
str2_mask.png 51246 187 1009 74
str2_mask.png 51514 188 1194 134
str2_mask.png 51847 189 1238 127
str2_mask.png 52064 190 1413 222
str2_mask.png 52181 191 1378 226
str2_mask.png 52448 192 1359 263
str2_mask.png 52915 193 1447 371
str2_mask.png 53198 194 1478 395
str2_mask.png 53632 195 1485 488
str2_mask.png 53865 196 1424 654
str2_mask.png 54682 197 1270 824
str2_mask.png 55032 198 1245 822
str2_mask.png 55448 199 976 930
str2_mask.png 55665 200 731 860
str2_mask.png 56432 201 777 851
str2_mask.png 56682 202 985 894
str2_mask.png 57048 203 709 842
str2_mask.png 57398 204 495 734
str2_mask.png 57748 205 527 737
str2_mask.png 57981 206 442 547
str2_mask.png 58298 207 472 529
str2_mask.png 58781 208 669 171
str2_mask.png 59450 209 509 255
str2_mask.png 59617 210 522 337
str2_mask.png 59767 211 668 164
#33
str2_mask.png 48816 164 987 422
str2_mask.png 49100 165 930 35
str2_mask.png 49300 166 1231 76
str2_mask.png 49483 167 1238 58
str2_mask.png 49884 168 1425 238
str2_mask.png 49984 169 1470 318
str2_mask.png 50284 170 1236 118
str2_mask.png 50484 171 1449 457
str2_mask.png 50701 172 1410 625
str2_mask.png 50970 173 1240 808
str2_mask.png 51770 174 1087 870
str2_mask.png 52071 175 698 849
str2_mask.png 52387 176 381 747
str2_mask.png 52787 177 460 177
str2_mask.png 53020 178 349 498
str2_mask.png 53170 179 365 489
str2_mask.png 53303 180 447 458
str2_mask.png 53603 181 373 504
str2_mask.png 54187 182 462 194
str2_mask.png 54270 183 478 211
str2_mask.png 54553 184 689 62
str2_mask.png 54853 185 675 7
str2_mask.png 55506 187 679 10
str2_mask.png 56260 188 1200 26
str2_mask.png 56760 189 1464 365
str2_mask.png 56844 190 1422 335
str2_mask.png 56961 191 1141 0
str2_mask.png 57177 192 863 4
str2_mask.png 57529 193 962 328
str2_mask.png 58479 196 1176 25
#34
str2_mask.png 45367 147 994 564
str2_mask.png 46365 148 963 267
str2_mask.png 46565 149 964 177
str2_mask.png 47282 150 968 182
str2_mask.png 47498 151 978 305
str2_mask.png 47715 152 1229 212
str2_mask.png 47881 153 1232 202
str2_mask.png 48265 154 999 187
str2_mask.png 48965 155 1003 186
str2_mask.png 49681 156 975 701
str2_mask.png 50098 157 1284 860
str2_mask.png 50365 158 1466 725
str2_mask.png 50515 159 1439 732
str2_mask.png 50665 160 1486 467
str2_mask.png 51298 161 1018 621
str2_mask.png 52734 163 940 568
str2_mask.png 53105 164 922 553
str2_mask.png 53255 165 922 558
str2_mask.png 53672 166 546 517
str2_mask.png 53938 167 976 558
str2_mask.png 54524 168 448 496
str2_mask.png 54760 169 618 779
str2_mask.png 54943 170 734 866
#35
str2_mask.png 59061 201 957 138
str2_mask.png 59311 202 901 99
str2_mask.png 59794 203 595 186
str2_mask.png 60111 204 1175 138
str2_mask.png 60411 205 1353 242
str2_mask.png 60528 206 1310 259
str2_mask.png 60711 207 1426 428
str2_mask.png 61211 208 1354 689
str2_mask.png 61495 209 1426 735
str2_mask.png 61728 210 1191 894
str2_mask.png 61995 211 937 927
str2_mask.png 62278 212 606 861
str2_mask.png 62661 213 669 864
str2_mask.png 63195 214 706 883
str2_mask.png 63645 215 683 848
str2_mask.png 64228 216 465 735
str2_mask.png 64527 217 413 700
str2_mask.png 64727 218 403 746
str2_mask.png 65044 219 452 741
str2_mask.png 65727 220 519 798
str2_mask.png 66077 221 402 772
str2_mask.png 66344 222 362 781
str2_mask.png 66627 223 451 746
str2_mask.png 67177 224 516 788
str2_mask.png 67327 225 419 629
str2_mask.png 67477 226 405 559
str2_mask.png 67961 227 451 320
str2_mask.png 68244 228 382 459
str2_mask.png 68394 229 428 552
#36
str2_mask.png 65690 224 968 542
str2_mask.png 66224 225 477 725
str2_mask.png 66557 226 420 526
str2_mask.png 66940 227 459 294
str2_mask.png 67040 228 625 172
str2_mask.png 67157 229 625 184
str2_mask.png 67540 230 630 127
str2_mask.png 67807 231 918 69
str2_mask.png 68074 232 1178 142
str2_mask.png 68474 233 1415 264
str2_mask.png 68791 234 1499 468
str2_mask.png 69107 235 1408 759
str2_mask.png 69324 236 1213 887
str2_mask.png 69574 237 759 940
str2_mask.png 70007 238 492 750
str2_mask.png 70107 239 461 753
str2_mask.png 70423 240 423 551
str2_mask.png 70657 241 444 257
str2_mask.png 70923 242 764 139
str2_mask.png 71322 243 961 57
str2_mask.png 72123 244 1488 385
str2_mask.png 72790 245 556 634
str2_mask.png 73106 246 478 319
str2_mask.png 73356 247 884 426
str2_mask.png 73756 248 897 414
str2_mask.png 73973 249 906 389
str2_mask.png 74756 250 950 232
str2_mask.png 74906 251 954 216
str2_mask.png 75407 252 1429 348
str2_mask.png 75540 253 1405 383
#37
str2_mask.png 39005 149 673 190
str2_mask.png 39555 150 1040 347
str2_mask.png 40005 151 1113 781
str2_mask.png 40255 152 1115 776
str2_mask.png 40421 153 1367 695
str2_mask.png 40638 154 1251 814
str2_mask.png 40788 155 1252 812
str2_mask.png 41221 156 1016 474
str2_mask.png 41455 157 834 160
str2_mask.png 41805 158 894 139
str2_mask.png 42271 159 720 202
str2_mask.png 42455 160 896 92
str2_mask.png 43138 161 1137 81
str2_mask.png 43389 162 1468 360
str2_mask.png 43722 163 1429 613
str2_mask.png 43905 164 1261 800
str2_mask.png 44622 165 615 885
str2_mask.png 44971 166 461 750
str2_mask.png 45171 167 393 553
str2_mask.png 45405 168 490 300
str2_mask.png 45871 169 1002 184
str2_mask.png 46021 170 1253 170
str2_mask.png 46105 171 1188 151
str2_mask.png 46339 172 1365 195
str2_mask.png 46588 173 1481 451
str2_mask.png 46872 174 1024 219
str2_mask.png 47122 175 911 87
str2_mask.png 47538 176 468 328
str2_mask.png 47655 177 467 351
str2_mask.png 47871 178 1332 776
str2_mask.png 48222 179 1430 636
str2_mask.png 48438 180 938 295
#38
str2_mask.png 51115 189 971 556
str2_mask.png 52098 190 940 144
str2_mask.png 52332 191 933 158
str2_mask.png 52615 192 680 231
str2_mask.png 52698 193 694 208
str2_mask.png 52982 194 488 330
str2_mask.png 53232 195 484 361
str2_mask.png 53399 196 411 614
str2_mask.png 54248 197 444 562
str2_mask.png 54615 198 510 705
str2_mask.png 55198 199 710 824
str2_mask.png 55581 200 986 851
str2_mask.png 55865 201 1315 724
str2_mask.png 56498 202 1469 465
str2_mask.png 56765 203 1489 460
str2_mask.png 57132 204 1377 284
str2_mask.png 57415 205 1183 168
str2_mask.png 57765 206 1370 261
str2_mask.png 58148 207 1398 302
str2_mask.png 58398 208 1390 802
str2_mask.png 58598 209 1249 902
str2_mask.png 58931 210 994 947
str2_mask.png 59215 211 703 856
str2_mask.png 59615 212 486 727
str2_mask.png 59715 213 479 743
str2_mask.png 59832 214 418 520
str2_mask.png 60515 215 428 543
str2_mask.png 60682 216 466 524
str2_mask.png 60898 217 763 168
#39
str2_mask.png 51566 173 922 427
str2_mask.png 52932 176 1129 20
str2_mask.png 54583 177 1423 648
str2_mask.png 54750 178 1413 681
str2_mask.png 55017 179 1173 865
str2_mask.png 55333 180 908 935
str2_mask.png 55633 181 632 848
str2_mask.png 56350 182 381 720
str2_mask.png 56516 183 455 706
str2_mask.png 56699 184 387 533
str2_mask.png 56916 185 434 487
str2_mask.png 57399 186 395 247
str2_mask.png 58583 187 1275 106
str2_mask.png 59975 188 1337 145
str2_mask.png 60092 189 1352 125
str2_mask.png 60275 190 1361 178
str2_mask.png 60542 191 1334 198
str2_mask.png 60692 192 1534 369
str2_mask.png 61025 193 1476 315
str2_mask.png 61408 194 1468 298
#40
str2_mask.png 46288 178 1106 379
str2_mask.png 46572 179 1044 135
str2_mask.png 47055 180 772 133
str2_mask.png 47205 181 989 78
str2_mask.png 47606 182 1158 133
str2_mask.png 47940 183 1444 373
str2_mask.png 48656 184 1445 519
str2_mask.png 48940 185 1421 598
str2_mask.png 49206 186 1073 698
str2_mask.png 49423 187 1080 409
str2_mask.png 49906 188 978 446
str2_mask.png 50689 189 553 498
str2_mask.png 50839 190 451 540
str2_mask.png 51323 191 536 261
str2_mask.png 51523 192 685 173
str2_mask.png 52506 193 498 278
str2_mask.png 52772 194 927 446
str2_mask.png 53289 195 797 797
str2_mask.png 53456 196 743 867
str2_mask.png 53656 197 1007 925
str2_mask.png 54222 198 1294 814
str2_mask.png 54356 199 1246 798
str2_mask.png 54656 200 1406 622
str2_mask.png 55340 201 1125 767
str2_mask.png 55506 202 986 896
str2_mask.png 55773 203 1253 841
#41
str2_mask.png 47934 187 942 480
str2_mask.png 48333 188 598 368
str2_mask.png 48534 189 532 257
str2_mask.png 48900 190 1061 167
str2_mask.png 49217 191 1334 211
str2_mask.png 49467 192 928 167
str2_mask.png 49734 193 1151 194
str2_mask.png 49951 194 1404 305
str2_mask.png 50484 195 1493 425
str2_mask.png 50667 196 1281 249
str2_mask.png 50834 197 1366 279
str2_mask.png 51184 198 1479 415
str2_mask.png 51651 199 1430 679
str2_mask.png 51951 200 1234 798
str2_mask.png 52584 201 1396 705
str2_mask.png 53051 202 1200 821
str2_mask.png 53351 203 937 898
str2_mask.png 53651 204 833 905
str2_mask.png 54151 205 522 884
str2_mask.png 54283 206 677 854
str2_mask.png 54417 207 508 821
str2_mask.png 54633 208 343 728
str2_mask.png 55233 209 259 569
str2_mask.png 55500 210 316 372
str2_mask.png 56066 211 561 239
str2_mask.png 56550 212 850 208
str2_mask.png 56900 213 929 297
#42
str2_mask.png 58132 202 963 500
str2_mask.png 58365 203 814 106
str2_mask.png 58498 204 893 79
str2_mask.png 58748 205 631 105
str2_mask.png 59048 206 893 32
str2_mask.png 59265 207 607 115
str2_mask.png 59498 208 363 285
str2_mask.png 59614 209 417 295
str2_mask.png 59764 210 456 321
str2_mask.png 59998 211 388 545
str2_mask.png 60231 212 440 495
str2_mask.png 60431 213 471 708
str2_mask.png 60714 214 474 667
str2_mask.png 61348 215 678 823
str2_mask.png 61564 216 1198 112
str2_mask.png 61931 217 1405 189
str2_mask.png 62048 218 1376 204
str2_mask.png 62182 219 1452 351
str2_mask.png 62665 220 1423 576
str2_mask.png 62882 221 1413 639
str2_mask.png 63448 222 1242 806
str2_mask.png 63898 223 961 883
str2_mask.png 64215 224 693 852
str2_mask.png 64581 225 688 818
str2_mask.png 64998 226 656 808
str2_mask.png 65315 227 696 828
str2_mask.png 65665 228 927 892
str2_mask.png 66015 229 943 871
str2_mask.png 66165 230 937 867
str2_mask.png 66581 231 1018 881
str2_mask.png 66848 232 921 873
str2_mask.png 67165 233 1250 786
str2_mask.png 67498 234 1197 792
str2_mask.png 67731 235 1267 829
#43
