str20_ctwo.png 381876 1255 1012 552
str20_ctwo.png 382126 1256 491 575
str20_ctwo.png 382443 1257 460 545
str20_ctwo.png 382609 1258 1470 561
str20_ctwo.png 382743 1259 1352 583
str20_ctwo.png 383078 1260 1412 634
str20_ctwo.png 383845 1261 430 597
str20_ctwo.png 383948 1262 516 586
str20_ctwo.png 384414 1263 1454 590
str20_ctwo.png 384498 1264 1347 615
str20_ctwo.png 385965 1265 461 607
str20_ctwo.png 386065 1266 452 575
str20_ctwo.png 386716 1267 1329 554
#1
str20_ctwo.png 463809 1587 822 417
str20_ctwo.png 464192 1588 468 477
str20_ctwo.png 464375 1589 432 499
str20_ctwo.png 464659 1590 481 448
str20_ctwo.png 464992 1591 393 571
str20_ctwo.png 465492 1592 376 556
str20_ctwo.png 465642 1593 377 538
str20_ctwo.png 465759 1594 415 578
str20_ctwo.png 466276 1595 1302 506
str20_ctwo.png 466509 1596 1327 494
str20_ctwo.png 466826 1597 1455 485
str20_ctwo.png 467042 1598 1528 605
str20_ctwo.png 467292 1599 1397 651
str20_ctwo.png 467626 1600 1447 637
str20_ctwo.png 467776 1601 1332 459
str20_ctwo.png 468159 1602 1385 430
str20_ctwo.png 468492 1603 1342 420
str20_ctwo.png 468759 1604 1486 595
#2
str20_ctwo.png 378252 1023 472 489
str20_ctwo.png 378852 1024 450 565
str20_ctwo.png 379085 1025 432 525
str20_ctwo.png 379485 1026 489 384
str20_ctwo.png 379818 1027 502 402
str20_ctwo.png 380502 1028 1321 415
str20_ctwo.png 380719 1029 1416 404
str20_ctwo.png 380952 1030 1405 429
str20_ctwo.png 382052 1031 493 460
str20_ctwo.png 382318 1032 544 531
#3
str20_ctwo.png 419064 1363 516 444
str20_ctwo.png 420689 1364 1422 439
str20_ctwo.png 420893 1365 1341 421
str20_ctwo.png 421260 1366 1399 462
str20_ctwo.png 421493 1367 1396 399
str20_ctwo.png 421727 1368 1523 582
str20_ctwo.png 422010 1369 1504 472
str20_ctwo.png 422310 1370 472 474
str20_ctwo.png 422443 1371 553 466
str20_ctwo.png 422593 1372 457 545
str20_ctwo.png 422826 1373 519 385
str20_ctwo.png 422943 1374 500 402
str20_ctwo.png 423226 1375 553 396
str20_ctwo.png 423577 1376 1471 500
str20_ctwo.png 423743 1377 1545 435
#4
str20_ctwo.png 419639 1104 977 550
str20_ctwo.png 419888 1105 494 521
str20_ctwo.png 420021 1106 518 542
str20_ctwo.png 420254 1107 493 568
str20_ctwo.png 420571 1108 537 498
str20_ctwo.png 420821 1109 1394 574
str20_ctwo.png 421005 1110 1349 565
str20_ctwo.png 421138 1111 1481 667
str20_ctwo.png 422209 1112 1383 431
str20_ctwo.png 423878 1113 519 532
str20_ctwo.png 424211 1114 565 450
str20_ctwo.png 424311 1115 558 459
str20_ctwo.png 424578 1116 1051 566
#5
str20_ctwo.png 411769 1053 555 401
str20_ctwo.png 412203 1054 1413 487
str20_ctwo.png 412486 1055 1434 417
str20_ctwo.png 413087 1056 1540 517
str20_ctwo.png 413403 1057 1353 489
str20_ctwo.png 413586 1058 1357 407
str20_ctwo.png 413670 1059 1352 429
str20_ctwo.png 414170 1060 1554 495
str20_ctwo.png 415369 1061 670 505
str20_ctwo.png 415536 1062 669 509
#6
str20_ctwo.png 469725 1155 964 558
str20_ctwo.png 469875 1156 432 518
str20_ctwo.png 470058 1157 423 501
str20_ctwo.png 470225 1158 443 477
str20_ctwo.png 470558 1159 1380 482
str20_ctwo.png 470991 1160 1500 507
str20_ctwo.png 471475 1161 1497 632
str20_ctwo.png 471708 1162 1407 523
str20_ctwo.png 471925 1163 490 535
str20_ctwo.png 472525 1164 451 485
str20_ctwo.png 472808 1165 1406 508
str20_ctwo.png 474075 1166 548 561
str20_ctwo.png 474341 1167 493 547
str20_ctwo.png 474491 1168 474 559
#7
str20_ctwo.png 350670 857 495 487
str20_ctwo.png 350937 858 479 448
str20_ctwo.png 351920 859 471 554
str20_ctwo.png 352320 860 455 444
str20_ctwo.png 352787 861 522 446
str20_ctwo.png 353103 862 1421 506
str20_ctwo.png 353553 863 1335 477
str20_ctwo.png 354053 864 1462 577
str20_ctwo.png 354337 865 1329 445
str20_ctwo.png 354737 866 1395 414
str20_ctwo.png 355338 867 1398 568
#8
str20_ctwo.png 430203 1278 419 514
str20_ctwo.png 430353 1279 408 502
str20_ctwo.png 430570 1280 376 459
str20_ctwo.png 430853 1281 407 456
str20_ctwo.png 431070 1282 394 450
str20_ctwo.png 431253 1283 319 569
str20_ctwo.png 431636 1284 398 618
str20_ctwo.png 432036 1285 1361 472
str20_ctwo.png 432286 1286 1361 486
str20_ctwo.png 432719 1287 1468 560
str20_ctwo.png 432853 1288 1448 589
str20_ctwo.png 433003 1289 1464 580
str20_ctwo.png 433453 1290 1413 463
str20_ctwo.png 434120 1291 1414 474
str20_ctwo.png 434470 1292 1378 487
str20_ctwo.png 434670 1293 1338 490
#9
str20_ctwo.png 407547 855 740 496
str20_ctwo.png 407697 856 1417 490
str20_ctwo.png 407848 857 1396 486
str20_ctwo.png 407981 858 1401 509
str20_ctwo.png 408164 859 469 527
str20_ctwo.png 409331 860 452 482
str20_ctwo.png 411647 861 484 470
#10
str20_ctwo.png 379158 1165 596 537
str20_ctwo.png 379741 1166 1391 546
str20_ctwo.png 379842 1167 1343 525
str20_ctwo.png 379976 1168 1396 531
str20_ctwo.png 380679 1169 484 539
str20_ctwo.png 380763 1170 540 508
str20_ctwo.png 380946 1171 546 589
str20_ctwo.png 381213 1172 492 581
str20_ctwo.png 381771 1173 559 510
str20_ctwo.png 381961 1174 485 487
str20_ctwo.png 382162 1175 530 492
str20_ctwo.png 382462 1176 484 491
str20_ctwo.png 382679 1177 458 490
str20_ctwo.png 383062 1178 559 491
str20_ctwo.png 383296 1179 594 552
str20_ctwo.png 383596 1180 524 572
#11
str20_ctwo.png 421094 1212 656 408
str20_ctwo.png 421244 1213 364 461
str20_ctwo.png 421394 1214 462 401
str20_ctwo.png 421627 1215 438 364
str20_ctwo.png 421911 1216 497 341
str20_ctwo.png 422477 1217 569 422
str20_ctwo.png 422677 1218 455 425
str20_ctwo.png 422927 1219 416 403
str20_ctwo.png 423061 1220 412 471
str20_ctwo.png 423211 1221 490 556
str20_ctwo.png 423777 1222 476 531
str20_ctwo.png 423944 1223 1480 442
str20_ctwo.png 424061 1224 1391 463
str20_ctwo.png 424311 1225 1340 412
str20_ctwo.png 424695 1226 1477 410
str20_ctwo.png 425411 1227 480 354
#12
str20_ctwo.png 461721 1338 890 438
str20_ctwo.png 462058 1339 603 446
str20_ctwo.png 462224 1340 1356 466
str20_ctwo.png 462408 1341 1306 451
str20_ctwo.png 462659 1342 390 439
str20_ctwo.png 462775 1343 479 468
str20_ctwo.png 463159 1344 56 168
str20_ctwo.png 465828 1352 450 498
str20_ctwo.png 465928 1353 483 490
#13
str20_ctwo.png 397622 1057 547 519
str20_ctwo.png 397938 1058 470 531
str20_ctwo.png 398422 1059 1343 526
str20_ctwo.png 398572 1060 1334 500
str20_ctwo.png 398722 1061 1376 458
str20_ctwo.png 399122 1062 1519 576
str20_ctwo.png 399672 1063 1338 585
str20_ctwo.png 399938 1064 1347 451
str20_ctwo.png 400855 1065 474 500
str20_ctwo.png 401521 1066 476 443
str20_ctwo.png 402005 1067 509 459
#14
str20_ctwo.png 521739 1439 1033 446
str20_ctwo.png 522017 1440 555 414
str20_ctwo.png 522350 1441 515 407
str20_ctwo.png 522617 1442 498 383
str20_ctwo.png 522917 1443 470 417
str20_ctwo.png 523484 1444 1417 428
str20_ctwo.png 524001 1445 1465 462
str20_ctwo.png 524201 1446 1437 535
str20_ctwo.png 524468 1447 1388 463
str20_ctwo.png 524801 1448 1509 430
str20_ctwo.png 525301 1449 1402 382
str20_ctwo.png 525918 1450 1524 528
str20_ctwo.png 526118 1451 1516 508
#15
str20_ctwo.png 385362 1271 1418 521
str20_ctwo.png 385496 1272 1375 537
str20_ctwo.png 385797 1273 569 526
str20_ctwo.png 385897 1274 555 541
str20_ctwo.png 386432 1276 1359 532
str20_ctwo.png 386749 1277 520 540
str20_ctwo.png 386998 1278 483 543
str20_ctwo.png 387499 1279 529 527
str20_ctwo.png 387832 1280 1323 525
str20_ctwo.png 388015 1281 1412 530
str20_ctwo.png 388166 1282 1369 534
str20_ctwo.png 388733 1283 529 515
str20_ctwo.png 388949 1284 479 532
str20_ctwo.png 389866 1285 531 521
#16
str20_ctwo.png 401512 1120 814 421
str20_ctwo.png 401962 1121 446 552
str20_ctwo.png 402363 1122 439 487
str20_ctwo.png 402966 1123 440 495
str20_ctwo.png 403333 1124 485 470
str20_ctwo.png 403683 1125 353 471
str20_ctwo.png 403966 1126 472 456
str20_ctwo.png 404484 1127 1409 478
str20_ctwo.png 404784 1128 1352 449
str20_ctwo.png 405318 1129 1415 431
str20_ctwo.png 406074 1130 1344 416
str20_ctwo.png 406290 1131 1347 430
#17
str20_ctwo.png 458392 1272 1010 350
str20_ctwo.png 458912 1273 481 431
str20_ctwo.png 459128 1274 966 417
str20_ctwo.png 459611 1275 494 412
str20_ctwo.png 460245 1276 438 469
str20_ctwo.png 460595 1277 532 479
str20_ctwo.png 461195 1278 1428 464
str20_ctwo.png 461328 1279 1382 502
str20_ctwo.png 461412 1280 1408 491
str20_ctwo.png 461595 1281 1469 536
str20_ctwo.png 461845 1282 1378 565
str20_ctwo.png 461962 1283 1324 553
str20_ctwo.png 462396 1284 1282 545
str20_ctwo.png 462596 1285 1312 550
#18
str20_ctwo.png 385170 1137 498 530
str20_ctwo.png 385520 1138 538 509
str20_ctwo.png 385853 1139 466 551
str20_ctwo.png 386337 1140 494 467
str20_ctwo.png 386720 1141 545 494
str20_ctwo.png 387203 1142 1418 529
str20_ctwo.png 387753 1143 1425 544
str20_ctwo.png 387987 1144 1316 531
str20_ctwo.png 388304 1145 1488 602
str20_ctwo.png 388854 1146 1383 568
str20_ctwo.png 389070 1147 1503 540
str20_ctwo.png 389804 1148 1485 602
#19
str20_ctwo.png 370134 1286 846 504
str20_ctwo.png 370351 1287 523 542
str20_ctwo.png 370768 1288 1342 480
str20_ctwo.png 371051 1289 1380 601
str20_ctwo.png 371418 1290 459 490
str20_ctwo.png 371668 1291 486 511
str20_ctwo.png 371785 1292 456 597
str20_ctwo.png 372085 1293 533 482
str20_ctwo.png 372468 1294 1345 521
str20_ctwo.png 372902 1295 1491 611
str20_ctwo.png 373335 1296 1543 496
str20_ctwo.png 373602 1297 571 464
str20_ctwo.png 373802 1298 460 491
str20_ctwo.png 374318 1299 551 486
str20_ctwo.png 374635 1300 1435 437
str20_ctwo.png 374769 1301 1402 476
#20
str20_ctwo.png 363528 1129 512 516
str20_ctwo.png 364128 1130 1352 540
str20_ctwo.png 364978 1132 454 529
str20_ctwo.png 365678 1133 515 521
str20_ctwo.png 366062 1134 1418 540
str20_ctwo.png 366712 1135 1343 521
str20_ctwo.png 367479 1136 1393 502
#21
str20_ctwo.png 377126 1156 894 517
str20_ctwo.png 377426 1157 896 528
str20_ctwo.png 377593 1158 429 505
str20_ctwo.png 377742 1159 487 518
str20_ctwo.png 378142 1160 466 478
str20_ctwo.png 379059 1161 727 451
str20_ctwo.png 379526 1162 1356 467
str20_ctwo.png 379776 1163 1461 493
str20_ctwo.png 379976 1164 1388 519
str20_ctwo.png 380476 1165 1352 505
str20_ctwo.png 380742 1166 1489 502
str20_ctwo.png 381042 1167 1390 483
str20_ctwo.png 381743 1168 1468 558
str20_ctwo.png 381876 1169 1501 635
#22
str20_ctwo.png 354956 1069 1048 436
str20_ctwo.png 355328 1070 546 461
str20_ctwo.png 355545 1071 444 538
str20_ctwo.png 355812 1072 1209 525
str20_ctwo.png 356012 1073 1380 547
str20_ctwo.png 356662 1074 574 475
str20_ctwo.png 356896 1075 491 500
str20_ctwo.png 357562 1076 506 525
str20_ctwo.png 357729 1077 472 503
str20_ctwo.png 357962 1078 1392 558
str20_ctwo.png 358063 1079 1378 502
str20_ctwo.png 358613 1080 1619 583
str20_ctwo.png 358913 1081 1566 555
str20_ctwo.png 359713 1082 1336 449
str20_ctwo.png 359930 1083 1338 446
#23
str20_ctwo.png 452598 1459 829 548
str20_ctwo.png 452878 1460 449 517
str20_ctwo.png 452994 1461 494 512
str20_ctwo.png 453111 1462 502 463
str20_ctwo.png 453328 1463 436 548
str20_ctwo.png 453544 1464 466 555
str20_ctwo.png 453744 1465 514 448
str20_ctwo.png 454028 1466 1345 497
str20_ctwo.png 454261 1467 1453 504
str20_ctwo.png 454646 1468 1340 477
str20_ctwo.png 454829 1469 1574 582
str20_ctwo.png 455179 1470 1638 595
str20_ctwo.png 455512 1471 478 552
str20_ctwo.png 455796 1472 468 506
str20_ctwo.png 455962 1473 1360 490
str20_ctwo.png 456579 1474 1469 450
str20_ctwo.png 456929 1475 1640 584
str20_ctwo.png 457229 1476 1578 626
str20_ctwo.png 457512 1477 1617 614
str20_ctwo.png 457595 1478 1603 642
#24
str20_ctwo.png 349380 1033 991 529
str20_ctwo.png 349734 1034 1468 477
str20_ctwo.png 351292 1035 460 506
str20_ctwo.png 351458 1036 1473 466
str20_ctwo.png 351625 1037 1439 469
str20_ctwo.png 351909 1038 1424 513
str20_ctwo.png 352076 1039 1367 472
str20_ctwo.png 352508 1040 458 437
str20_ctwo.png 352675 1041 475 434
str20_ctwo.png 353245 1042 521 441
str20_ctwo.png 353567 1043 1294 477
str20_ctwo.png 353717 1044 1226 471
str20_ctwo.png 353934 1045 510 475
str20_ctwo.png 354250 1046 1417 455
#25
str20_ctwo.png 376880 1129 951 564
str20_ctwo.png 377151 1130 958 551
str20_ctwo.png 377451 1131 893 528
str20_ctwo.png 377801 1132 876 526
str20_ctwo.png 377968 1133 862 491
str20_ctwo.png 378135 1134 864 484
str20_ctwo.png 378368 1135 895 521
str20_ctwo.png 378751 1136 873 521
str20_ctwo.png 379801 1137 950 585
str20_ctwo.png 380185 1138 946 539
str20_ctwo.png 380385 1139 932 547
str20_ctwo.png 380568 1140 904 536
str20_ctwo.png 380901 1141 924 510
str20_ctwo.png 381285 1142 887 509
str20_ctwo.png 381635 1143 905 543
#26
str20_ctwo.png 429776 1359 495 507
str20_ctwo.png 430243 1360 1394 477
str20_ctwo.png 430343 1361 1309 502
str20_ctwo.png 430927 1362 1477 656
str20_ctwo.png 431663 1363 419 555
str20_ctwo.png 431896 1364 473 535
str20_ctwo.png 432479 1365 411 537
str20_ctwo.png 432696 1366 348 570
str20_ctwo.png 433179 1367 1186 563
str20_ctwo.png 433313 1368 1391 527
str20_ctwo.png 433713 1369 1404 531
str20_ctwo.png 433866 1370 1349 485
str20_ctwo.png 434016 1371 1331 524
str20_ctwo.png 434333 1372 1420 508
#27
str20_ctwo.png 373701 1152 533 478
str20_ctwo.png 374018 1153 536 476
str20_ctwo.png 374101 1154 510 469
str20_ctwo.png 374435 1155 548 429
str20_ctwo.png 374684 1156 552 426
str20_ctwo.png 375135 1157 1337 518
str20_ctwo.png 375452 1158 1460 529
str20_ctwo.png 375702 1159 1454 525
str20_ctwo.png 376018 1160 1352 490
str20_ctwo.png 376435 1161 455 499
str20_ctwo.png 376552 1162 501 502
str20_ctwo.png 376768 1163 541 456
str20_ctwo.png 377185 1164 1433 525
str20_ctwo.png 377902 1165 468 509
str20_ctwo.png 378068 1166 576 501
str20_ctwo.png 378268 1167 433 566
#28
str20_ctwo.png 498420 1483 958 553
str20_ctwo.png 498637 1484 473 477
str20_ctwo.png 499054 1485 1453 483
str20_ctwo.png 499420 1486 433 447
str20_ctwo.png 499771 1487 455 452
str20_ctwo.png 500353 1488 415 581
str20_ctwo.png 501070 1489 428 463
str20_ctwo.png 501437 1490 400 458
str20_ctwo.png 501820 1491 417 659
str20_ctwo.png 501953 1492 477 606
str20_ctwo.png 502286 1493 530 653
str20_ctwo.png 502503 1494 1360 461
str20_ctwo.png 502853 1495 1432 471
str20_ctwo.png 503132 1496 1469 452
#29
str20_ctwo.png 424852 1246 518 578
str20_ctwo.png 425103 1247 509 500
str20_ctwo.png 425454 1248 442 583
str20_ctwo.png 425770 1249 1430 563
str20_ctwo.png 426020 1250 1399 453
str20_ctwo.png 426370 1251 1558 521
str20_ctwo.png 426454 1252 1506 536
str20_ctwo.png 426737 1253 1352 493
str20_ctwo.png 427154 1254 1314 545
str20_ctwo.png 427354 1255 1543 573
str20_ctwo.png 427704 1256 1543 620
str20_ctwo.png 427921 1257 1513 469
str20_ctwo.png 428371 1258 1460 444
str20_ctwo.png 429021 1259 1581 583
str20_ctwo.png 429421 1260 1528 670
#30
str20_ctwo.png 403936 1282 533 570
str20_ctwo.png 404102 1283 517 560
str20_ctwo.png 404302 1284 461 524
str20_ctwo.png 404869 1285 486 498
str20_ctwo.png 405102 1286 513 475
str20_ctwo.png 405369 1287 424 609
str20_ctwo.png 405652 1288 466 621
str20_ctwo.png 405919 1289 1475 540
str20_ctwo.png 406119 1290 1342 511
str20_ctwo.png 406619 1291 1472 665
str20_ctwo.png 406969 1292 1590 643
str20_ctwo.png 407136 1293 1577 587
str20_ctwo.png 407319 1294 1395 464
str20_ctwo.png 407569 1295 507 514
str20_ctwo.png 407869 1296 538 492
str20_ctwo.png 408086 1297 491 477
str20_ctwo.png 408436 1298 1197 667
#31
str20_ctwo.png 396402 1267 496 516
str20_ctwo.png 396719 1268 1366 487
str20_ctwo.png 396869 1269 1314 474
str20_ctwo.png 397186 1270 412 513
str20_ctwo.png 397439 1271 506 465
str20_ctwo.png 398056 1272 1362 448
str20_ctwo.png 398206 1273 1325 459
str20_ctwo.png 398556 1274 1390 468
str20_ctwo.png 399140 1275 1346 453
str20_ctwo.png 399590 1276 421 451
str20_ctwo.png 399806 1277 464 464
str20_ctwo.png 400289 1278 523 447
str20_ctwo.png 400506 1279 467 474
#32
str20_ctwo.png 402080 1347 528 497
str20_ctwo.png 402463 1348 513 459
str20_ctwo.png 402963 1349 508 452
str20_ctwo.png 403163 1350 569 465
str20_ctwo.png 403463 1351 541 461
str20_ctwo.png 403780 1352 1440 452
str20_ctwo.png 403914 1353 1398 436
str20_ctwo.png 404081 1354 1351 456
str20_ctwo.png 404565 1355 1411 444
str20_ctwo.png 404831 1356 1338 439
str20_ctwo.png 405198 1357 452 482
str20_ctwo.png 405564 1358 529 492
str20_ctwo.png 406066 1359 1401 483
str20_ctwo.png 406433 1360 1510 465
str20_ctwo.png 406800 1361 1412 415
#33
str20_ctwo.png 487938 1244 517 408
str20_ctwo.png 488522 1245 514 395
str20_ctwo.png 488890 1246 1406 427
str20_ctwo.png 489374 1247 489 459
str20_ctwo.png 489740 1248 387 534
str20_ctwo.png 489824 1249 419 533
str20_ctwo.png 490007 1250 451 418
str20_ctwo.png 490390 1251 410 424
str20_ctwo.png 490824 1252 1386 480
str20_ctwo.png 491007 1253 1363 485
str20_ctwo.png 491340 1254 1432 418
str20_ctwo.png 491690 1255 1342 426
#34
str20_ctwo.png 386115 1090 515 486
str20_ctwo.png 386851 1091 1404 493
str20_ctwo.png 387085 1092 1414 510
str20_ctwo.png 387285 1093 1401 511
str20_ctwo.png 387701 1094 1398 498
str20_ctwo.png 387901 1095 1395 495
str20_ctwo.png 388202 1096 524 515
str20_ctwo.png 388318 1097 568 495
str20_ctwo.png 388534 1098 570 511
str20_ctwo.png 388867 1099 575 516
str20_ctwo.png 389723 1100 1425 509
str20_ctwo.png 390424 1101 1415 530
#35
str20_ctwo.png 389835 1249 944 539
str20_ctwo.png 390293 1250 465 461
str20_ctwo.png 390426 1251 496 468
str20_ctwo.png 390809 1252 1267 460
str20_ctwo.png 391026 1253 1376 473
str20_ctwo.png 391492 1254 1400 501
str20_ctwo.png 391610 1255 1547 509
str20_ctwo.png 392126 1256 1364 449
str20_ctwo.png 392426 1257 1364 463
str20_ctwo.png 393112 1258 1336 487
str20_ctwo.png 393368 1259 1287 498
str20_ctwo.png 393851 1260 518 468
str20_ctwo.png 394251 1261 1345 483
str20_ctwo.png 394421 1262 700 493
str20_ctwo.png 394671 1263 505 469
#36
str20_ctwo.png 424231 1266 964 487
str20_ctwo.png 424531 1267 537 462
str20_ctwo.png 424798 1268 546 494
str20_ctwo.png 425165 1269 539 504
str20_ctwo.png 425415 1270 1356 508
str20_ctwo.png 425582 1271 1338 525
str20_ctwo.png 425748 1272 1339 507
str20_ctwo.png 426582 1273 622 489
str20_ctwo.png 426765 1274 602 467
str20_ctwo.png 426882 1275 600 486
str20_ctwo.png 427316 1276 1486 551
str20_ctwo.png 427899 1277 509 572
str20_ctwo.png 428015 1278 479 535
#37
str20_ctwo.png 390238 1227 994 514
str20_ctwo.png 390328 1228 969 558
str20_ctwo.png 390914 1229 473 509
str20_ctwo.png 392348 1230 1297 430
str20_ctwo.png 392532 1231 1458 452
str20_ctwo.png 392970 1232 568 488
str20_ctwo.png 393086 1233 571 465
str20_ctwo.png 393620 1234 1774 495
str20_ctwo.png 393987 1235 557 479
str20_ctwo.png 394070 1236 559 493
str20_ctwo.png 394303 1237 334 447
str20_ctwo.png 394487 1238 405 494
str20_ctwo.png 394637 1239 463 473
str20_ctwo.png 394903 1240 724 461
#38
str20_ctwo.png 388583 1040 1311 503
str20_ctwo.png 388833 1041 578 491
str20_ctwo.png 389016 1042 514 493
str20_ctwo.png 389616 1043 1309 523
str20_ctwo.png 390016 1044 1299 531
str20_ctwo.png 390400 1045 1330 467
str20_ctwo.png 390816 1046 602 525
str20_ctwo.png 391550 1047 1335 562
str20_ctwo.png 392150 1048 1326 571
#39
str20_ctwo.png 357887 928 735 391
str20_ctwo.png 358071 929 503 466
str20_ctwo.png 358854 930 1320 421
str20_ctwo.png 359654 931 379 398
str20_ctwo.png 359804 932 512 363
str20_ctwo.png 359971 933 476 372
str20_ctwo.png 360254 934 530 370
str20_ctwo.png 360471 935 534 390
str20_ctwo.png 361171 936 1481 445
str20_ctwo.png 361521 937 1337 458
str20_ctwo.png 362124 938 760 467
#40
str20_ctwo.png 397171 1128 956 481
str20_ctwo.png 397455 1129 1338 437
str20_ctwo.png 398188 1130 516 452
str20_ctwo.png 398337 1131 611 464
str20_ctwo.png 398588 1132 595 473
str20_ctwo.png 398988 1133 1426 473
str20_ctwo.png 399105 1134 1366 455
str20_ctwo.png 399772 1135 486 461
str20_ctwo.png 400072 1136 547 470
str20_ctwo.png 400722 1137 1474 420
str20_ctwo.png 400839 1138 1401 407
str20_ctwo.png 401623 1139 561 452
#41
str20_ctwo.png 359895 938 986 534
str20_ctwo.png 360196 939 483 518
str20_ctwo.png 360429 940 358 529
str20_ctwo.png 360829 941 397 499
str20_ctwo.png 361595 942 516 505
str20_ctwo.png 361812 943 1516 532
str20_ctwo.png 361913 944 1344 535
str20_ctwo.png 362230 945 1431 513
str20_ctwo.png 362613 946 1347 516
str20_ctwo.png 363496 947 1201 515
str20_ctwo.png 364246 948 440 519
str20_ctwo.png 364891 949 1472 545
#42
str20_ctwo.png 392278 1236 505 434
str20_ctwo.png 392578 1237 481 402
str20_ctwo.png 392862 1238 1425 405
str20_ctwo.png 392979 1239 1390 422
str20_ctwo.png 393596 1240 1378 423
str20_ctwo.png 393779 1241 1439 497
str20_ctwo.png 394328 1242 514 431
str20_ctwo.png 394745 1243 491 403
str20_ctwo.png 395478 1244 420 500
str20_ctwo.png 395862 1245 445 519
str20_ctwo.png 396128 1246 503 557
str20_ctwo.png 396345 1247 485 402
#43
