str3_ctwo.png 282736 966 803 503
str3_ctwo.png 282936 967 502 532
str3_ctwo.png 283402 968 1555 516
str3_ctwo.png 283586 969 1497 501
str3_ctwo.png 284220 970 478 542
str3_ctwo.png 284369 971 563 546
str3_ctwo.png 284469 972 446 598
str3_ctwo.png 285024 973 528 495
str3_ctwo.png 286048 974 415 612
str3_ctwo.png 286448 975 531 505
str3_ctwo.png 287015 976 525 475
str3_ctwo.png 287315 977 1474 497
str3_ctwo.png 287466 978 1491 503
#1
str3_ctwo.png 336772 1147 554 400
str3_ctwo.png 337039 1148 559 471
str3_ctwo.png 337272 1149 538 475
str3_ctwo.png 337489 1150 436 575
str3_ctwo.png 337672 1151 421 601
str3_ctwo.png 338255 1152 548 419
str3_ctwo.png 338839 1153 1425 457
str3_ctwo.png 339206 1154 1375 550
str3_ctwo.png 339389 1155 1354 567
str3_ctwo.png 339606 1156 1419 407
str3_ctwo.png 339889 1157 1451 422
str3_ctwo.png 340222 1158 1528 485
str3_ctwo.png 340589 1159 515 487
str3_ctwo.png 340872 1160 541 485
str3_ctwo.png 341172 1161 424 592
str3_ctwo.png 341405 1162 509 609
#2
str3_ctwo.png 269506 776 749 340
str3_ctwo.png 269835 777 530 409
str3_ctwo.png 270101 778 550 437
str3_ctwo.png 270368 779 546 431
str3_ctwo.png 270568 780 552 385
str3_ctwo.png 271184 781 1370 396
str3_ctwo.png 271335 782 1425 398
str3_ctwo.png 272068 783 1429 346
str3_ctwo.png 273018 784 1419 346
str3_ctwo.png 274051 785 544 426
str3_ctwo.png 274351 786 573 370
#3
str3_ctwo.png 314583 1009 847 366
str3_ctwo.png 314799 1010 521 408
str3_ctwo.png 314899 1011 592 408
str3_ctwo.png 315115 1012 599 397
str3_ctwo.png 315599 1013 534 533
str3_ctwo.png 315815 1014 438 564
str3_ctwo.png 316866 1015 1549 456
str3_ctwo.png 317372 1016 1427 393
str3_ctwo.png 317673 1017 1424 384
str3_ctwo.png 318030 1018 1564 459
str3_ctwo.png 318641 1019 1470 363
str3_ctwo.png 318757 1020 1422 377
str3_ctwo.png 318941 1021 1461 369
str3_ctwo.png 319192 1022 1438 355
str3_ctwo.png 319375 1023 1440 375
#4
str3_ctwo.png 308907 790 1463 514
str3_ctwo.png 309207 791 1446 497
str3_ctwo.png 309474 792 609 544
str3_ctwo.png 309557 793 566 528
str3_ctwo.png 309892 794 513 619
str3_ctwo.png 310192 795 461 611
str3_ctwo.png 310309 796 618 397
str3_ctwo.png 311493 797 553 527
str3_ctwo.png 311959 798 506 560
str3_ctwo.png 312243 799 1410 513
str3_ctwo.png 312543 800 1445 398
str3_ctwo.png 312793 801 1439 427
str3_ctwo.png 312960 802 1469 490
str3_ctwo.png 313560 803 481 525
str3_ctwo.png 313646 804 505 537
#5
str3_ctwo.png 306566 791 812 308
str3_ctwo.png 306849 792 647 351
str3_ctwo.png 307566 793 567 424
str3_ctwo.png 307832 794 661 402
str3_ctwo.png 308249 795 1488 392
str3_ctwo.png 308633 796 1561 468
str3_ctwo.png 308900 797 1410 512
str3_ctwo.png 309419 798 1394 474
str3_ctwo.png 309855 799 1404 471
str3_ctwo.png 310222 800 578 397
str3_ctwo.png 310721 801 854 418
str3_ctwo.png 310955 802 821 441
#6
str3_ctwo.png 336796 851 1060 481
str3_ctwo.png 337780 852 471 476
str3_ctwo.png 338214 853 477 566
str3_ctwo.png 339217 854 433 466
str3_ctwo.png 339616 855 474 433
str3_ctwo.png 340116 856 487 521
str3_ctwo.png 340483 857 467 574
str3_ctwo.png 340950 858 1406 459
str3_ctwo.png 341135 859 1394 484
#7
str3_ctwo.png 254295 609 764 418
str3_ctwo.png 254545 610 578 407
str3_ctwo.png 254895 611 1399 464
str3_ctwo.png 255179 612 1447 377
str3_ctwo.png 255379 613 586 399
str3_ctwo.png 255745 614 1396 398
str3_ctwo.png 255995 615 1443 383
str3_ctwo.png 256312 616 629 377
str3_ctwo.png 256462 617 549 395
str3_ctwo.png 256662 618 1399 432
str3_ctwo.png 256995 619 1462 379
str3_ctwo.png 257312 620 565 414
str3_ctwo.png 257762 621 451 557
str3_ctwo.png 258012 622 548 435
str3_ctwo.png 258478 623 403 605
str3_ctwo.png 258895 624 847 459
str3_ctwo.png 259045 625 578 405
#8
str3_ctwo.png 306997 938 515 440
str3_ctwo.png 307264 939 410 505
str3_ctwo.png 307764 940 370 589
str3_ctwo.png 308064 941 1381 474
str3_ctwo.png 308331 942 1449 422
str3_ctwo.png 308747 943 1565 488
str3_ctwo.png 309347 944 1455 383
str3_ctwo.png 309981 945 1572 482
str3_ctwo.png 310347 946 1405 587
str3_ctwo.png 310797 947 1436 384
str3_ctwo.png 311181 948 505 432
#9
str3_ctwo.png 289094 674 1485 443
str3_ctwo.png 289211 675 1429 468
str3_ctwo.png 291278 676 556 474
str3_ctwo.png 291678 677 451 559
str3_ctwo.png 292127 678 1318 486
str3_ctwo.png 292344 679 1433 471
#10
str3_ctwo.png 270764 834 1544 523
str3_ctwo.png 271016 835 1480 433
str3_ctwo.png 271233 836 1504 429
str3_ctwo.png 271917 837 604 450
str3_ctwo.png 272101 838 597 430
str3_ctwo.png 272403 839 529 536
str3_ctwo.png 272720 840 596 457
str3_ctwo.png 273171 841 1475 419
str3_ctwo.png 273506 842 1524 460
str3_ctwo.png 273706 843 1579 503
str3_ctwo.png 274039 844 1471 511
str3_ctwo.png 274239 845 1585 523
str3_ctwo.png 274590 846 488 501
str3_ctwo.png 274707 847 551 460
str3_ctwo.png 274874 848 616 457
#11
str3_ctwo.png 308346 853 532 394
str3_ctwo.png 308763 854 568 351
str3_ctwo.png 309213 855 448 473
str3_ctwo.png 309413 856 402 530
str3_ctwo.png 309780 857 511 506
str3_ctwo.png 310230 858 589 333
str3_ctwo.png 310596 859 539 332
str3_ctwo.png 311030 860 1475 385
str3_ctwo.png 311247 861 1541 502
str3_ctwo.png 311597 862 1463 468
str3_ctwo.png 311864 863 1511 386
str3_ctwo.png 312114 864 1504 385
str3_ctwo.png 312364 865 1462 324
str3_ctwo.png 312647 866 1449 393
#12
str3_ctwo.png 316961 984 1512 423
str3_ctwo.png 317078 985 1446 438
str3_ctwo.png 317329 986 531 448
str3_ctwo.png 317612 987 1492 483
str3_ctwo.png 317696 988 1442 484
str3_ctwo.png 317846 989 1460 405
str3_ctwo.png 318296 990 486 457
str3_ctwo.png 318529 991 548 445
str3_ctwo.png 318762 992 538 398
str3_ctwo.png 319048 993 486 567
str3_ctwo.png 319465 994 1505 424
str3_ctwo.png 319598 995 1438 444
str3_ctwo.png 319865 996 1467 525
str3_ctwo.png 320032 997 1468 389
str3_ctwo.png 320399 998 1463 411
str3_ctwo.png 320832 999 1461 590
#13
str3_ctwo.png 298057 837 552 448
str3_ctwo.png 298507 838 423 550
str3_ctwo.png 298807 839 652 483
str3_ctwo.png 298991 840 1394 441
str3_ctwo.png 299074 841 1373 444
str3_ctwo.png 299890 842 1433 413
str3_ctwo.png 300926 843 1416 487
str3_ctwo.png 301192 844 543 478
str3_ctwo.png 301558 845 430 537
str3_ctwo.png 302259 846 526 423
str3_ctwo.png 302642 847 1406 449
str3_ctwo.png 302725 848 1369 441
#14
str3_ctwo.png 377238 1083 842 381
str3_ctwo.png 377372 1084 505 393
str3_ctwo.png 377505 1085 586 362
str3_ctwo.png 377805 1086 502 434
str3_ctwo.png 378105 1087 456 500
str3_ctwo.png 378338 1088 588 323
str3_ctwo.png 378872 1089 1461 336
str3_ctwo.png 379105 1090 1516 357
str3_ctwo.png 379272 1091 1504 349
str3_ctwo.png 379605 1092 1491 303
str3_ctwo.png 379856 1093 1496 287
str3_ctwo.png 380055 1094 1481 434
str3_ctwo.png 380495 1095 1422 395
str3_ctwo.png 380983 1096 1538 387
str3_ctwo.png 381316 1097 1484 319
str3_ctwo.png 381550 1098 450 423
str3_ctwo.png 381832 1099 599 380
#15
str3_ctwo.png 283255 954 497 497
str3_ctwo.png 283405 955 532 516
str3_ctwo.png 283738 956 586 538
str3_ctwo.png 283955 957 1395 512
str3_ctwo.png 284238 958 1462 531
str3_ctwo.png 284389 959 1411 521
str3_ctwo.png 286722 960 529 556
str3_ctwo.png 287505 961 472 544
str3_ctwo.png 287655 962 509 552
#16
str3_ctwo.png 305250 840 929 471
str3_ctwo.png 305634 841 1463 354
str3_ctwo.png 306067 842 1492 507
str3_ctwo.png 306616 843 587 479
str3_ctwo.png 306933 844 459 577
str3_ctwo.png 307083 845 475 557
str3_ctwo.png 307250 846 452 574
str3_ctwo.png 307550 847 482 408
str3_ctwo.png 307816 848 495 434
str3_ctwo.png 308533 849 575 438
str3_ctwo.png 308616 850 478 490
str3_ctwo.png 309384 851 1480 370
str3_ctwo.png 309967 852 1598 505
#17
str3_ctwo.png 347707 964 1088 350
str3_ctwo.png 348710 965 1437 385
str3_ctwo.png 349482 966 483 522
str3_ctwo.png 349716 967 524 568
str3_ctwo.png 349966 968 564 420
str3_ctwo.png 350466 969 504 477
str3_ctwo.png 351317 970 1466 490
str3_ctwo.png 351571 971 1465 499
str3_ctwo.png 351821 972 1450 485
str3_ctwo.png 352120 973 1401 497
str3_ctwo.png 352220 974 1408 507
str3_ctwo.png 352704 975 1446 503
#18
str3_ctwo.png 277292 873 567 464
str3_ctwo.png 277575 874 551 510
str3_ctwo.png 277742 875 499 584
str3_ctwo.png 278175 876 545 460
str3_ctwo.png 278508 877 1455 523
str3_ctwo.png 278742 878 1464 471
str3_ctwo.png 278942 879 1536 510
str3_ctwo.png 279492 880 1444 437
str3_ctwo.png 279759 881 1528 488
str3_ctwo.png 280025 882 1561 510
str3_ctwo.png 280442 883 1464 427
str3_ctwo.png 280909 884 606 451
str3_ctwo.png 281075 885 578 483
str3_ctwo.png 281259 886 538 602
str3_ctwo.png 281575 887 455 613
str3_ctwo.png 281925 888 580 449
#19
str3_ctwo.png 257826 931 864 412
str3_ctwo.png 258060 932 604 461
str3_ctwo.png 258477 933 1411 489
str3_ctwo.png 258593 934 1459 430
str3_ctwo.png 259044 935 576 447
str3_ctwo.png 259344 936 519 587
str3_ctwo.png 259594 937 595 425
str3_ctwo.png 260111 938 1436 464
str3_ctwo.png 260328 939 1472 471
str3_ctwo.png 260728 940 1439 439
str3_ctwo.png 261045 941 1503 529
str3_ctwo.png 261311 942 1537 527
str3_ctwo.png 261495 943 588 494
str3_ctwo.png 261578 944 561 465
str3_ctwo.png 261828 945 468 621
str3_ctwo.png 262178 946 590 447
#20
str3_ctwo.png 264365 838 573 437
str3_ctwo.png 264765 839 455 609
str3_ctwo.png 265048 840 578 456
str3_ctwo.png 265382 841 1501 439
str3_ctwo.png 265482 842 1463 454
str3_ctwo.png 265799 843 1366 574
str3_ctwo.png 265965 844 490 521
str3_ctwo.png 266082 845 517 535
str3_ctwo.png 266299 846 557 440
str3_ctwo.png 266882 847 407 598
str3_ctwo.png 266998 848 438 615
str3_ctwo.png 267382 849 573 462
str3_ctwo.png 267731 850 1485 466
str3_ctwo.png 267865 851 1465 454
str3_ctwo.png 268449 852 504 458
str3_ctwo.png 268782 853 551 433
#21
str3_ctwo.png 276273 848 945 540
str3_ctwo.png 276373 849 943 522
str3_ctwo.png 276623 850 565 465
str3_ctwo.png 277006 851 507 419
str3_ctwo.png 277256 852 513 439
str3_ctwo.png 277640 853 396 625
str3_ctwo.png 277823 854 526 478
str3_ctwo.png 278407 855 1482 456
str3_ctwo.png 278607 856 1565 522
str3_ctwo.png 278857 857 1444 424
str3_ctwo.png 279090 858 1465 393
str3_ctwo.png 279390 859 1437 679
str3_ctwo.png 279640 860 686 550
str3_ctwo.png 279923 861 563 452
str3_ctwo.png 280190 862 534 424
str3_ctwo.png 280890 863 1444 457
#22
str3_ctwo.png 255658 784 975 417
str3_ctwo.png 255843 785 601 430
str3_ctwo.png 255959 786 586 439
str3_ctwo.png 256109 787 559 461
str3_ctwo.png 256476 788 1429 429
str3_ctwo.png 256693 789 1540 513
str3_ctwo.png 257043 790 1492 424
str3_ctwo.png 257659 791 1582 596
str3_ctwo.png 258093 792 1461 406
str3_ctwo.png 258509 793 588 462
str3_ctwo.png 258793 794 492 553
str3_ctwo.png 258925 795 502 521
str3_ctwo.png 259125 796 428 581
str3_ctwo.png 259609 797 575 444
str3_ctwo.png 259942 798 1369 452
str3_ctwo.png 260109 799 1474 508
str3_ctwo.png 260293 800 1499 464
str3_ctwo.png 260510 801 1561 500
#23
str3_ctwo.png 327800 1054 595 434
str3_ctwo.png 328050 1055 516 493
str3_ctwo.png 328266 1056 418 588
str3_ctwo.png 328516 1057 549 446
str3_ctwo.png 328933 1058 1437 448
str3_ctwo.png 329183 1059 1487 433
str3_ctwo.png 329300 1060 1573 507
str3_ctwo.png 330066 1061 1453 426
str3_ctwo.png 330483 1062 1367 608
str3_ctwo.png 330700 1063 553 536
str3_ctwo.png 330933 1064 552 440
str3_ctwo.png 331550 1065 415 568
str3_ctwo.png 331716 1066 491 607
str3_ctwo.png 331933 1067 513 593
str3_ctwo.png 332483 1068 582 420
#24
str3_ctwo.png 253863 767 589 389
str3_ctwo.png 254230 768 615 397
str3_ctwo.png 254646 769 1569 434
str3_ctwo.png 254730 770 1516 421
str3_ctwo.png 255064 771 1487 383
str3_ctwo.png 255264 772 1550 462
str3_ctwo.png 255630 773 1505 344
str3_ctwo.png 256064 774 620 377
str3_ctwo.png 256164 775 540 395
str3_ctwo.png 256297 776 564 399
str3_ctwo.png 256463 777 504 494
str3_ctwo.png 256630 778 451 571
str3_ctwo.png 256880 779 585 405
str3_ctwo.png 257180 780 629 391
str3_ctwo.png 257530 781 1553 472
str3_ctwo.png 257664 782 1507 452
str3_ctwo.png 257831 783 1502 389
str3_ctwo.png 258231 784 1576 466
#25
str3_ctwo.png 281112 813 1010 534
str3_ctwo.png 281295 814 1025 528
str3_ctwo.png 281428 815 1026 487
str3_ctwo.png 281695 816 1041 489
str3_ctwo.png 281862 817 1049 481
str3_ctwo.png 282345 818 1051 489
str3_ctwo.png 282762 819 994 487
str3_ctwo.png 282845 820 1002 460
str3_ctwo.png 282995 821 993 491
str3_ctwo.png 283112 822 981 504
str3_ctwo.png 283278 823 1097 518
str3_ctwo.png 283478 824 1092 495
str3_ctwo.png 283928 825 1004 453
str3_ctwo.png 284161 826 1034 427
str3_ctwo.png 284411 827 1043 433
str3_ctwo.png 284645 828 1026 463
str3_ctwo.png 284928 829 1027 477
str3_ctwo.png 285195 830 1019 505
str3_ctwo.png 285295 831 1045 462
str3_ctwo.png 285895 832 1041 474
str3_ctwo.png 286061 833 1072 521
#26
str3_ctwo.png 316205 1005 1104 429
str3_ctwo.png 316465 1006 514 527
str3_ctwo.png 316615 1007 526 526
str3_ctwo.png 316848 1008 425 513
str3_ctwo.png 317065 1009 458 588
str3_ctwo.png 317182 1010 508 594
str3_ctwo.png 317382 1011 335 665
str3_ctwo.png 317548 1012 1497 458
str3_ctwo.png 317699 1013 1397 486
str3_ctwo.png 317932 1014 1472 491
str3_ctwo.png 318166 1015 1554 536
str3_ctwo.png 318552 1016 1467 423
str3_ctwo.png 319216 1017 543 412
str3_ctwo.png 319435 1018 599 481
str3_ctwo.png 319602 1019 596 485
str3_ctwo.png 319752 1020 559 440
str3_ctwo.png 320052 1021 461 632
str3_ctwo.png 320519 1022 1530 429
str3_ctwo.png 320636 1023 1436 472
str3_ctwo.png 320870 1024 1482 483
str3_ctwo.png 321037 1025 1560 539
#27
str3_ctwo.png 267135 857 621 413
str3_ctwo.png 267269 858 553 555
str3_ctwo.png 267619 859 594 451
str3_ctwo.png 268119 860 1405 464
str3_ctwo.png 268319 861 1434 410
str3_ctwo.png 268652 862 1460 402
str3_ctwo.png 269002 863 1559 500
str3_ctwo.png 269302 864 1547 486
str3_ctwo.png 269486 865 1452 384
str3_ctwo.png 270137 866 1045 478
str3_ctwo.png 270341 867 999 516
str3_ctwo.png 270675 868 994 525
str3_ctwo.png 271308 869 899 446
#28
str3_ctwo.png 358346 1073 884 412
str3_ctwo.png 358580 1074 560 405
str3_ctwo.png 358913 1075 1497 426
str3_ctwo.png 359130 1076 1473 443
str3_ctwo.png 359747 1077 1566 511
str3_ctwo.png 360316 1078 602 427
str3_ctwo.png 360566 1079 554 433
str3_ctwo.png 360732 1080 543 419
str3_ctwo.png 360816 1081 558 434
str3_ctwo.png 360932 1082 530 468
str3_ctwo.png 361449 1083 538 421
str3_ctwo.png 361716 1084 1461 444
str3_ctwo.png 361932 1085 1460 439
str3_ctwo.png 362199 1086 1474 445
str3_ctwo.png 362599 1087 1551 557
str3_ctwo.png 363116 1088 1384 575
#29
str3_ctwo.png 314582 924 901 435
str3_ctwo.png 314837 925 559 441
str3_ctwo.png 315120 926 573 473
str3_ctwo.png 315370 927 469 604
str3_ctwo.png 315654 928 574 486
str3_ctwo.png 316187 929 1446 499
str3_ctwo.png 316287 930 1403 505
str3_ctwo.png 316438 931 1429 418
str3_ctwo.png 316688 932 1536 495
str3_ctwo.png 317221 933 1444 415
str3_ctwo.png 317404 934 502 456
str3_ctwo.png 317504 935 564 490
str3_ctwo.png 317671 936 609 476
str3_ctwo.png 318020 937 487 541
str3_ctwo.png 318337 938 448 596
str3_ctwo.png 318887 939 382 623
str3_ctwo.png 319087 940 545 516
str3_ctwo.png 319320 941 569 432
str3_ctwo.png 319520 942 1477 487
str3_ctwo.png 319621 943 1432 498
#30
str3_ctwo.png 295914 996 521 507
str3_ctwo.png 296164 997 591 489
str3_ctwo.png 296447 998 502 624
str3_ctwo.png 296815 999 448 636
str3_ctwo.png 297032 1000 433 637
str3_ctwo.png 297198 1001 579 479
str3_ctwo.png 297749 1002 1440 453
str3_ctwo.png 297966 1003 1486 525
str3_ctwo.png 298132 1004 1561 529
str3_ctwo.png 298582 1005 1454 425
str3_ctwo.png 299216 1006 1410 517
str3_ctwo.png 299449 1007 1494 556
str3_ctwo.png 299649 1008 1550 560
str3_ctwo.png 300049 1009 559 504
str3_ctwo.png 300740 1010 501 655
#31
str3_ctwo.png 287202 945 1472 484
str3_ctwo.png 287353 946 1441 488
str3_ctwo.png 287486 947 1452 414
str3_ctwo.png 287719 948 1452 434
str3_ctwo.png 288186 949 1432 427
str3_ctwo.png 288453 950 1417 370
str3_ctwo.png 289286 952 1390 432
str3_ctwo.png 289569 953 1434 450
str3_ctwo.png 289969 954 1405 486
str3_ctwo.png 290236 955 1461 468
str3_ctwo.png 290453 956 1438 420
str3_ctwo.png 290736 957 528 494
str3_ctwo.png 290969 958 472 466
str3_ctwo.png 291537 959 557 412
str3_ctwo.png 291822 960 1469 413
#32
str3_ctwo.png 296621 1000 714 385
str3_ctwo.png 296721 1001 610 415
str3_ctwo.png 296954 1002 574 400
str3_ctwo.png 297221 1003 539 523
str3_ctwo.png 297505 1004 586 426
str3_ctwo.png 298008 1005 1435 382
str3_ctwo.png 298124 1006 1475 389
str3_ctwo.png 298392 1007 1555 476
str3_ctwo.png 298908 1008 1467 369
str3_ctwo.png 299408 1009 1546 459
str3_ctwo.png 299992 1010 502 485
str3_ctwo.png 300124 1011 529 497
str3_ctwo.png 300259 1012 585 445
str3_ctwo.png 300560 1013 558 452
str3_ctwo.png 300893 1014 591 399
str3_ctwo.png 301177 1015 1455 422
str3_ctwo.png 301310 1016 1410 397
#33
str3_ctwo.png 359381 919 552 315
str3_ctwo.png 359598 920 557 325
str3_ctwo.png 359964 921 480 369
str3_ctwo.png 360481 922 1547 368
str3_ctwo.png 360565 923 1503 366
str3_ctwo.png 360898 924 464 425
str3_ctwo.png 361382 925 423 555
str3_ctwo.png 361649 926 531 417
str3_ctwo.png 362183 927 438 486
str3_ctwo.png 362433 928 439 581
str3_ctwo.png 362616 929 372 584
str3_ctwo.png 363066 930 1443 391
str3_ctwo.png 363283 931 1429 400
str3_ctwo.png 363733 932 1543 495
#34
str3_ctwo.png 280867 819 1415 498
str3_ctwo.png 281017 820 1469 416
str3_ctwo.png 281767 821 552 499
str3_ctwo.png 282150 822 508 560
str3_ctwo.png 282283 823 527 551
str3_ctwo.png 282400 824 548 581
str3_ctwo.png 282832 825 1514 532
str3_ctwo.png 282984 826 1474 528
str3_ctwo.png 283151 827 1389 625
str3_ctwo.png 283368 828 1462 399
str3_ctwo.png 283684 829 1548 492
str3_ctwo.png 284118 830 547 470
str3_ctwo.png 284385 831 557 472
str3_ctwo.png 284551 832 779 647
str3_ctwo.png 285495 833 923 718
#35
str3_ctwo.png 280104 951 489 430
str3_ctwo.png 280220 952 534 439
str3_ctwo.png 280487 953 1423 416
str3_ctwo.png 280638 954 1369 416
str3_ctwo.png 280721 955 1431 404
str3_ctwo.png 281305 956 525 417
str3_ctwo.png 281504 957 559 432
str3_ctwo.png 281904 958 466 605
str3_ctwo.png 282638 959 1420 381
str3_ctwo.png 282923 960 1374 439
str3_ctwo.png 283706 961 926 425
str3_ctwo.png 284272 962 743 430
str3_ctwo.png 284756 963 875 448
#36
str3_ctwo.png 300233 938 772 378
str3_ctwo.png 301050 939 1487 409
str3_ctwo.png 301267 940 1483 429
str3_ctwo.png 301600 941 508 429
str3_ctwo.png 303351 942 1534 422
str3_ctwo.png 303851 943 594 430
str3_ctwo.png 304251 944 1485 529
str3_ctwo.png 305001 945 573 419
str3_ctwo.png 305184 946 571 411
#37
str3_ctwo.png 278153 920 986 413
str3_ctwo.png 278527 921 1441 463
str3_ctwo.png 278761 922 1435 481
str3_ctwo.png 279011 923 1429 472
str3_ctwo.png 279527 924 583 437
str3_ctwo.png 280044 925 1458 459
str3_ctwo.png 280594 926 1455 465
str3_ctwo.png 281128 927 936 424
str3_ctwo.png 281712 928 1183 466
str3_ctwo.png 281912 929 1497 446
str3_ctwo.png 282012 930 1486 470
str3_ctwo.png 282178 931 1490 435
str3_ctwo.png 282662 932 1419 473
str3_ctwo.png 283179 933 1409 472
#38
str3_ctwo.png 279154 807 1403 470
str3_ctwo.png 279504 808 584 450
str3_ctwo.png 280221 809 578 456
str3_ctwo.png 280654 810 1442 489
str3_ctwo.png 281721 811 555 491
str3_ctwo.png 281904 812 456 609
str3_ctwo.png 282221 813 555 465
str3_ctwo.png 282471 814 580 450
str3_ctwo.png 282654 815 1422 450
str3_ctwo.png 283204 816 815 451
str3_ctwo.png 283437 817 548 484
str3_ctwo.png 283821 818 1414 493
#39
str3_ctwo.png 263219 674 451 369
str3_ctwo.png 263685 675 464 448
str3_ctwo.png 264035 676 1596 353
str3_ctwo.png 264219 677 1474 350
str3_ctwo.png 264385 678 1457 356
str3_ctwo.png 265018 679 512 389
str3_ctwo.png 265535 680 602 403
str3_ctwo.png 267076 681 581 248
str3_ctwo.png 267942 682 583 300
#40
str3_ctwo.png 286979 865 1454 429
str3_ctwo.png 287212 866 1453 376
str3_ctwo.png 288345 867 605 427
str3_ctwo.png 288979 868 1506 420
str3_ctwo.png 289096 869 1436 412
str3_ctwo.png 290046 870 1494 456
str3_ctwo.png 290313 871 1541 492
str3_ctwo.png 290514 872 1557 514
str3_ctwo.png 291464 873 1552 494
#41
str3_ctwo.png 263694 735 474 474
str3_ctwo.png 264178 736 481 448
str3_ctwo.png 264378 737 355 540
str3_ctwo.png 264761 738 328 605
str3_ctwo.png 265011 739 481 486
str3_ctwo.png 265128 740 591 467
str3_ctwo.png 265428 741 1646 481
str3_ctwo.png 265564 742 1434 498
str3_ctwo.png 265747 743 1472 455
str3_ctwo.png 267030 744 1484 562
str3_ctwo.png 267580 745 1471 567
#42
str3_ctwo.png 288314 916 570 390
str3_ctwo.png 288881 917 1426 363
str3_ctwo.png 289048 918 1456 393
str3_ctwo.png 289365 919 468 408
str3_ctwo.png 289498 920 507 414
str3_ctwo.png 289664 921 534 395
str3_ctwo.png 290098 922 571 361
str3_ctwo.png 290281 923 436 532
str3_ctwo.png 290815 924 557 367
str3_ctwo.png 291431 925 512 477
str3_ctwo.png 291764 926 427 542
str3_ctwo.png 292314 927 559 369
str3_ctwo.png 292464 928 565 383
str3_ctwo.png 292681 929 1424 410
str3_ctwo.png 292948 930 1496 425
#43
