str3_mask.png 68775 202 574 195
str3_mask.png 69092 203 1044 122
str3_mask.png 69375 204 1324 145
str3_mask.png 69509 205 1184 220
str3_mask.png 69943 206 1203 224
str3_mask.png 70143 207 1421 281
str3_mask.png 70443 208 1411 323
str3_mask.png 70593 209 1573 533
str3_mask.png 71010 210 1457 773
str3_mask.png 71277 211 1342 835
str3_mask.png 71427 212 1227 909
str3_mask.png 71693 213 1220 976
str3_mask.png 71943 214 1258 871
str3_mask.png 72177 215 1282 881
str3_mask.png 72410 216 906 944
str3_mask.png 72643 217 809 958
str3_mask.png 72860 218 1010 950
str3_mask.png 73160 219 1037 942
str3_mask.png 73343 220 573 908
str3_mask.png 73559 221 626 869
str3_mask.png 73743 222 482 763
str3_mask.png 73959 223 396 764
str3_mask.png 74176 224 348 607
str3_mask.png 74426 225 436 553
str3_mask.png 74843 226 372 545
str3_mask.png 75043 227 334 544
str3_mask.png 75176 228 322 516
str3_mask.png 75526 229 430 523
str3_mask.png 75743 230 432 371
str3_mask.png 75926 231 418 322
str3_mask.png 76126 232 432 289
str3_mask.png 76409 233 461 297
str3_mask.png 76759 234 453 284
str3_mask.png 77176 235 594 197
str3_mask.png 77459 236 966 141
str3_mask.png 78109 237 466 358
str3_mask.png 78409 238 448 304
#1
str3_mask.png 96378 315 895 83
str3_mask.png 96544 316 901 87
str3_mask.png 96678 317 1149 167
str3_mask.png 97094 318 1371 224
str3_mask.png 97428 319 1402 323
str3_mask.png 97711 320 1367 356
str3_mask.png 97961 321 1357 218
str3_mask.png 98361 322 1401 246
str3_mask.png 98545 323 1492 440
str3_mask.png 99064 324 1497 557
str3_mask.png 99364 325 1503 576
str3_mask.png 99498 326 1408 764
str3_mask.png 99748 327 1352 801
str3_mask.png 99965 328 1343 849
str3_mask.png 100264 329 1190 909
str3_mask.png 100681 330 1230 917
str3_mask.png 101098 331 1243 903
str3_mask.png 101281 332 973 987
str3_mask.png 101631 333 886 997
str3_mask.png 102014 334 571 924
str3_mask.png 102497 335 442 751
str3_mask.png 102981 336 427 562
str3_mask.png 103197 337 375 487
str3_mask.png 103447 338 375 470
str3_mask.png 103714 339 430 464
str3_mask.png 103897 340 463 296
str3_mask.png 104180 341 638 159
str3_mask.png 104480 342 642 140
str3_mask.png 104597 343 960 87
str3_mask.png 104931 344 457 329
str3_mask.png 105397 345 445 700
str3_mask.png 105680 346 405 705
str3_mask.png 105791 347 411 721
#2
str3_mask.png 52918 149 939 467
str3_mask.png 53135 150 574 172
str3_mask.png 53451 151 521 772
str3_mask.png 53601 152 487 734
str3_mask.png 53784 153 430 665
str3_mask.png 54334 154 417 660
str3_mask.png 54734 155 1034 893
str3_mask.png 54967 156 676 838
str3_mask.png 55134 157 625 792
str3_mask.png 55484 158 1302 150
str3_mask.png 55751 159 1365 187
str3_mask.png 56235 160 1473 415
str3_mask.png 56801 161 1302 785
str3_mask.png 57101 162 1363 733
str3_mask.png 57818 163 1017 896
str3_mask.png 58651 164 868 920
str3_mask.png 59384 165 478 273
str3_mask.png 59617 166 486 210
str3_mask.png 60033 167 434 702
str3_mask.png 60386 168 639 809
str3_mask.png 60736 169 1291 820
str3_mask.png 61021 170 1210 811
str3_mask.png 61204 171 1426 393
str3_mask.png 61537 172 1240 825
str3_mask.png 62154 173 1209 819
str3_mask.png 62420 174 1345 724
str3_mask.png 62887 175 1447 274
#3
str3_mask.png 87281 298 1006 513
str3_mask.png 87715 299 924 64
str3_mask.png 87948 300 1001 35
str3_mask.png 88065 301 1007 17
str3_mask.png 88764 303 1476 136
str3_mask.png 88915 304 1410 118
str3_mask.png 89349 305 1450 211
str3_mask.png 89599 306 1548 420
str3_mask.png 89865 307 1542 479
str3_mask.png 90082 308 1470 717
str3_mask.png 90566 309 1264 839
str3_mask.png 90849 310 1021 941
str3_mask.png 90999 311 941 937
str3_mask.png 91399 312 660 878
str3_mask.png 91748 313 476 688
str3_mask.png 91898 314 448 505
str3_mask.png 92265 315 522 680
str3_mask.png 92565 316 484 438
str3_mask.png 92832 317 489 322
str3_mask.png 93032 318 528 229
str3_mask.png 93248 319 711 107
str3_mask.png 93482 320 1020 57
str3_mask.png 94583 321 446 457
str3_mask.png 94800 322 480 466
str3_mask.png 95016 323 513 678
str3_mask.png 95451 324 659 837
str3_mask.png 95584 325 960 944
str3_mask.png 95850 326 1375 856
str3_mask.png 96034 327 1280 830
str3_mask.png 96168 328 1519 461
str3_mask.png 96769 329 1292 221
str3_mask.png 97038 330 1430 275
str3_mask.png 97118 331 1434 255
#4
str3_mask.png 76229 161 973 519
str3_mask.png 76702 162 923 979
str3_mask.png 77135 163 1227 919
str3_mask.png 77668 164 1009 54
str3_mask.png 78001 165 1238 141
str3_mask.png 78735 166 436 505
str3_mask.png 79135 167 524 757
str3_mask.png 79451 168 679 957
str3_mask.png 79868 169 1280 927
str3_mask.png 80135 170 1430 855
str3_mask.png 80569 171 610 164
str3_mask.png 81054 172 474 289
str3_mask.png 81370 173 1498 444
str3_mask.png 81954 174 612 167
str3_mask.png 82121 175 658 103
str3_mask.png 83321 176 1258 221
str3_mask.png 83488 177 1251 893
str3_mask.png 83588 178 1252 925
str3_mask.png 83738 179 930 1005
str3_mask.png 84004 180 603 828
str3_mask.png 84238 181 525 808
str3_mask.png 84620 182 417 554
str3_mask.png 84904 183 1208 160
str3_mask.png 85354 184 1436 600
str3_mask.png 85571 185 1434 749
#5
str3_mask.png 68791 178 1194 852
str3_mask.png 68991 179 1187 911
str3_mask.png 69258 180 1230 869
str3_mask.png 69541 181 1233 871
str3_mask.png 69724 182 1266 853
str3_mask.png 70190 183 791 898
str3_mask.png 70890 184 729 853
str3_mask.png 72223 185 555 200
str3_mask.png 72557 186 513 200
str3_mask.png 73441 187 1186 101
str3_mask.png 74441 188 1433 288
str3_mask.png 74575 189 1587 419
str3_mask.png 74975 190 1547 413
str3_mask.png 75058 191 1541 424
str3_mask.png 75325 192 1536 557
str3_mask.png 75842 193 1426 734
str3_mask.png 76478 194 1221 609
str3_mask.png 76895 195 945 512
str3_mask.png 77178 196 1090 858
str3_mask.png 77411 197 1211 907
str3_mask.png 77861 198 1245 887
#6
str3_mask.png 77843 212 860 505
str3_mask.png 78026 213 745 448
str3_mask.png 78626 214 385 492
str3_mask.png 78826 215 387 493
str3_mask.png 79809 216 433 756
str3_mask.png 79959 217 463 757
str3_mask.png 80376 218 387 736
str3_mask.png 80626 219 762 980
str3_mask.png 80809 220 650 900
str3_mask.png 81242 221 1276 892
str3_mask.png 81342 222 1289 882
str3_mask.png 82176 223 1550 505
str3_mask.png 82593 224 1447 213
str3_mask.png 82693 225 1433 220
str3_mask.png 82926 226 1465 199
str3_mask.png 83143 227 1331 205
str3_mask.png 83543 228 1275 141
str3_mask.png 84242 229 660 179
str3_mask.png 84643 230 471 311
str3_mask.png 85109 231 461 286
str3_mask.png 85709 232 620 191
str3_mask.png 85893 233 741 146
str3_mask.png 86376 234 897 152
#7
str3_mask.png 50641 131 803 418
str3_mask.png 50858 132 707 152
str3_mask.png 51041 133 574 130
str3_mask.png 51208 134 421 308
str3_mask.png 51508 135 356 621
str3_mask.png 51690 136 492 784
str3_mask.png 51907 137 791 916
str3_mask.png 52140 138 1021 959
str3_mask.png 52307 139 1438 652
str3_mask.png 52591 140 1380 285
str3_mask.png 52791 141 949 166
str3_mask.png 53074 142 868 589
str3_mask.png 53474 143 990 628
str3_mask.png 53741 144 931 473
str3_mask.png 60091 145 936 909
str3_mask.png 60357 146 1293 813
str3_mask.png 60591 147 1429 745
#8
str3_mask.png 70245 241 815 379
str3_mask.png 70562 242 425 175
str3_mask.png 70729 243 365 233
str3_mask.png 70896 244 371 791
str3_mask.png 71481 245 570 868
str3_mask.png 71598 246 544 887
str3_mask.png 71898 247 857 938
str3_mask.png 72114 248 548 894
str3_mask.png 72813 249 545 887
str3_mask.png 73416 250 925 950
str3_mask.png 73666 251 994 959
str3_mask.png 73916 252 1195 884
str3_mask.png 74049 253 974 967
str3_mask.png 74466 254 833 974
str3_mask.png 74699 255 1213 875
str3_mask.png 75116 256 1411 768
str3_mask.png 75783 257 1519 510
str3_mask.png 76083 258 1381 232
str3_mask.png 76399 259 1371 231
str3_mask.png 76683 260 1151 153
str3_mask.png 77466 261 934 96
str3_mask.png 77749 262 551 127
str3_mask.png 77949 263 568 148
str3_mask.png 78116 264 380 281
str3_mask.png 78416 265 285 450
str3_mask.png 79349 266 406 705
str3_mask.png 79716 267 332 729
str3_mask.png 80166 268 295 479
#9
str3_mask.png 66921 201 989 156
str3_mask.png 67254 202 1216 191
str3_mask.png 67688 203 1401 276
str3_mask.png 67771 204 1377 283
str3_mask.png 68005 205 1481 454
str3_mask.png 68505 206 1377 275
str3_mask.png 69121 207 1481 476
str3_mask.png 69538 208 1489 622
str3_mask.png 70038 209 1401 785
str3_mask.png 70405 210 1207 889
str3_mask.png 70788 211 1037 941
str3_mask.png 71271 212 884 967
str3_mask.png 71721 213 1008 957
str3_mask.png 71921 214 1030 957
str3_mask.png 72304 215 605 864
str3_mask.png 72638 216 478 745
str3_mask.png 73071 217 415 479
str3_mask.png 73504 218 496 274
str3_mask.png 73854 219 766 179
str3_mask.png 75504 220 953 105
str3_mask.png 75754 221 1304 245
str3_mask.png 75987 222 1417 276
#10
str3_mask.png 55400 156 748 401
str3_mask.png 55800 157 480 357
str3_mask.png 55901 158 486 265
str3_mask.png 56068 159 492 241
str3_mask.png 56401 160 654 846
str3_mask.png 56851 161 513 766
str3_mask.png 57234 162 461 737
str3_mask.png 57518 163 1003 958
str3_mask.png 57751 164 1086 961
str3_mask.png 58034 165 1280 889
str3_mask.png 58168 166 1246 900
str3_mask.png 58435 167 1398 838
str3_mask.png 58735 168 1476 634
str3_mask.png 58901 169 1504 580
str3_mask.png 59135 170 1522 449
str3_mask.png 59285 171 1520 475
str3_mask.png 59436 172 1547 428
str3_mask.png 59686 173 1542 422
str3_mask.png 59802 174 1537 390
str3_mask.png 60052 175 1405 299
str3_mask.png 60236 176 1387 218
str3_mask.png 60620 177 1399 194
str3_mask.png 60803 178 1189 162
str3_mask.png 61287 179 1203 160
str3_mask.png 62224 180 1136 792
str3_mask.png 62391 181 1221 895
str3_mask.png 62608 182 1047 958
str3_mask.png 63041 183 913 979
str3_mask.png 63241 184 672 945
str3_mask.png 63374 185 693 916
str3_mask.png 63624 186 536 701
str3_mask.png 63941 187 732 132
str3_mask.png 64057 188 733 150
str3_mask.png 64278 189 1011 71
str3_mask.png 64937 190 1516 538
str3_mask.png 65173 191 1461 748
#11
str3_mask.png 76235 161 855 248
str3_mask.png 76352 162 762 33
str3_mask.png 77559 165 1073 25
str3_mask.png 77726 166 1016 26
str3_mask.png 78726 168 1281 20
str3_mask.png 79210 169 1380 156
str3_mask.png 79376 170 1410 183
str3_mask.png 79843 171 1399 191
str3_mask.png 80343 172 1417 171
str3_mask.png 81226 173 1524 424
str3_mask.png 81593 174 1544 502
str3_mask.png 81993 175 1563 439
str3_mask.png 82393 176 1576 397
str3_mask.png 82543 177 1476 648
str3_mask.png 82693 178 1421 753
str3_mask.png 83010 179 1397 796
str3_mask.png 83193 180 1233 884
str3_mask.png 83576 181 1238 869
str3_mask.png 84244 182 1240 878
str3_mask.png 84432 183 1174 997
str3_mask.png 84632 184 965 966
str3_mask.png 85015 185 1008 949
str3_mask.png 85299 186 855 966
str3_mask.png 85598 187 840 978
str3_mask.png 85765 188 567 918
str3_mask.png 86065 189 434 818
#12
str3_mask.png 87221 211 1193 402
str3_mask.png 87671 212 1254 244
str3_mask.png 87872 213 1525 464
str3_mask.png 88205 214 1399 761
str3_mask.png 88421 215 1068 942
str3_mask.png 88588 216 863 962
str3_mask.png 88805 217 1196 889
str3_mask.png 89038 218 1451 743
str3_mask.png 89188 219 1517 495
str3_mask.png 89505 220 1414 754
str3_mask.png 89821 221 779 904
str3_mask.png 90005 222 431 756
str3_mask.png 90088 223 471 756
str3_mask.png 90221 224 374 483
str3_mask.png 90604 225 413 750
str3_mask.png 91187 226 648 875
str3_mask.png 91488 227 633 858
str3_mask.png 91704 228 762 201
str3_mask.png 91938 229 976 86
str3_mask.png 92121 230 1225 109
str3_mask.png 92421 231 1451 174
str3_mask.png 92505 232 1362 199
str3_mask.png 92755 233 1381 215
str3_mask.png 93205 234 738 137
str3_mask.png 93355 235 400 208
str3_mask.png 93471 236 495 254
str3_mask.png 93688 237 420 249
str3_mask.png 94005 238 373 464
str3_mask.png 94889 239 434 496
str3_mask.png 95205 240 465 283
str3_mask.png 95455 241 644 134
str3_mask.png 95705 242 968 66
str3_mask.png 95972 243 1222 114
str3_mask.png 96222 244 1037 54
str3_mask.png 96405 245 1229 107
str3_mask.png 96956 246 985 53
str3_mask.png 97140 247 1453 579
#13
str3_mask.png 73106 241 843 176
str3_mask.png 73289 242 860 72
str3_mask.png 73456 243 1129 131
str3_mask.png 73706 244 944 70
str3_mask.png 73956 245 1152 192
str3_mask.png 74256 246 1160 145
str3_mask.png 74556 247 1341 250
str3_mask.png 74939 248 1363 307
str3_mask.png 75189 249 1478 495
str3_mask.png 75956 250 1412 737
str3_mask.png 76455 251 1378 801
str3_mask.png 76856 252 1342 814
str3_mask.png 77089 253 1204 883
str3_mask.png 77622 254 1028 966
str3_mask.png 77956 255 907 982
str3_mask.png 78389 256 865 987
str3_mask.png 78539 257 627 902
str3_mask.png 79171 258 487 764
str3_mask.png 79455 259 428 755
str3_mask.png 80055 260 405 550
str3_mask.png 80322 261 377 502
str3_mask.png 80588 262 423 316
str3_mask.png 80921 263 358 516
str3_mask.png 81171 264 427 345
str3_mask.png 81388 265 439 294
str3_mask.png 81605 266 590 183
str3_mask.png 81871 267 658 173
str3_mask.png 82288 268 907 96
str3_mask.png 82571 269 968 87
str3_mask.png 82805 270 1181 151
#14
str3_mask.png 114995 349 950 475
str3_mask.png 115179 350 836 116
str3_mask.png 115712 351 930 57
str3_mask.png 115845 352 929 41
str3_mask.png 116045 353 1173 109
str3_mask.png 116445 354 927 32
str3_mask.png 117028 355 1198 115
str3_mask.png 117529 356 1166 118
str3_mask.png 117712 357 1170 94
str3_mask.png 118212 358 1400 227
str3_mask.png 118846 359 1518 434
str3_mask.png 119129 360 1541 492
str3_mask.png 119529 361 1436 752
str3_mask.png 119845 362 1245 887
str3_mask.png 120245 363 981 968
str3_mask.png 120629 364 1043 958
str3_mask.png 121179 365 1060 953
str3_mask.png 121462 366 939 958
str3_mask.png 121695 367 635 909
str3_mask.png 121896 368 619 885
str3_mask.png 122112 369 601 869
str3_mask.png 122429 370 432 744
str3_mask.png 122578 371 481 742
str3_mask.png 122778 372 420 730
str3_mask.png 123095 373 420 499
str3_mask.png 123328 374 480 291
str3_mask.png 123695 375 482 269
str3_mask.png 124612 376 403 485
#15
str3_mask.png 77362 263 976 261
str3_mask.png 77512 264 975 128
str3_mask.png 77712 265 1174 203
str3_mask.png 78096 266 1318 295
str3_mask.png 78346 267 1356 327
str3_mask.png 78712 268 1400 352
str3_mask.png 79012 269 1480 513
str3_mask.png 79512 270 1519 534
str3_mask.png 79745 271 1461 659
str3_mask.png 79945 272 1450 750
str3_mask.png 80195 273 1386 799
str3_mask.png 80462 274 1187 926
str3_mask.png 80779 275 963 978
str3_mask.png 81079 276 1017 991
str3_mask.png 81379 277 942 1002
str3_mask.png 81579 278 841 993
str3_mask.png 81729 279 604 929
str3_mask.png 81962 280 408 791
str3_mask.png 82095 281 451 779
str3_mask.png 82245 282 385 511
str3_mask.png 82445 283 455 781
str3_mask.png 82678 284 392 763
str3_mask.png 82928 285 433 367
str3_mask.png 83145 286 471 299
str3_mask.png 84028 287 486 322
str3_mask.png 84362 288 1359 307
str3_mask.png 84546 289 1169 200
str3_mask.png 84879 290 1130 194
str3_mask.png 85196 291 437 863
str3_mask.png 85295 292 448 806
str3_mask.png 85512 293 626 954
str3_mask.png 86095 294 1009 981
str3_mask.png 86329 295 1045 982
str3_mask.png 86712 296 1265 921
#16
str3_mask.png 100632 282 1273 149
str3_mask.png 101616 283 1476 139
str3_mask.png 102134 284 1462 142
str3_mask.png 102350 285 1463 136
str3_mask.png 103033 286 1572 447
str3_mask.png 103133 287 1561 440
str3_mask.png 103433 288 1440 778
str3_mask.png 103633 289 1453 791
str3_mask.png 103733 290 1447 818
str3_mask.png 103933 291 1262 914
str3_mask.png 104417 292 1225 1011
str3_mask.png 104750 293 1267 914
str3_mask.png 105583 294 997 1004
str3_mask.png 105850 295 992 1009
str3_mask.png 106050 296 632 967
str3_mask.png 106300 297 598 942
str3_mask.png 106966 298 533 774
str3_mask.png 107049 299 448 756
str3_mask.png 107266 300 437 540
str3_mask.png 107866 301 393 514
str3_mask.png 108216 302 429 498
str3_mask.png 108516 303 454 486
str3_mask.png 108866 304 499 254
#17
str3_mask.png 89361 265 871 371
str3_mask.png 90887 266 1377 398
str3_mask.png 91087 267 1036 832
str3_mask.png 91337 268 890 942
str3_mask.png 91554 269 504 833
str3_mask.png 92103 270 418 740
str3_mask.png 92519 271 420 495
str3_mask.png 92753 272 424 514
str3_mask.png 92869 273 455 282
str3_mask.png 93303 274 465 258
str3_mask.png 94041 275 1532 496
str3_mask.png 94307 276 1532 516
str3_mask.png 94457 277 1476 563
str3_mask.png 94741 278 1257 758
str3_mask.png 95024 279 1208 871
str3_mask.png 95341 280 1020 959
str3_mask.png 96091 281 904 977
str3_mask.png 96274 282 969 1005
str3_mask.png 96740 283 1025 989
str3_mask.png 96874 284 1012 972
str3_mask.png 97024 285 946 911
str3_mask.png 97624 286 926 833
str3_mask.png 97774 287 937 791
str3_mask.png 98174 288 912 548
str3_mask.png 99141 289 920 560
#18
str3_mask.png 57145 193 1090 198
str3_mask.png 57345 194 917 137
str3_mask.png 57612 195 956 112
str3_mask.png 57829 196 631 159
str3_mask.png 58079 197 1122 148
str3_mask.png 58345 198 980 102
str3_mask.png 58612 199 597 200
str3_mask.png 58845 200 476 281
str3_mask.png 59095 201 472 433
str3_mask.png 59262 202 436 579
str3_mask.png 59429 203 504 743
str3_mask.png 59645 204 438 757
str3_mask.png 59845 205 656 911
str3_mask.png 60262 206 913 987
str3_mask.png 60512 207 994 999
str3_mask.png 60962 208 636 933
str3_mask.png 61379 209 1053 992
str3_mask.png 61562 210 1221 965
str3_mask.png 61812 211 1236 920
str3_mask.png 62012 212 1398 860
str3_mask.png 62295 213 1441 691
str3_mask.png 62479 214 1479 530
str3_mask.png 62679 215 1379 254
str3_mask.png 62979 216 1177 206
str3_mask.png 63596 217 1336 242
str3_mask.png 63829 218 1004 146
str3_mask.png 64146 219 678 163
str3_mask.png 64579 220 474 260
str3_mask.png 64745 221 482 396
str3_mask.png 64995 222 419 489
str3_mask.png 65345 223 517 391
str3_mask.png 65829 224 636 159
str3_mask.png 66029 225 986 97
#19
str3_mask.png 48219 182 1141 398
str3_mask.png 48784 183 492 319
str3_mask.png 49117 184 487 792
str3_mask.png 49384 185 890 929
str3_mask.png 49584 186 1002 957
str3_mask.png 49750 187 651 901
str3_mask.png 50017 188 961 960
str3_mask.png 50167 189 1215 901
str3_mask.png 50584 190 1372 827
str3_mask.png 50867 191 1410 796
str3_mask.png 51067 192 1488 510
str3_mask.png 51401 193 1394 272
str3_mask.png 51701 194 1177 172
str3_mask.png 52101 195 939 88
str3_mask.png 52500 196 971 128
str3_mask.png 52951 197 623 173
str3_mask.png 53367 198 415 565
str3_mask.png 53534 199 487 746
str3_mask.png 53801 200 441 746
str3_mask.png 54117 201 620 906
str3_mask.png 54684 202 904 976
str3_mask.png 54934 203 1015 972
str3_mask.png 55134 204 1038 971
str3_mask.png 55317 205 1220 902
str3_mask.png 55601 206 1251 905
str3_mask.png 55817 207 1395 825
str3_mask.png 56351 208 1135 920
str3_mask.png 56484 209 937 965
str3_mask.png 56684 210 644 893
str3_mask.png 56950 211 485 743
str3_mask.png 57217 212 415 535
str3_mask.png 57434 213 1244 187
str3_mask.png 57717 214 1220 123
str3_mask.png 57918 215 1376 276
str3_mask.png 58135 216 1499 469
#20
str3_mask.png 58321 198 758 394
str3_mask.png 58585 199 661 248
str3_mask.png 58785 200 952 134
str3_mask.png 59085 201 1211 130
str3_mask.png 59468 202 972 130
str3_mask.png 59802 203 1400 322
str3_mask.png 60319 204 1054 104
str3_mask.png 60736 205 1219 141
str3_mask.png 60836 206 1202 166
str3_mask.png 61119 207 1360 219
str3_mask.png 61452 208 1263 281
str3_mask.png 61719 209 1044 122
str3_mask.png 62202 211 1137 582
str3_mask.png 62935 213 1212 186
str3_mask.png 63185 214 1200 209
str3_mask.png 63285 215 1217 182
str3_mask.png 63535 216 1409 250
str3_mask.png 63819 217 1144 158
str3_mask.png 64052 218 1467 581
str3_mask.png 64519 219 1324 252
str3_mask.png 64869 220 1393 758
str3_mask.png 65285 221 964 998
str3_mask.png 65535 222 646 939
str3_mask.png 65885 223 916 970
str3_mask.png 66202 224 1152 910
str3_mask.png 66435 225 771 958
str3_mask.png 66685 226 482 623
str3_mask.png 67202 227 472 332
str3_mask.png 67452 228 618 188
str3_mask.png 67735 229 468 278
str3_mask.png 68252 230 907 150
#21
str3_mask.png 63291 208 904 124
str3_mask.png 63541 209 951 59
str3_mask.png 64275 210 1447 231
str3_mask.png 64425 211 1385 206
str3_mask.png 64709 212 1353 250
str3_mask.png 65009 213 1492 427
str3_mask.png 65109 214 1496 448
str3_mask.png 65292 215 1317 769
str3_mask.png 65492 216 1387 757
str3_mask.png 65759 217 1193 831
str3_mask.png 66142 218 1238 849
str3_mask.png 66459 219 881 914
str3_mask.png 66925 220 597 877
str3_mask.png 67159 221 402 716
str3_mask.png 67275 222 445 703
str3_mask.png 67458 223 365 392
str3_mask.png 67675 224 453 260
str3_mask.png 68358 225 657 126
str3_mask.png 68941 226 927 64
str3_mask.png 69225 227 914 82
str3_mask.png 69508 228 670 144
str3_mask.png 69791 229 703 98
str3_mask.png 69908 230 967 61
str3_mask.png 70191 231 956 74
str3_mask.png 70441 232 812 85
str3_mask.png 70725 233 958 75
str3_mask.png 71258 234 932 118
str3_mask.png 71608 235 984 313
str3_mask.png 71975 236 957 406
str3_mask.png 72441 237 966 405
#22
str3_mask.png 49281 176 1126 185
str3_mask.png 49764 177 1286 227
str3_mask.png 50098 178 1385 258
str3_mask.png 50599 179 1404 269
str3_mask.png 51017 180 1530 499
str3_mask.png 51251 181 1536 591
str3_mask.png 51434 182 1531 515
str3_mask.png 51851 183 1441 772
str3_mask.png 52101 184 1297 819
str3_mask.png 52584 185 1271 914
str3_mask.png 52901 186 1030 944
str3_mask.png 53167 187 1049 946
str3_mask.png 53467 188 722 928
str3_mask.png 54072 189 530 796
str3_mask.png 54255 190 486 726
str3_mask.png 54472 191 439 714
str3_mask.png 54739 192 424 590
str3_mask.png 54955 193 419 542
str3_mask.png 55272 194 463 335
str3_mask.png 55472 195 458 272
str3_mask.png 55573 196 462 299
str3_mask.png 55806 197 593 228
str3_mask.png 56223 198 776 191
str3_mask.png 56356 199 941 156
str3_mask.png 56756 200 964 138
str3_mask.png 56923 201 1019 162
str3_mask.png 57140 202 1092 153
str3_mask.png 57290 203 1211 202
str3_mask.png 57523 204 1392 254
str3_mask.png 57857 205 1433 337
str3_mask.png 58140 206 1408 353
str3_mask.png 58290 207 1516 505
#23
str3_mask.png 81443 294 971 176
str3_mask.png 81604 295 965 123
str3_mask.png 82104 296 661 169
str3_mask.png 82354 297 483 237
str3_mask.png 82521 298 429 258
str3_mask.png 82670 299 483 252
str3_mask.png 82903 300 474 281
str3_mask.png 83337 301 395 528
str3_mask.png 83487 302 479 676
str3_mask.png 83687 303 428 694
str3_mask.png 83887 304 374 534
str3_mask.png 84187 305 511 767
str3_mask.png 84304 306 662 846
str3_mask.png 84671 307 632 929
str3_mask.png 84923 308 680 898
str3_mask.png 85124 309 663 841
str3_mask.png 85343 310 1017 919
str3_mask.png 85543 311 1120 943
str3_mask.png 86293 312 1329 890
str3_mask.png 86714 313 1328 914
str3_mask.png 87063 314 1324 925
str3_mask.png 87410 315 1495 837
str3_mask.png 87903 316 1496 599
str3_mask.png 88049 317 1525 546
str3_mask.png 88265 318 1530 509
str3_mask.png 88448 319 1537 463
str3_mask.png 88748 320 1546 469
str3_mask.png 89065 321 1577 477
str3_mask.png 89265 322 1398 265
str3_mask.png 89882 323 1230 228
str3_mask.png 90115 324 1192 169
str3_mask.png 90348 325 1196 128
str3_mask.png 90548 326 1168 158
str3_mask.png 90848 327 1192 149
#24
str3_mask.png 47981 148 772 116
str3_mask.png 48181 149 686 125
str3_mask.png 48348 150 437 244
str3_mask.png 48781 151 1255 198
str3_mask.png 48949 152 1339 780
str3_mask.png 49082 153 1197 879
str3_mask.png 49232 154 928 923
str3_mask.png 49415 155 474 804
str3_mask.png 49599 156 539 755
str3_mask.png 49965 157 468 736
str3_mask.png 50315 158 660 844
str3_mask.png 50599 159 1000 937
str3_mask.png 51082 160 1102 949
str3_mask.png 51415 161 988 989
str3_mask.png 51667 162 1118 957
str3_mask.png 51800 163 1093 955
str3_mask.png 51950 164 1054 980
str3_mask.png 52117 165 1114 956
str3_mask.png 52234 166 1095 973
str3_mask.png 52350 167 1275 884
str3_mask.png 53017 168 1246 873
str3_mask.png 53367 169 1429 784
str3_mask.png 53751 170 1402 749
str3_mask.png 53934 171 1526 486
str3_mask.png 54201 172 1457 294
str3_mask.png 54551 173 1333 190
str3_mask.png 54967 174 971 64
str3_mask.png 55334 175 981 52
str3_mask.png 55717 176 758 74
str3_mask.png 56034 177 940 48
str3_mask.png 56521 178 432 239
str3_mask.png 56837 179 421 518
str3_mask.png 57437 180 475 699
#25
str3_mask.png 76939 223 1056 469
str3_mask.png 77556 224 1047 469
str3_mask.png 77889 225 1066 452
str3_mask.png 78822 226 888 524
str3_mask.png 79906 227 839 521
str3_mask.png 80240 228 1214 765
str3_mask.png 80556 229 1462 697
str3_mask.png 80723 230 837 440
str3_mask.png 81240 231 820 417
str3_mask.png 81573 232 832 423
str3_mask.png 82073 233 827 434
str3_mask.png 82623 234 892 442
str3_mask.png 83090 235 898 432
str3_mask.png 85406 236 926 440
str3_mask.png 86089 237 909 448
str3_mask.png 86694 238 906 454
#26
str3_mask.png 84374 277 1112 276
str3_mask.png 85043 278 1333 36
str3_mask.png 85193 279 1321 68
str3_mask.png 85376 280 1379 11
str3_mask.png 85659 281 1562 171
str3_mask.png 85827 282 1392 208
str3_mask.png 85944 283 1274 179
str3_mask.png 86062 284 1305 251
str3_mask.png 86178 285 1419 288
str3_mask.png 86262 286 1322 261
str3_mask.png 86662 287 1488 461
str3_mask.png 86929 288 1441 552
str3_mask.png 87129 289 1458 596
str3_mask.png 87512 290 1412 781
str3_mask.png 87695 291 1335 846
str3_mask.png 88112 292 1315 820
str3_mask.png 88595 293 1354 841
str3_mask.png 88729 294 1171 916
str3_mask.png 89078 295 1197 935
str3_mask.png 89578 296 1127 1042
str3_mask.png 89895 297 914 1023
str3_mask.png 90095 298 962 1027
str3_mask.png 90545 299 542 975
str3_mask.png 90627 300 643 944
str3_mask.png 91194 301 364 829
str3_mask.png 91327 302 221 804
str3_mask.png 91427 303 343 569
str3_mask.png 91544 304 420 578
str3_mask.png 91644 305 356 585
str3_mask.png 91894 306 339 381
str3_mask.png 92111 307 449 278
str3_mask.png 92811 308 816 100
str3_mask.png 93144 309 886 75
str3_mask.png 93610 310 1322 99
str3_mask.png 93777 311 1329 101
#27
str3_mask.png 46808 169 869 468
str3_mask.png 46885 170 898 380
str3_mask.png 47368 171 938 148
str3_mask.png 47651 172 927 134
str3_mask.png 47785 173 862 78
str3_mask.png 48085 174 640 107
str3_mask.png 48485 175 752 60
str3_mask.png 48685 176 582 201
str3_mask.png 48968 177 473 447
str3_mask.png 49218 178 521 669
str3_mask.png 49485 179 697 867
str3_mask.png 49718 180 691 841
str3_mask.png 49851 181 1023 930
str3_mask.png 50151 182 1324 876
str3_mask.png 50451 183 1533 785
str3_mask.png 50568 184 1381 798
str3_mask.png 50802 185 1445 512
str3_mask.png 50935 186 1458 497
str3_mask.png 51102 187 1371 231
str3_mask.png 51269 188 1338 172
str3_mask.png 51535 189 1118 138
str3_mask.png 51785 190 882 86
str3_mask.png 52218 191 850 104
str3_mask.png 52552 192 941 584
str3_mask.png 52852 193 917 576
str3_mask.png 53152 194 915 580
str3_mask.png 53352 195 892 570
str3_mask.png 53535 196 899 572
str3_mask.png 53769 197 907 566
str3_mask.png 54235 198 892 564
str3_mask.png 54418 199 893 570
str3_mask.png 54785 200 891 571
str3_mask.png 55019 201 911 567
str3_mask.png 55252 202 922 572
str3_mask.png 55485 203 899 570
str3_mask.png 55735 204 894 571
str3_mask.png 55869 205 910 566
str3_mask.png 56418 206 896 576
str3_mask.png 56635 207 888 570
str3_mask.png 56852 208 913 576
#28
str3_mask.png 77156 249 991 547
str3_mask.png 77439 250 1054 186
str3_mask.png 77722 251 1307 185
str3_mask.png 78006 252 1248 154
str3_mask.png 78206 253 1044 95
str3_mask.png 78622 254 1005 99
str3_mask.png 78806 255 1464 239
str3_mask.png 79472 256 1009 930
str3_mask.png 79806 257 1070 961
str3_mask.png 80672 258 663 837
str3_mask.png 80774 259 662 868
str3_mask.png 80990 260 635 862
str3_mask.png 81590 261 496 746
str3_mask.png 81907 262 455 729
str3_mask.png 82273 263 423 537
str3_mask.png 82707 264 470 734
str3_mask.png 83307 265 444 711
str3_mask.png 83407 266 456 732
str3_mask.png 83557 267 1475 599
str3_mask.png 83790 268 1550 581
str3_mask.png 84024 269 1531 529
str3_mask.png 84207 270 1420 771
str3_mask.png 85224 271 1254 902
str3_mask.png 85624 272 1259 866
str3_mask.png 86041 273 1281 879
str3_mask.png 86241 274 1083 240
str3_mask.png 86407 275 797 159
str3_mask.png 86574 276 662 156
#29
str3_mask.png 90139 293 879 418
str3_mask.png 90322 294 947 101
str3_mask.png 90572 295 979 44
str3_mask.png 90789 296 1206 118
str3_mask.png 91622 297 1247 117
str3_mask.png 92162 298 1348 285
str3_mask.png 92528 299 1359 250
str3_mask.png 92945 300 1348 275
str3_mask.png 93196 301 1380 295
str3_mask.png 93512 302 1511 518
str3_mask.png 94096 303 1390 760
str3_mask.png 94446 304 1269 850
str3_mask.png 94762 305 1222 879
str3_mask.png 95162 306 1209 914
str3_mask.png 95479 307 999 952
str3_mask.png 95829 308 899 965
str3_mask.png 96212 309 961 942
str3_mask.png 96462 310 1023 951
str3_mask.png 96662 311 606 909
str3_mask.png 96846 312 578 872
str3_mask.png 97279 313 580 864
str3_mask.png 97379 314 630 910
str3_mask.png 97762 315 461 706
str3_mask.png 97962 316 408 734
str3_mask.png 98212 317 524 770
str3_mask.png 98462 318 412 522
str3_mask.png 98745 319 459 503
str3_mask.png 98978 320 487 295
str3_mask.png 99845 321 648 164
str3_mask.png 99928 322 764 166
#30
str3_mask.png 77337 272 779 433
str3_mask.png 77537 273 535 281
str3_mask.png 77703 274 499 279
str3_mask.png 77820 275 751 184
str3_mask.png 77970 276 987 120
str3_mask.png 78170 277 1210 185
str3_mask.png 78420 278 1405 268
str3_mask.png 78537 279 1382 274
str3_mask.png 78854 280 502 270
str3_mask.png 78987 281 471 308
str3_mask.png 79204 282 1342 299
str3_mask.png 79354 283 1376 278
str3_mask.png 79688 284 364 563
str3_mask.png 79820 285 473 542
str3_mask.png 80004 286 1492 518
str3_mask.png 80138 287 1471 521
str3_mask.png 80621 288 434 747
str3_mask.png 80721 289 516 749
str3_mask.png 80904 290 1335 828
str3_mask.png 81304 291 1506 496
str3_mask.png 81571 292 1379 288
str3_mask.png 82237 293 435 531
str3_mask.png 82421 294 679 926
str3_mask.png 82806 295 977 971
str3_mask.png 83072 296 1049 959
str3_mask.png 83322 297 1243 877
str3_mask.png 83589 298 1406 786
str3_mask.png 83806 299 1209 877
str3_mask.png 84056 300 1247 896
str3_mask.png 84439 301 1184 1035
str3_mask.png 84656 302 436 566
str3_mask.png 84890 303 472 344
str3_mask.png 85106 304 750 154
str3_mask.png 85256 305 657 178
str3_mask.png 85456 306 447 337
str3_mask.png 85706 307 1142 998
str3_mask.png 85889 308 1201 981
str3_mask.png 86139 309 1143 290
str3_mask.png 86306 310 1229 169
str3_mask.png 86606 311 1431 322
str3_mask.png 86740 312 1408 330
str3_mask.png 87157 313 1471 579
#31
str3_mask.png 72547 263 716 324
str3_mask.png 72697 264 501 281
str3_mask.png 72981 265 954 84
str3_mask.png 73297 266 1260 154
str3_mask.png 73597 267 1465 217
str3_mask.png 73731 268 1409 241
str3_mask.png 74048 269 1520 511
str3_mask.png 74514 270 1382 761
str3_mask.png 74965 271 1252 205
str3_mask.png 75131 272 1185 140
str3_mask.png 75364 273 1162 887
str3_mask.png 75531 274 1191 879
str3_mask.png 75864 275 977 903
str3_mask.png 76098 276 966 917
str3_mask.png 76232 277 1048 939
str3_mask.png 76498 278 624 886
str3_mask.png 76915 279 424 722
str3_mask.png 77048 280 440 698
str3_mask.png 77231 281 505 677
str3_mask.png 77415 282 418 465
str3_mask.png 77615 283 463 282
str3_mask.png 78315 284 371 506
str3_mask.png 78631 285 538 243
str3_mask.png 78998 286 705 108
str3_mask.png 79232 287 656 132
str3_mask.png 79415 288 962 64
str3_mask.png 79582 289 575 180
str3_mask.png 79865 290 1001 56
str3_mask.png 80248 291 1289 126
str3_mask.png 80481 292 1227 150
str3_mask.png 80748 293 1436 273
str3_mask.png 80882 294 1383 295
str3_mask.png 81566 295 1498 491
str3_mask.png 81949 296 1381 809
#32
str3_mask.png 63589 221 970 132
str3_mask.png 63856 222 1015 82
str3_mask.png 64056 223 1011 55
str3_mask.png 64373 224 1239 131
str3_mask.png 64773 225 1213 141
str3_mask.png 65023 226 1317 173
str3_mask.png 65139 227 1227 146
str3_mask.png 65406 228 1265 87
str3_mask.png 65539 229 1438 196
str3_mask.png 65707 230 1389 215
str3_mask.png 65874 231 1527 482
str3_mask.png 66290 232 1509 464
str3_mask.png 66740 233 1414 741
str3_mask.png 67424 234 1251 833
str3_mask.png 67724 235 1237 856
str3_mask.png 67924 236 1265 862
str3_mask.png 68107 237 1069 937
str3_mask.png 68407 238 1420 767
str3_mask.png 68707 239 1018 927
str3_mask.png 68957 240 690 891
str3_mask.png 69190 241 593 779
str3_mask.png 69374 242 534 721
str3_mask.png 69573 243 482 726
str3_mask.png 69740 244 454 445
str3_mask.png 70123 245 486 268
str3_mask.png 70530 246 520 322
str3_mask.png 70787 247 502 247
str3_mask.png 71038 248 715 184
str3_mask.png 71139 249 712 162
str3_mask.png 71456 250 683 143
str3_mask.png 71890 251 432 480
str3_mask.png 72156 252 503 471
str3_mask.png 72673 253 484 469
str3_mask.png 72856 254 486 477
str3_mask.png 73156 255 436 469
#33
str3_mask.png 71976 221 1209 589
str3_mask.png 72459 222 1406 663
str3_mask.png 72943 223 1259 994
str3_mask.png 73514 224 890 905
str3_mask.png 74109 225 620 854
str3_mask.png 74432 226 980 924
str3_mask.png 74765 227 600 841
str3_mask.png 75182 228 439 712
str3_mask.png 75582 229 345 660
str3_mask.png 75748 230 320 330
str3_mask.png 75831 231 300 318
str3_mask.png 76104 232 460 36
str3_mask.png 77157 235 1420 95
str3_mask.png 77491 236 1547 334
str3_mask.png 77874 237 1459 610
str3_mask.png 78141 238 1319 745
str3_mask.png 78308 239 1204 833
str3_mask.png 78508 240 930 908
str3_mask.png 78758 241 1236 758
str3_mask.png 78957 242 941 896
str3_mask.png 79674 244 923 834
str3_mask.png 79874 245 997 888
str3_mask.png 80108 246 1242 788
str3_mask.png 80324 247 936 895
str3_mask.png 80525 248 1003 925
str3_mask.png 80667 249 987 906
str3_mask.png 81195 250 568 802
#34
str3_mask.png 60528 189 990 545
str3_mask.png 61179 190 984 521
str3_mask.png 61462 191 1029 125
str3_mask.png 61662 192 1272 152
str3_mask.png 61962 193 1221 169
str3_mask.png 62296 194 1469 202
str3_mask.png 62463 195 1382 255
str3_mask.png 62980 196 1516 462
str3_mask.png 63163 197 1526 486
str3_mask.png 63429 198 1395 772
str3_mask.png 63630 199 1253 882
str3_mask.png 64046 200 1012 954
str3_mask.png 64413 201 675 906
str3_mask.png 64563 202 501 667
str3_mask.png 64796 203 463 492
str3_mask.png 64929 204 508 292
str3_mask.png 65346 205 1065 439
str3_mask.png 65646 206 1063 425
str3_mask.png 65796 207 962 350
str3_mask.png 66013 208 952 334
str3_mask.png 66179 209 998 468
str3_mask.png 66529 210 1044 540
str3_mask.png 66846 211 975 527
str3_mask.png 67146 212 776 178
str3_mask.png 67596 213 771 186
str3_mask.png 68412 214 960 108
str3_mask.png 68779 215 1053 128
str3_mask.png 69462 216 1247 178
str3_mask.png 70512 217 1017 56
#35
str3_mask.png 70711 237 771 398
str3_mask.png 71028 238 641 128
str3_mask.png 71178 239 962 88
str3_mask.png 71428 240 1184 125
str3_mask.png 71777 241 1379 194
str3_mask.png 71928 242 1329 200
str3_mask.png 72011 243 1355 222
str3_mask.png 72328 244 1509 474
str3_mask.png 72645 245 1468 528
str3_mask.png 73028 246 1481 467
str3_mask.png 73745 247 1539 463
str3_mask.png 74261 248 1342 795
str3_mask.png 74695 249 1387 789
str3_mask.png 74828 250 1199 893
str3_mask.png 75278 251 917 973
str3_mask.png 75478 252 1003 963
str3_mask.png 75745 253 583 889
str3_mask.png 76161 254 384 747
str3_mask.png 76294 255 407 740
str3_mask.png 76477 256 370 507
str3_mask.png 76761 257 428 323
str3_mask.png 76977 258 430 284
str3_mask.png 77211 259 605 183
str3_mask.png 77461 260 464 258
str3_mask.png 77827 261 449 673
str3_mask.png 77994 262 403 740
str3_mask.png 78411 263 509 747
str3_mask.png 78694 264 636 906
str3_mask.png 78861 265 611 885
str3_mask.png 79094 266 367 501
str3_mask.png 79311 267 465 303
str3_mask.png 79544 268 443 450
str3_mask.png 79744 269 707 154
str3_mask.png 80227 270 946 87
str3_mask.png 80544 271 664 185
str3_mask.png 80711 272 559 170
#36
str3_mask.png 77129 258 1013 502
str3_mask.png 77390 259 1009 518
str3_mask.png 77657 260 1000 536
str3_mask.png 77907 261 1009 497
str3_mask.png 78173 262 848 581
str3_mask.png 78457 263 482 666
str3_mask.png 78623 264 407 447
str3_mask.png 78923 265 468 254
str3_mask.png 79339 266 613 150
str3_mask.png 79840 267 873 112
str3_mask.png 79956 268 869 127
str3_mask.png 80256 269 1184 171
str3_mask.png 80757 270 1458 323
str3_mask.png 80890 271 1462 313
str3_mask.png 81273 272 1546 516
str3_mask.png 81507 273 1543 514
str3_mask.png 81890 274 1518 544
str3_mask.png 82040 275 1544 493
str3_mask.png 82323 276 1271 849
str3_mask.png 83173 277 848 546
str3_mask.png 83440 278 840 525
str3_mask.png 83906 279 969 931
str3_mask.png 84073 280 975 922
str3_mask.png 84372 281 1297 816
str3_mask.png 84556 282 1061 932
str3_mask.png 84806 283 1444 746
str3_mask.png 85090 284 1582 387
str3_mask.png 85407 285 1181 76
str3_mask.png 85807 286 853 143
str3_mask.png 86123 287 584 229
str3_mask.png 86356 288 455 317
str3_mask.png 86840 289 461 358
str3_mask.png 87140 290 463 346
#37
str3_mask.png 51871 192 452 246
str3_mask.png 52105 193 854 858
str3_mask.png 52288 194 967 935
str3_mask.png 52671 195 1073 949
str3_mask.png 52922 196 618 837
str3_mask.png 53355 197 476 707
str3_mask.png 54272 198 1231 213
str3_mask.png 54405 199 1154 195
str3_mask.png 54939 200 1016 489
str3_mask.png 55472 201 1398 335
str3_mask.png 55705 202 1519 457
str3_mask.png 56039 203 980 197
str3_mask.png 56222 204 919 21
str3_mask.png 56406 205 921 29
str3_mask.png 56622 206 920 24
str3_mask.png 56789 207 1082 643
str3_mask.png 56972 208 1218 836
str3_mask.png 57389 209 1402 751
str3_mask.png 58089 210 464 270
str3_mask.png 58472 211 1014 136
str3_mask.png 58806 212 1202 127
str3_mask.png 59006 213 1403 303
str3_mask.png 59356 214 1393 207
str3_mask.png 59589 215 1510 462
str3_mask.png 59872 216 1423 718
str3_mask.png 60139 217 1358 789
str3_mask.png 60372 218 1225 823
str3_mask.png 60656 219 1222 826
str3_mask.png 61339 220 1230 883
#38
str3_mask.png 63598 221 1032 523
str3_mask.png 64031 222 1431 299
str3_mask.png 64381 223 1541 520
str3_mask.png 64649 224 1408 766
str3_mask.png 65032 225 1403 780
str3_mask.png 65582 226 1218 853
str3_mask.png 65848 227 976 941
str3_mask.png 66115 228 1040 946
str3_mask.png 66515 229 1045 952
str3_mask.png 66882 230 892 975
str3_mask.png 67198 231 656 866
str3_mask.png 67732 232 483 768
str3_mask.png 68015 233 418 526
str3_mask.png 68165 234 447 487
str3_mask.png 68931 235 670 184
str3_mask.png 69831 236 1239 190
str3_mask.png 70148 237 1421 290
str3_mask.png 70231 238 1438 282
str3_mask.png 70415 239 1452 279
str3_mask.png 70565 240 1275 894
str3_mask.png 70881 241 979 977
str3_mask.png 72048 242 606 832
str3_mask.png 72314 243 472 556
str3_mask.png 72631 244 505 371
str3_mask.png 72915 245 517 692
#39
str3_mask.png 62758 200 920 406
str3_mask.png 64925 202 1519 400
str3_mask.png 65242 203 1543 462
str3_mask.png 65375 204 1522 572
str3_mask.png 65642 205 1423 774
str3_mask.png 65859 206 1238 865
str3_mask.png 66142 207 1258 902
str3_mask.png 66408 208 1215 969
str3_mask.png 66542 209 1010 956
str3_mask.png 66742 210 866 953
str3_mask.png 67192 211 596 868
str3_mask.png 67362 212 566 859
str3_mask.png 67562 213 392 718
str3_mask.png 67712 214 452 697
str3_mask.png 67945 215 1241 904
str3_mask.png 68095 216 1265 918
str3_mask.png 68395 217 1262 940
str3_mask.png 68678 218 431 706
str3_mask.png 68895 219 398 429
str3_mask.png 69145 220 388 646
str3_mask.png 69278 221 411 719
str3_mask.png 69661 222 355 453
str3_mask.png 70012 223 464 195
str3_mask.png 70362 224 446 179
str3_mask.png 70495 225 410 205
str3_mask.png 70878 226 429 202
str3_mask.png 71911 227 657 133
str3_mask.png 72111 228 723 123
#40
str3_mask.png 61190 218 963 513
str3_mask.png 62173 219 1067 389
str3_mask.png 62556 220 1318 199
str3_mask.png 62806 221 1368 191
str3_mask.png 62906 222 1372 215
str3_mask.png 63440 223 1388 230
str3_mask.png 64306 224 826 269
str3_mask.png 64539 225 548 259
str3_mask.png 64706 226 519 279
str3_mask.png 64973 227 456 504
str3_mask.png 65223 228 481 714
str3_mask.png 65973 229 663 856
str3_mask.png 66339 230 942 935
str3_mask.png 66706 231 1041 634
str3_mask.png 67006 232 1029 964
str3_mask.png 67123 233 1072 964
str3_mask.png 67789 234 1272 875
str3_mask.png 68507 235 1286 904
str3_mask.png 69377 237 920 23
str3_mask.png 69493 238 934 32
str3_mask.png 70093 239 676 116
str3_mask.png 70260 240 1316 262
str3_mask.png 70693 241 836 33
str3_mask.png 71060 242 742 120
#41
str3_mask.png 59650 222 1007 439
str3_mask.png 59900 223 575 466
str3_mask.png 60116 224 902 175
str3_mask.png 60400 225 1161 163
str3_mask.png 60852 226 1033 157
str3_mask.png 61373 227 1311 211
str3_mask.png 61507 228 1154 221
str3_mask.png 61724 229 1408 295
str3_mask.png 62457 230 1566 454
str3_mask.png 62824 231 1478 628
str3_mask.png 63440 232 1384 756
str3_mask.png 63757 233 1207 830
str3_mask.png 64240 234 864 948
str3_mask.png 65307 235 562 954
str3_mask.png 65456 236 701 926
str3_mask.png 65573 237 589 893
str3_mask.png 65773 238 409 786
str3_mask.png 66223 239 344 723
str3_mask.png 66507 240 290 574
str3_mask.png 66906 241 331 426
str3_mask.png 67190 242 369 339
str3_mask.png 67390 243 518 240
str3_mask.png 67706 244 818 202
str3_mask.png 68173 245 1022 444
str3_mask.png 68906 246 901 394
str3_mask.png 69540 247 758 330
#42
str3_mask.png 69548 241 940 45
str3_mask.png 69931 242 987 45
str3_mask.png 70265 243 1023 39
str3_mask.png 70531 244 912 73
str3_mask.png 70915 245 676 85
str3_mask.png 71248 246 642 67
str3_mask.png 71431 247 701 60
str3_mask.png 71731 248 464 227
str3_mask.png 71997 249 483 216
str3_mask.png 72297 250 496 204
str3_mask.png 72614 251 431 446
str3_mask.png 72897 252 459 441
str3_mask.png 73164 253 457 663
str3_mask.png 74064 254 512 697
str3_mask.png 74364 255 642 811
str3_mask.png 74847 256 643 848
str3_mask.png 75164 257 629 812
str3_mask.png 76381 258 684 814
str3_mask.png 76580 259 646 811
str3_mask.png 76747 260 979 918
str3_mask.png 76997 261 1054 924
str3_mask.png 77281 262 1262 835
str3_mask.png 77731 263 1343 748
str3_mask.png 77981 264 1490 414
str3_mask.png 78198 265 1367 185
str3_mask.png 78431 266 1190 103
str3_mask.png 78798 267 1214 148
str3_mask.png 78998 268 1395 249
#43
