str4_mask.png 80529 245 828 226
str4_mask.png 81096 246 1289 139
str4_mask.png 81247 247 1154 198
str4_mask.png 81380 248 1392 288
str4_mask.png 81647 249 1442 284
str4_mask.png 82414 250 1509 498
str4_mask.png 82680 251 1462 540
str4_mask.png 82980 252 1470 302
str4_mask.png 83197 253 1512 664
str4_mask.png 83413 254 1491 716
str4_mask.png 83847 255 1331 914
str4_mask.png 84080 256 1351 853
str4_mask.png 84347 257 1024 987
str4_mask.png 84563 258 996 964
str4_mask.png 84797 259 1303 904
str4_mask.png 84980 260 1370 858
str4_mask.png 85130 261 955 953
str4_mask.png 85430 262 774 911
str4_mask.png 85513 263 711 869
str4_mask.png 85663 264 456 772
str4_mask.png 86146 265 360 575
str4_mask.png 86430 266 332 499
str4_mask.png 86680 267 439 340
str4_mask.png 86813 268 501 381
str4_mask.png 87346 269 533 374
str4_mask.png 87729 270 620 220
str4_mask.png 88346 271 987 160
str4_mask.png 88630 272 539 412
str4_mask.png 88779 273 379 570
str4_mask.png 89146 274 420 798
str4_mask.png 89379 275 433 717
str4_mask.png 89763 276 324 532
str4_mask.png 89946 277 362 512
#1
str4_mask.png 109197 360 1012 404
str4_mask.png 109898 361 646 146
str4_mask.png 110150 362 621 180
str4_mask.png 110450 363 459 319
str4_mask.png 110683 364 431 480
str4_mask.png 110917 365 392 554
str4_mask.png 111150 366 440 722
str4_mask.png 111550 367 446 811
str4_mask.png 111800 368 439 828
str4_mask.png 112050 369 678 901
str4_mask.png 112516 370 997 1028
str4_mask.png 112650 371 1002 1003
str4_mask.png 112883 372 917 1003
str4_mask.png 113216 373 1018 1008
str4_mask.png 113583 374 1296 918
str4_mask.png 113900 375 1455 683
str4_mask.png 114217 376 1480 484
str4_mask.png 114750 377 1419 372
str4_mask.png 114850 378 1404 241
str4_mask.png 115350 379 1370 240
str4_mask.png 115650 380 1267 257
str4_mask.png 115884 381 1354 241
str4_mask.png 116333 382 1430 244
str4_mask.png 116583 383 1402 230
str4_mask.png 116984 384 1262 263
str4_mask.png 117267 385 1121 183
str4_mask.png 117534 386 1106 109
str4_mask.png 117750 387 886 100
str4_mask.png 118100 388 1412 504
str4_mask.png 119067 389 1521 508
#2
str4_mask.png 63787 177 895 439
str4_mask.png 64037 178 648 736
str4_mask.png 64237 179 475 687
str4_mask.png 64620 180 972 83
str4_mask.png 64853 181 939 54
str4_mask.png 65020 182 1188 63
str4_mask.png 65203 183 957 41
str4_mask.png 65420 184 1326 114
str4_mask.png 65820 185 1450 630
str4_mask.png 66120 186 1462 574
str4_mask.png 66237 187 1456 595
str4_mask.png 66604 188 1414 234
str4_mask.png 66854 189 1377 170
str4_mask.png 67020 190 479 830
str4_mask.png 67253 191 465 640
str4_mask.png 67636 192 397 431
str4_mask.png 68036 193 383 388
str4_mask.png 68220 194 486 228
str4_mask.png 68453 195 611 104
str4_mask.png 68736 196 671 98
str4_mask.png 68936 197 1047 913
str4_mask.png 69220 198 698 838
str4_mask.png 69570 199 1289 800
str4_mask.png 69787 200 1325 777
str4_mask.png 70170 201 1334 775
str4_mask.png 70470 202 976 912
str4_mask.png 70770 203 705 824
str4_mask.png 71320 204 740 808
str4_mask.png 71920 205 1345 159
str4_mask.png 72753 206 1390 159
str4_mask.png 72937 207 1391 183
str4_mask.png 73320 208 1370 175
str4_mask.png 73470 209 1370 182
str4_mask.png 73670 210 1366 180
#3
str4_mask.png 100023 338 967 459
str4_mask.png 100156 339 970 721
str4_mask.png 100373 340 353 559
str4_mask.png 100456 341 461 555
str4_mask.png 100656 342 499 653
str4_mask.png 100989 343 447 376
str4_mask.png 101189 344 514 265
str4_mask.png 101389 345 694 81
str4_mask.png 101589 346 743 138
str4_mask.png 101760 347 976 67
str4_mask.png 102046 348 1280 23
str4_mask.png 102580 349 1038 35
str4_mask.png 102663 350 1047 62
str4_mask.png 102830 351 1127 32
str4_mask.png 103080 352 1223 221
str4_mask.png 103924 353 1410 123
str4_mask.png 104075 354 1517 435
str4_mask.png 104275 355 1466 601
str4_mask.png 104625 356 1473 638
str4_mask.png 104842 357 1316 817
str4_mask.png 105058 358 1031 918
str4_mask.png 105291 359 1007 932
str4_mask.png 105691 360 709 861
str4_mask.png 105858 361 991 909
str4_mask.png 106025 362 1021 939
str4_mask.png 106375 363 662 859
str4_mask.png 106858 364 454 747
str4_mask.png 106958 365 495 708
str4_mask.png 107208 366 402 472
str4_mask.png 107557 367 467 693
str4_mask.png 107824 368 469 771
str4_mask.png 108057 369 1006 972
str4_mask.png 108257 370 1044 945
str4_mask.png 108541 371 1045 963
str4_mask.png 108957 372 656 174
str4_mask.png 109107 373 653 195
str4_mask.png 109207 374 657 213
str4_mask.png 109307 375 625 191
#4
str4_mask.png 87656 190 961 526
str4_mask.png 88023 191 927 147
str4_mask.png 88206 192 654 162
str4_mask.png 88440 193 463 332
str4_mask.png 88656 194 436 626
str4_mask.png 89290 195 681 948
str4_mask.png 89540 196 991 998
str4_mask.png 89740 197 1267 942
str4_mask.png 90273 198 1486 713
str4_mask.png 91393 199 1385 206
str4_mask.png 91859 200 480 362
str4_mask.png 92426 201 404 515
str4_mask.png 93093 202 1459 679
str4_mask.png 93326 203 933 1028
str4_mask.png 93626 204 744 948
str4_mask.png 93893 205 695 919
str4_mask.png 95360 206 577 206
str4_mask.png 95526 207 498 343
str4_mask.png 95793 208 432 496
str4_mask.png 95976 209 574 683
str4_mask.png 96276 210 1099 169
str4_mask.png 96443 211 1008 104
str4_mask.png 96743 212 966 131
str4_mask.png 97443 213 1180 164
#5
str4_mask.png 82278 209 1046 114
str4_mask.png 83729 211 1353 76
str4_mask.png 84046 212 1455 103
str4_mask.png 84329 213 1443 133
str4_mask.png 84596 214 1448 145
str4_mask.png 84946 215 1494 543
str4_mask.png 85329 216 1511 629
str4_mask.png 85596 217 1471 698
str4_mask.png 85929 218 1361 841
str4_mask.png 86445 219 1027 997
str4_mask.png 86862 220 991 1011
str4_mask.png 87145 221 708 935
str4_mask.png 87378 222 338 774
str4_mask.png 87695 223 481 426
str4_mask.png 87878 224 461 437
str4_mask.png 88095 225 490 392
str4_mask.png 88545 226 504 378
str4_mask.png 90779 230 1106 226
str4_mask.png 91212 231 1260 233
str4_mask.png 91395 232 1449 166
str4_mask.png 91779 233 1282 218
#6
str4_mask.png 91290 240 1457 707
str4_mask.png 91440 241 1319 723
str4_mask.png 91573 242 1390 710
str4_mask.png 91990 243 1457 663
str4_mask.png 92090 244 1332 743
str4_mask.png 92407 245 1446 721
str4_mask.png 92607 246 1298 920
str4_mask.png 92841 247 1035 1038
str4_mask.png 93024 248 1029 1026
str4_mask.png 93191 249 723 938
str4_mask.png 93507 250 379 765
str4_mask.png 93857 251 325 512
str4_mask.png 93990 252 363 515
str4_mask.png 94156 253 378 503
str4_mask.png 94540 254 375 464
str4_mask.png 94640 255 483 278
str4_mask.png 94873 256 688 162
str4_mask.png 95307 257 921 143
str4_mask.png 95724 258 997 137
str4_mask.png 96191 259 1222 161
str4_mask.png 96891 260 1385 232
str4_mask.png 97224 261 1526 447
str4_mask.png 97824 262 1467 256
str4_mask.png 97941 263 1356 506
str4_mask.png 98474 264 1347 799
str4_mask.png 98707 265 1272 963
str4_mask.png 99074 266 973 1029
str4_mask.png 99291 267 685 911
str4_mask.png 99507 268 458 730
str4_mask.png 99774 269 411 464
str4_mask.png 99924 270 612 236
str4_mask.png 100124 271 679 168
str4_mask.png 100407 272 670 180
str4_mask.png 100541 273 682 156
#7
str4_mask.png 61774 150 877 213
str4_mask.png 62291 151 652 203
str4_mask.png 62608 152 425 335
str4_mask.png 62724 153 347 509
str4_mask.png 62840 154 375 507
str4_mask.png 63007 155 591 855
str4_mask.png 63324 156 494 818
str4_mask.png 63624 157 922 916
str4_mask.png 63807 158 1010 974
str4_mask.png 64274 159 997 953
str4_mask.png 64407 160 1410 740
str4_mask.png 64524 161 1403 713
str4_mask.png 64691 162 1455 354
str4_mask.png 64941 163 1177 179
str4_mask.png 65191 164 926 108
str4_mask.png 65424 165 571 154
str4_mask.png 65691 166 378 362
str4_mask.png 65807 167 417 378
str4_mask.png 66124 168 1079 426
str4_mask.png 66757 169 945 477
str4_mask.png 67657 170 949 448
str4_mask.png 68389 171 961 417
str4_mask.png 69910 172 957 461
str4_mask.png 70926 173 940 443
#8
str4_mask.png 86099 287 641 196
str4_mask.png 86249 288 631 201
str4_mask.png 86399 289 728 126
str4_mask.png 86665 290 787 815
str4_mask.png 86982 291 715 842
str4_mask.png 87615 293 883 534
str4_mask.png 87999 294 921 1004
str4_mask.png 88149 295 1016 987
str4_mask.png 88649 296 1056 993
str4_mask.png 89132 297 1092 982
str4_mask.png 89349 298 1381 908
str4_mask.png 89732 299 1441 853
str4_mask.png 90382 300 1566 651
str4_mask.png 90516 301 1463 625
str4_mask.png 91049 302 1307 920
str4_mask.png 91232 303 1348 829
str4_mask.png 92066 304 1443 415
str4_mask.png 92649 305 1490 406
str4_mask.png 92866 306 1374 183
str4_mask.png 93882 307 1427 206
str4_mask.png 94049 308 1419 205
str4_mask.png 94199 309 1093 57
str4_mask.png 94649 310 870 31
str4_mask.png 94782 311 864 59
str4_mask.png 95166 312 1103 93
str4_mask.png 95616 313 869 72
#9
str4_mask.png 80756 228 947 529
str4_mask.png 80923 229 1398 519
str4_mask.png 81206 230 1393 325
str4_mask.png 81373 231 1386 255
str4_mask.png 82090 232 1378 243
str4_mask.png 82973 233 1475 451
str4_mask.png 83456 234 1438 667
str4_mask.png 84840 235 1388 727
str4_mask.png 85056 236 1153 915
str4_mask.png 85240 237 973 970
str4_mask.png 85640 238 725 903
str4_mask.png 86139 239 959 975
str4_mask.png 86373 240 1007 980
str4_mask.png 86623 241 1273 876
str4_mask.png 86856 242 587 844
str4_mask.png 87073 243 446 719
str4_mask.png 87222 244 467 729
str4_mask.png 87522 245 415 438
str4_mask.png 87822 246 594 241
str4_mask.png 88189 247 625 219
str4_mask.png 88505 248 896 165
str4_mask.png 89222 249 961 104
#10
str4_mask.png 66761 197 834 392
str4_mask.png 67116 198 542 311
str4_mask.png 67399 199 445 529
str4_mask.png 67599 200 519 779
str4_mask.png 67882 201 505 752
str4_mask.png 68249 202 752 879
str4_mask.png 68665 203 738 915
str4_mask.png 69082 204 1061 1007
str4_mask.png 69449 205 1381 811
str4_mask.png 69599 206 1468 755
str4_mask.png 69816 207 1488 680
str4_mask.png 70150 208 1437 407
str4_mask.png 70300 209 1421 194
str4_mask.png 71018 210 926 131
str4_mask.png 71407 211 1132 130
str4_mask.png 71813 212 631 153
str4_mask.png 72031 213 703 137
str4_mask.png 72504 214 641 175
str4_mask.png 72840 215 506 365
str4_mask.png 73024 216 420 550
str4_mask.png 73291 217 504 742
str4_mask.png 73708 218 679 869
str4_mask.png 73991 219 742 899
str4_mask.png 74375 220 1042 1010
str4_mask.png 74875 221 1056 1047
str4_mask.png 75108 222 1366 938
str4_mask.png 75242 223 1326 906
str4_mask.png 75879 224 1452 689
str4_mask.png 76068 225 1486 474
str4_mask.png 76387 226 1408 231
#11
str4_mask.png 88681 197 1000 506
str4_mask.png 88898 198 986 98
str4_mask.png 89098 199 992 6
str4_mask.png 89298 200 975 26
str4_mask.png 89800 201 969 21
str4_mask.png 90036 202 992 11
str4_mask.png 90370 203 955 82
str4_mask.png 90620 204 1194 60
str4_mask.png 90820 205 1224 13
str4_mask.png 91203 206 1240 45
str4_mask.png 91970 207 1423 139
str4_mask.png 92154 208 1432 204
str4_mask.png 92754 209 1461 191
str4_mask.png 93220 210 1465 184
str4_mask.png 93487 211 1390 195
str4_mask.png 94004 212 1473 200
str4_mask.png 94287 213 1525 241
str4_mask.png 94820 214 1428 168
str4_mask.png 95237 215 1263 224
str4_mask.png 95587 216 1432 187
str4_mask.png 95938 217 1454 165
str4_mask.png 96274 218 1498 249
str4_mask.png 96508 219 1492 262
str4_mask.png 96824 220 1423 226
str4_mask.png 96924 221 1445 200
str4_mask.png 97091 222 1323 210
str4_mask.png 97324 223 1260 219
str4_mask.png 97624 224 1480 137
str4_mask.png 98008 225 1430 169
#12
str4_mask.png 100623 259 1334 315
str4_mask.png 100873 260 1054 291
str4_mask.png 101073 261 1424 656
str4_mask.png 101607 262 1463 622
str4_mask.png 101823 263 1442 668
str4_mask.png 102240 264 1461 632
str4_mask.png 102573 265 1200 922
str4_mask.png 102790 266 956 961
str4_mask.png 102990 267 668 866
str4_mask.png 103223 268 445 790
str4_mask.png 103456 269 443 719
str4_mask.png 103789 270 374 504
str4_mask.png 103989 271 367 450
str4_mask.png 104206 272 467 715
str4_mask.png 104489 273 1460 638
str4_mask.png 104607 274 1408 631
str4_mask.png 104923 275 423 682
str4_mask.png 105089 276 409 731
str4_mask.png 105956 277 725 829
str4_mask.png 106239 278 1420 726
str4_mask.png 106490 279 1006 892
str4_mask.png 106707 280 716 878
str4_mask.png 107057 281 897 170
str4_mask.png 107307 282 1061 104
str4_mask.png 107440 283 928 56
str4_mask.png 107756 284 874 107
str4_mask.png 107923 285 1113 108
str4_mask.png 108223 286 1363 176
str4_mask.png 108674 287 1112 84
str4_mask.png 108924 288 544 121
str4_mask.png 109040 289 628 145
str4_mask.png 109174 290 472 312
str4_mask.png 109441 291 533 333
str4_mask.png 109941 292 431 325
#13
str4_mask.png 84055 273 1024 367
str4_mask.png 84288 274 964 203
str4_mask.png 84588 275 1350 222
str4_mask.png 84722 276 1320 251
str4_mask.png 85105 277 1359 271
str4_mask.png 85355 278 1433 447
str4_mask.png 86038 279 1427 687
str4_mask.png 86488 280 1313 848
str4_mask.png 86705 281 1108 942
str4_mask.png 86872 282 958 991
str4_mask.png 87122 283 712 943
str4_mask.png 87422 284 647 924
str4_mask.png 87622 285 439 790
str4_mask.png 87738 286 458 790
str4_mask.png 88221 287 378 535
str4_mask.png 88571 288 357 502
str4_mask.png 88804 289 434 362
str4_mask.png 89071 290 571 197
str4_mask.png 89538 291 622 178
str4_mask.png 90221 292 629 134
str4_mask.png 90471 293 883 154
str4_mask.png 90821 294 936 121
str4_mask.png 91104 295 1144 102
str4_mask.png 91721 296 1384 217
str4_mask.png 91871 297 1337 248
str4_mask.png 92255 298 1406 313
str4_mask.png 92471 299 1447 444
str4_mask.png 93355 300 1399 245
str4_mask.png 93638 301 1417 490
str4_mask.png 93938 302 1436 683
#14
str4_mask.png 128536 383 1034 478
str4_mask.png 128853 384 782 157
str4_mask.png 129271 385 1038 8
str4_mask.png 129824 386 1199 45
str4_mask.png 130096 387 1140 64
str4_mask.png 130297 388 1138 68
str4_mask.png 130763 389 1399 188
str4_mask.png 131313 390 1475 445
str4_mask.png 131647 391 1398 194
str4_mask.png 132013 392 1462 446
str4_mask.png 132313 393 1509 390
str4_mask.png 132497 394 1494 639
str4_mask.png 132880 395 1464 637
str4_mask.png 133197 396 1313 849
str4_mask.png 133547 397 1347 837
str4_mask.png 134113 398 1007 954
str4_mask.png 134380 399 989 972
str4_mask.png 134797 400 693 878
str4_mask.png 135213 401 623 866
str4_mask.png 135680 402 421 748
str4_mask.png 135846 403 454 734
str4_mask.png 136213 404 444 715
str4_mask.png 136746 405 374 471
str4_mask.png 137113 406 396 448
str4_mask.png 137546 407 511 275
str4_mask.png 137996 408 651 113
str4_mask.png 138379 409 609 114
#15
str4_mask.png 88279 300 937 536
str4_mask.png 88396 301 772 277
str4_mask.png 88612 302 1047 176
str4_mask.png 88862 303 1191 157
str4_mask.png 89180 304 1360 299
str4_mask.png 89330 305 883 143
str4_mask.png 89747 306 875 198
str4_mask.png 90364 307 891 160
str4_mask.png 91030 308 1409 614
str4_mask.png 91130 309 1281 812
str4_mask.png 91297 310 1426 770
str4_mask.png 91614 311 1281 774
str4_mask.png 91764 312 1424 735
str4_mask.png 92030 313 755 921
str4_mask.png 92147 314 624 910
str4_mask.png 92347 315 424 825
str4_mask.png 92513 316 468 813
str4_mask.png 92630 317 425 770
str4_mask.png 93080 318 386 581
str4_mask.png 93613 319 849 946
str4_mask.png 93763 320 1006 985
str4_mask.png 94063 321 1332 869
str4_mask.png 94313 322 1497 682
str4_mask.png 94447 323 1451 705
str4_mask.png 94780 324 1470 510
str4_mask.png 94980 325 1409 330
str4_mask.png 95180 326 1351 278
str4_mask.png 95630 327 540 208
str4_mask.png 95846 328 456 373
str4_mask.png 96146 329 393 653
str4_mask.png 96463 330 435 810
str4_mask.png 96813 331 435 756
str4_mask.png 97063 332 405 777
str4_mask.png 97580 333 438 782
str4_mask.png 97813 334 504 814
str4_mask.png 98013 335 684 913
#16
str4_mask.png 110503 307 1070 443
str4_mask.png 110907 308 850 118
str4_mask.png 111224 309 680 123
str4_mask.png 112557 310 565 297
str4_mask.png 112824 311 370 321
str4_mask.png 113273 312 529 320
str4_mask.png 113640 313 353 508
str4_mask.png 113990 314 383 518
str4_mask.png 114190 315 394 503
str4_mask.png 114324 316 426 562
str4_mask.png 114524 317 422 563
str4_mask.png 114657 318 484 771
str4_mask.png 114873 319 488 769
str4_mask.png 115324 320 471 778
str4_mask.png 115757 321 733 942
str4_mask.png 116090 322 810 945
str4_mask.png 116357 323 1065 1047
str4_mask.png 116773 324 1126 1041
str4_mask.png 117057 325 1087 1014
str4_mask.png 117440 326 944 1056
str4_mask.png 117740 327 1360 938
str4_mask.png 118257 328 1575 751
str4_mask.png 118391 329 1511 695
str4_mask.png 118591 330 1547 402
str4_mask.png 118674 331 1539 412
str4_mask.png 119091 332 1463 462
str4_mask.png 119424 333 1487 180
str4_mask.png 119808 334 1156 73
str4_mask.png 120358 335 938 35
str4_mask.png 120458 336 942 13
#17
str4_mask.png 102143 297 428 648
str4_mask.png 102412 298 445 713
str4_mask.png 102645 299 682 865
str4_mask.png 103062 300 1475 712
str4_mask.png 103229 301 1423 710
str4_mask.png 103513 302 1459 665
str4_mask.png 103679 303 1154 848
str4_mask.png 103829 304 984 955
str4_mask.png 105763 309 1419 184
str4_mask.png 105962 310 1291 726
str4_mask.png 106179 311 1319 844
str4_mask.png 106362 312 1319 855
str4_mask.png 106579 313 1148 927
str4_mask.png 106679 314 1155 918
str4_mask.png 106796 315 1208 918
str4_mask.png 106962 316 1202 910
str4_mask.png 107379 317 1241 905
str4_mask.png 107712 318 1247 918
str4_mask.png 108062 319 984 969
str4_mask.png 108628 320 449 732
str4_mask.png 108812 321 396 475
str4_mask.png 109128 322 628 244
str4_mask.png 109328 323 893 211
str4_mask.png 109595 324 1086 295
str4_mask.png 109962 325 1084 289
str4_mask.png 110345 326 1088 280
str4_mask.png 110762 327 1088 261
str4_mask.png 111007 328 1087 281
#18
str4_mask.png 68645 231 984 149
str4_mask.png 68962 232 921 139
str4_mask.png 69245 233 1305 169
str4_mask.png 69662 234 1170 150
str4_mask.png 70045 235 1384 187
str4_mask.png 70295 236 1437 213
str4_mask.png 70412 237 1401 211
str4_mask.png 70679 238 1475 378
str4_mask.png 70896 239 1479 578
str4_mask.png 71079 240 1458 624
str4_mask.png 71479 241 1443 663
str4_mask.png 71663 242 1346 803
str4_mask.png 71913 243 1306 837
str4_mask.png 72279 244 1039 963
str4_mask.png 72496 245 1005 978
str4_mask.png 72729 246 683 925
str4_mask.png 73079 247 485 808
str4_mask.png 73563 248 721 923
str4_mask.png 73779 249 991 1023
str4_mask.png 74096 250 709 935
str4_mask.png 74362 251 478 765
str4_mask.png 74979 252 402 590
str4_mask.png 75162 253 384 503
str4_mask.png 75379 254 496 337
str4_mask.png 75712 255 637 197
str4_mask.png 76245 256 685 156
str4_mask.png 76412 257 913 147
str4_mask.png 76978 258 963 97
str4_mask.png 77328 259 1149 123
str4_mask.png 77662 260 1439 652
str4_mask.png 78012 261 1456 682
str4_mask.png 78229 262 1402 325
str4_mask.png 78396 263 1382 243
#19
str4_mask.png 59285 219 720 209
str4_mask.png 59485 220 884 120
str4_mask.png 59768 221 1115 123
str4_mask.png 60001 222 1363 259
str4_mask.png 60301 223 1445 529
str4_mask.png 60752 224 1439 668
str4_mask.png 60951 225 1226 897
str4_mask.png 61151 226 951 953
str4_mask.png 61401 227 733 895
str4_mask.png 61685 228 470 757
str4_mask.png 61984 229 395 501
str4_mask.png 62251 230 460 335
str4_mask.png 62517 231 638 172
str4_mask.png 62717 232 940 123
str4_mask.png 62968 233 1170 133
str4_mask.png 63351 234 1372 258
str4_mask.png 63585 235 1428 660
str4_mask.png 63985 236 1258 925
str4_mask.png 64368 237 1297 886
str4_mask.png 64735 238 713 904
str4_mask.png 64935 239 464 776
str4_mask.png 65035 240 484 784
str4_mask.png 65351 241 399 525
str4_mask.png 65718 242 872 923
str4_mask.png 65901 243 1000 980
str4_mask.png 66218 244 1239 922
str4_mask.png 66301 245 1222 905
str4_mask.png 66485 246 1462 685
str4_mask.png 66568 247 1430 708
str4_mask.png 66735 248 1439 331
str4_mask.png 67085 249 1099 178
str4_mask.png 67235 250 921 117
str4_mask.png 67702 251 1107 147
str4_mask.png 68118 252 882 124
str4_mask.png 69052 253 584 279
#20
str4_mask.png 69612 235 762 381
str4_mask.png 69902 236 667 223
str4_mask.png 70119 237 941 148
str4_mask.png 71302 238 697 209
str4_mask.png 71685 239 1166 167
str4_mask.png 71852 240 1357 249
str4_mask.png 72268 241 1064 141
str4_mask.png 72835 242 1396 212
str4_mask.png 73502 243 642 267
str4_mask.png 73752 244 487 394
str4_mask.png 74185 245 663 181
str4_mask.png 74419 246 971 131
str4_mask.png 74635 247 1430 314
str4_mask.png 74868 248 1327 239
str4_mask.png 75118 249 1440 224
str4_mask.png 75319 250 1416 227
str4_mask.png 75486 251 1463 625
str4_mask.png 75686 252 499 343
str4_mask.png 75903 253 357 557
str4_mask.png 76119 254 601 917
str4_mask.png 76369 255 1421 684
str4_mask.png 76552 256 1467 653
str4_mask.png 76819 257 1420 741
str4_mask.png 77302 258 1460 676
str4_mask.png 77436 259 1163 984
str4_mask.png 77703 260 1319 881
str4_mask.png 77936 261 1477 781
str4_mask.png 78053 262 1452 656
str4_mask.png 78470 263 1393 780
str4_mask.png 78836 264 575 867
str4_mask.png 79103 265 685 907
str4_mask.png 79286 266 447 753
#21
str4_mask.png 75326 245 964 531
str4_mask.png 75526 246 969 533
str4_mask.png 75993 247 972 264
str4_mask.png 76326 248 961 133
str4_mask.png 76426 249 970 109
str4_mask.png 76543 250 972 85
str4_mask.png 76826 251 974 64
str4_mask.png 77159 252 929 137
str4_mask.png 77509 253 1166 160
str4_mask.png 77993 254 1362 200
str4_mask.png 78393 255 1487 406
str4_mask.png 78677 256 1459 664
str4_mask.png 78827 257 1462 693
str4_mask.png 79010 258 1282 855
str4_mask.png 80343 259 353 485
str4_mask.png 80593 260 527 273
str4_mask.png 80676 261 525 253
str4_mask.png 80910 262 588 205
str4_mask.png 81226 263 622 171
str4_mask.png 81393 264 863 101
str4_mask.png 81659 265 930 123
str4_mask.png 81876 266 952 106
str4_mask.png 82509 267 941 366
str4_mask.png 82926 268 962 421
str4_mask.png 83159 269 892 274
str4_mask.png 83376 270 926 121
str4_mask.png 83593 271 957 102
str4_mask.png 83893 272 684 133
str4_mask.png 84159 273 595 150
str4_mask.png 84509 274 930 76
str4_mask.png 84826 275 449 337
str4_mask.png 85193 276 950 265
#22
str4_mask.png 61148 211 1151 168
str4_mask.png 61748 212 1422 306
str4_mask.png 63365 213 1524 455
str4_mask.png 63515 214 1454 654
str4_mask.png 64215 215 1339 868
str4_mask.png 64915 216 767 888
str4_mask.png 65099 217 784 853
str4_mask.png 65216 218 765 875
str4_mask.png 65433 219 728 882
str4_mask.png 66887 220 416 357
str4_mask.png 67087 221 531 303
str4_mask.png 67237 222 462 314
str4_mask.png 67637 223 602 231
str4_mask.png 68070 224 670 180
str4_mask.png 68270 225 734 173
str4_mask.png 68904 226 935 173
str4_mask.png 69254 227 956 112
str4_mask.png 69387 228 970 124
#23
str4_mask.png 94544 334 939 187
str4_mask.png 94777 335 939 115
str4_mask.png 94911 336 961 92
str4_mask.png 95228 337 629 141
str4_mask.png 95428 338 584 191
str4_mask.png 95711 339 470 319
str4_mask.png 95927 340 563 239
str4_mask.png 96227 341 590 217
str4_mask.png 96461 342 448 345
str4_mask.png 96811 343 517 333
str4_mask.png 97244 344 362 539
str4_mask.png 97443 345 402 480
str4_mask.png 98010 346 419 496
str4_mask.png 98360 347 457 718
str4_mask.png 98710 348 411 714
str4_mask.png 98927 349 444 802
str4_mask.png 99327 350 719 875
str4_mask.png 99593 351 662 864
str4_mask.png 99898 352 810 884
str4_mask.png 100172 353 766 867
str4_mask.png 100319 354 1069 933
str4_mask.png 100666 355 1069 957
str4_mask.png 101159 356 1330 860
str4_mask.png 101269 357 1397 829
str4_mask.png 101671 358 1482 660
str4_mask.png 102006 359 1483 500
str4_mask.png 102373 360 1486 433
str4_mask.png 102573 361 1457 247
str4_mask.png 102739 362 1391 216
str4_mask.png 103106 363 1419 224
str4_mask.png 103356 364 1392 217
str4_mask.png 103622 365 1153 131
#24
str4_mask.png 59455 185 955 490
str4_mask.png 59705 186 1384 303
str4_mask.png 59921 187 1412 167
str4_mask.png 60288 188 1418 165
str4_mask.png 60521 189 1412 140
str4_mask.png 60738 190 1196 69
str4_mask.png 60855 191 957 53
str4_mask.png 61088 192 916 48
str4_mask.png 61821 193 913 39
str4_mask.png 61955 194 1471 591
str4_mask.png 62455 195 1451 634
str4_mask.png 62755 196 1305 868
str4_mask.png 63121 197 1038 945
str4_mask.png 63321 198 987 970
str4_mask.png 63654 199 729 910
str4_mask.png 64071 200 623 851
str4_mask.png 64321 201 449 764
str4_mask.png 64454 202 468 742
str4_mask.png 64871 203 475 728
str4_mask.png 65387 204 410 447
str4_mask.png 65687 205 707 138
str4_mask.png 65871 206 873 98
str4_mask.png 66037 207 759 115
str4_mask.png 66370 208 616 159
str4_mask.png 66704 209 630 154
str4_mask.png 66921 210 519 278
str4_mask.png 67204 211 440 444
str4_mask.png 67470 212 441 460
str4_mask.png 67721 213 550 309
str4_mask.png 68038 214 1520 414
str4_mask.png 68354 215 1464 383
str4_mask.png 68506 216 1441 414
str4_mask.png 68656 217 1403 227
str4_mask.png 68956 218 1401 195
str4_mask.png 69222 219 1427 189
#25
str4_mask.png 88870 244 907 473
str4_mask.png 89187 245 1019 409
str4_mask.png 89903 246 914 415
str4_mask.png 90337 247 902 421
str4_mask.png 90470 248 925 442
str4_mask.png 91420 249 949 372
str4_mask.png 91670 250 965 341
str4_mask.png 91903 251 993 334
str4_mask.png 92103 252 924 394
str4_mask.png 92403 253 918 348
str4_mask.png 92520 254 902 344
str4_mask.png 92919 255 885 358
str4_mask.png 93053 256 904 365
str4_mask.png 93236 257 890 351
str4_mask.png 93653 258 974 336
str4_mask.png 94704 259 906 317
str4_mask.png 94803 260 898 346
str4_mask.png 95170 261 913 358
str4_mask.png 95570 262 936 388
str4_mask.png 95754 263 977 422
str4_mask.png 95887 264 921 348
str4_mask.png 96104 265 908 367
str4_mask.png 96187 266 939 369
str4_mask.png 96704 267 946 340
str4_mask.png 97070 268 951 335
str4_mask.png 97187 269 937 380
str4_mask.png 97437 270 823 360
str4_mask.png 97587 271 852 363
str4_mask.png 97904 272 934 350
str4_mask.png 98270 273 921 348
#26
str4_mask.png 97436 320 1193 115
str4_mask.png 97753 321 1290 64
str4_mask.png 97969 322 1609 129
str4_mask.png 98087 323 1306 163
str4_mask.png 99537 324 1408 380
str4_mask.png 99854 325 1398 439
str4_mask.png 100087 326 1355 513
str4_mask.png 100321 327 1371 670
str4_mask.png 100521 328 1405 687
str4_mask.png 100754 329 1239 903
str4_mask.png 101254 330 911 999
str4_mask.png 101621 331 932 1021
str4_mask.png 101804 332 674 989
str4_mask.png 102121 333 589 970
str4_mask.png 102270 334 683 940
str4_mask.png 103720 335 428 781
str4_mask.png 104003 336 341 850
str4_mask.png 105036 337 344 524
str4_mask.png 105903 338 480 290
str4_mask.png 106403 339 435 308
str4_mask.png 106569 340 652 139
#27
str4_mask.png 59102 214 868 96
str4_mask.png 59385 215 614 142
str4_mask.png 59518 216 796 92
str4_mask.png 59701 217 790 100
str4_mask.png 59918 218 613 240
str4_mask.png 60068 219 591 245
str4_mask.png 60235 220 457 431
str4_mask.png 60501 221 520 687
str4_mask.png 60951 222 768 866
str4_mask.png 61251 223 1043 924
str4_mask.png 61568 224 1110 937
str4_mask.png 61868 225 1392 894
str4_mask.png 61968 226 1276 912
str4_mask.png 62185 227 1337 846
str4_mask.png 62302 228 1432 691
str4_mask.png 62418 229 1454 692
str4_mask.png 62635 230 1467 508
str4_mask.png 62902 231 1439 295
str4_mask.png 63085 232 1372 213
str4_mask.png 63518 233 1089 134
str4_mask.png 64002 234 861 112
str4_mask.png 64368 235 928 645
str4_mask.png 64602 236 933 550
str4_mask.png 65102 237 934 570
str4_mask.png 65286 238 908 553
str4_mask.png 65602 239 940 585
str4_mask.png 66336 240 923 571
str4_mask.png 66736 241 933 567
str4_mask.png 66886 242 936 569
str4_mask.png 67102 243 934 567
str4_mask.png 67619 244 959 573
str4_mask.png 67752 245 938 570
str4_mask.png 67902 246 952 571
str4_mask.png 68136 247 944 571
#28
str4_mask.png 92761 288 988 193
str4_mask.png 92945 289 930 151
str4_mask.png 93178 290 934 90
str4_mask.png 93645 291 1135 140
str4_mask.png 94045 292 424 309
str4_mask.png 94311 293 360 500
str4_mask.png 94511 294 485 735
str4_mask.png 95010 295 1059 152
str4_mask.png 95127 296 1185 109
str4_mask.png 95877 297 1512 618
str4_mask.png 96161 298 1505 664
str4_mask.png 96494 299 1346 882
str4_mask.png 96694 300 1380 860
str4_mask.png 96961 301 1010 987
str4_mask.png 97244 302 765 892
str4_mask.png 97527 303 488 775
str4_mask.png 97744 304 486 731
str4_mask.png 97977 305 1448 361
str4_mask.png 98210 306 1480 236
str4_mask.png 98994 307 1504 207
str4_mask.png 99145 308 1440 232
str4_mask.png 99344 309 1393 260
str4_mask.png 99544 310 643 196
str4_mask.png 99828 311 462 303
str4_mask.png 100112 312 549 185
str4_mask.png 100494 313 910 131
str4_mask.png 101044 314 911 190
str4_mask.png 101378 315 967 816
str4_mask.png 101577 316 970 444
#29
str4_mask.png 102028 328 1001 463
str4_mask.png 102262 329 831 179
str4_mask.png 102479 330 862 119
str4_mask.png 102745 331 974 98
str4_mask.png 102879 332 1114 133
str4_mask.png 103329 333 1370 226
str4_mask.png 103779 334 1416 264
str4_mask.png 104079 335 1388 251
str4_mask.png 104445 336 1452 491
str4_mask.png 104995 337 1473 472
str4_mask.png 105229 338 1441 664
str4_mask.png 105595 339 1445 711
str4_mask.png 105929 340 1289 854
str4_mask.png 106329 341 1312 852
str4_mask.png 106729 342 969 976
str4_mask.png 107379 343 1015 986
str4_mask.png 107662 344 982 981
str4_mask.png 107878 345 700 896
str4_mask.png 108195 346 615 893
str4_mask.png 108628 347 479 744
str4_mask.png 108778 348 434 748
str4_mask.png 109128 349 468 720
str4_mask.png 109411 350 386 437
str4_mask.png 109628 351 368 482
str4_mask.png 109845 352 406 505
str4_mask.png 110111 353 512 330
str4_mask.png 110811 354 652 198
str4_mask.png 111128 355 928 148
str4_mask.png 111411 356 633 157
str4_mask.png 111594 357 980 120
str4_mask.png 111794 358 604 168
#30
str4_mask.png 89107 318 668 266
str4_mask.png 89257 319 903 168
str4_mask.png 89507 320 967 146
str4_mask.png 89724 321 1160 132
str4_mask.png 90040 322 1363 234
str4_mask.png 90274 323 1417 242
str4_mask.png 90557 324 1450 272
str4_mask.png 91293 325 1429 707
str4_mask.png 92143 326 1299 874
str4_mask.png 92426 327 1320 877
str4_mask.png 92626 328 1000 978
str4_mask.png 93226 329 1070 999
str4_mask.png 93443 330 685 929
str4_mask.png 93676 331 738 897
str4_mask.png 93976 332 578 885
str4_mask.png 94109 333 561 870
str4_mask.png 94292 334 463 754
str4_mask.png 94926 335 442 801
str4_mask.png 95376 336 452 845
str4_mask.png 95692 337 499 777
str4_mask.png 95826 338 389 534
str4_mask.png 96159 339 441 331
str4_mask.png 96359 340 625 224
str4_mask.png 96775 341 931 135
str4_mask.png 97176 342 971 93
str4_mask.png 97392 343 1164 119
str4_mask.png 97742 344 1354 282
str4_mask.png 98343 347 1404 515
#31
str4_mask.png 83449 300 537 221
str4_mask.png 83816 301 314 492
str4_mask.png 84015 302 469 802
str4_mask.png 84232 303 455 726
str4_mask.png 84498 304 724 887
str4_mask.png 84682 305 445 514
str4_mask.png 84899 306 411 473
str4_mask.png 85148 307 749 885
str4_mask.png 85315 308 679 858
str4_mask.png 85448 309 456 740
str4_mask.png 85765 310 1242 883
str4_mask.png 86032 311 1247 869
str4_mask.png 86282 312 1449 661
str4_mask.png 86382 313 1440 640
str4_mask.png 86549 314 1423 298
str4_mask.png 86732 315 1366 232
str4_mask.png 86882 316 1039 126
str4_mask.png 87049 317 914 119
str4_mask.png 87366 318 533 124
str4_mask.png 87581 319 583 157
str4_mask.png 87931 320 1136 91
str4_mask.png 88165 321 1163 78
str4_mask.png 88738 322 449 358
str4_mask.png 88874 323 482 499
str4_mask.png 89057 324 449 729
str4_mask.png 89375 325 556 894
str4_mask.png 89525 326 681 914
str4_mask.png 89825 327 932 979
str4_mask.png 90159 328 1280 450
str4_mask.png 90592 329 1351 799
str4_mask.png 90959 330 1372 292
str4_mask.png 91192 331 1060 109
str4_mask.png 91475 332 900 103
str4_mask.png 91959 333 1132 97
str4_mask.png 92426 334 1388 250
str4_mask.png 92959 335 446 141
str4_mask.png 93112 336 605 164
#32
str4_mask.png 78410 270 957 153
str4_mask.png 78612 271 979 74
str4_mask.png 78845 272 1176 96
str4_mask.png 79261 273 1403 179
str4_mask.png 79462 274 1425 205
str4_mask.png 79796 275 1397 221
str4_mask.png 80463 276 1432 201
str4_mask.png 80946 277 1419 470
str4_mask.png 81180 278 1465 430
str4_mask.png 81863 279 1430 652
str4_mask.png 82113 280 1461 638
str4_mask.png 82396 281 1445 664
str4_mask.png 82579 282 1311 848
str4_mask.png 82846 283 1335 818
str4_mask.png 83129 284 1028 946
str4_mask.png 83529 285 850 904
str4_mask.png 83679 286 740 871
str4_mask.png 84179 287 498 717
str4_mask.png 84362 288 514 729
str4_mask.png 84512 289 742 891
str4_mask.png 84779 290 775 863
str4_mask.png 84995 291 705 854
str4_mask.png 85245 292 805 874
str4_mask.png 85545 293 1040 957
str4_mask.png 86029 294 445 531
str4_mask.png 86199 295 429 464
str4_mask.png 86815 296 547 291
str4_mask.png 86965 297 525 269
str4_mask.png 87256 298 490 299
str4_mask.png 87535 299 656 150
str4_mask.png 87840 300 625 167
#33
str4_mask.png 116985 315 960 361
str4_mask.png 117109 316 1033 316
str4_mask.png 117762 319 437 425
str4_mask.png 118265 320 377 574
str4_mask.png 119066 321 1492 536
str4_mask.png 119216 322 1337 733
str4_mask.png 119466 323 1489 562
str4_mask.png 119699 324 1314 823
str4_mask.png 119966 325 1468 564
str4_mask.png 120232 326 1472 271
str4_mask.png 120466 327 1397 64
str4_mask.png 121916 333 879 60
str4_mask.png 122333 334 580 20
str4_mask.png 122849 335 307 386
str4_mask.png 123132 336 712 841
str4_mask.png 123382 337 475 693
str4_mask.png 123582 338 447 641
str4_mask.png 124432 339 394 626
str4_mask.png 124548 340 457 634
str4_mask.png 125465 343 1391 120
str4_mask.png 125549 344 1327 110
str4_mask.png 125832 345 1410 85
str4_mask.png 125999 346 805 940
str4_mask.png 126199 347 1004 926
str4_mask.png 126382 348 665 847
str4_mask.png 126832 349 992 270
#34
str4_mask.png 72331 223 529 383
str4_mask.png 72598 224 421 492
str4_mask.png 73098 225 1330 498
str4_mask.png 73282 226 1431 493
str4_mask.png 73515 227 1437 498
str4_mask.png 73898 228 1238 605
str4_mask.png 74433 229 1024 987
str4_mask.png 74852 230 741 933
str4_mask.png 75202 231 980 905
str4_mask.png 75352 232 723 912
str4_mask.png 75702 233 997 706
str4_mask.png 76052 234 974 552
str4_mask.png 76485 235 895 517
str4_mask.png 76668 236 881 506
str4_mask.png 76818 237 793 248
str4_mask.png 77420 238 1368 221
str4_mask.png 77586 239 1365 232
str4_mask.png 79003 242 1464 519
str4_mask.png 79207 243 1452 519
str4_mask.png 79524 244 1461 664
str4_mask.png 80007 245 1430 731
str4_mask.png 80291 246 909 895
str4_mask.png 80674 247 726 902
str4_mask.png 81457 248 882 195
str4_mask.png 81594 249 900 201
str4_mask.png 81911 250 766 341
#35
str4_mask.png 82170 278 964 551
str4_mask.png 82494 279 892 150
str4_mask.png 82744 280 971 88
str4_mask.png 82927 281 1151 94
str4_mask.png 83344 282 1144 134
str4_mask.png 83527 283 1438 234
str4_mask.png 83661 284 1385 254
str4_mask.png 84044 285 1404 534
str4_mask.png 84394 286 1433 678
str4_mask.png 84828 287 1275 906
str4_mask.png 84994 288 1313 887
str4_mask.png 85194 289 962 993
str4_mask.png 85411 290 993 991
str4_mask.png 85678 291 717 888
str4_mask.png 85961 292 444 752
str4_mask.png 86177 293 378 512
str4_mask.png 86727 294 338 500
str4_mask.png 87177 295 365 512
str4_mask.png 87659 296 484 359
str4_mask.png 88112 297 543 368
str4_mask.png 88529 298 480 341
str4_mask.png 88712 299 619 201
str4_mask.png 89045 300 700 176
str4_mask.png 89329 301 936 141
str4_mask.png 89612 302 588 209
str4_mask.png 89895 303 359 479
str4_mask.png 90345 304 515 366
str4_mask.png 91212 305 736 452
str4_mask.png 91712 306 886 471
str4_mask.png 92029 307 512 430
#36
str4_mask.png 89123 296 957 482
str4_mask.png 89889 297 564 300
str4_mask.png 90090 298 519 261
str4_mask.png 90573 299 898 82
str4_mask.png 90656 300 897 112
str4_mask.png 91356 301 1173 158
str4_mask.png 91490 302 1174 133
str4_mask.png 91940 303 1398 214
str4_mask.png 92507 304 1499 515
str4_mask.png 92690 305 1458 714
str4_mask.png 92957 306 1240 936
str4_mask.png 93107 307 920 964
str4_mask.png 93357 308 722 870
str4_mask.png 93656 309 438 627
str4_mask.png 94090 310 430 356
str4_mask.png 94256 311 438 370
str4_mask.png 94406 312 522 262
str4_mask.png 94623 313 692 204
str4_mask.png 94856 314 952 82
str4_mask.png 94956 315 949 103
str4_mask.png 95340 316 596 207
str4_mask.png 95573 317 519 622
str4_mask.png 95756 318 776 908
str4_mask.png 95940 319 1092 976
str4_mask.png 96406 320 1293 893
str4_mask.png 96623 321 1451 629
str4_mask.png 96707 322 1489 616
str4_mask.png 97357 323 1476 455
str4_mask.png 97790 324 1514 404
str4_mask.png 97957 325 1058 296
str4_mask.png 98324 326 1062 285
str4_mask.png 98640 327 1009 63
str4_mask.png 98773 328 1001 42
#37
str4_mask.png 64692 231 936 339
str4_mask.png 65606 232 941 344
str4_mask.png 66222 233 1408 162
str4_mask.png 66472 234 752 485
str4_mask.png 66838 235 414 492
str4_mask.png 67055 236 755 234
str4_mask.png 67372 237 1004 375
str4_mask.png 67688 238 741 356
str4_mask.png 67788 239 530 299
str4_mask.png 68455 240 1205 118
str4_mask.png 68672 241 1441 643
str4_mask.png 69089 242 1308 851
str4_mask.png 69306 243 994 975
str4_mask.png 69556 244 652 877
str4_mask.png 69689 245 664 899
str4_mask.png 70022 246 454 748
str4_mask.png 70522 247 1346 377
str4_mask.png 70689 248 1390 155
str4_mask.png 70889 249 1386 164
str4_mask.png 71156 250 1448 386
str4_mask.png 71639 251 1451 599
str4_mask.png 71756 252 1422 635
str4_mask.png 72006 253 569 402
str4_mask.png 72122 254 398 486
str4_mask.png 72522 255 1051 159
str4_mask.png 72906 256 999 75
str4_mask.png 73223 257 1366 135
str4_mask.png 73339 258 1369 115
str4_mask.png 73890 259 1479 388
str4_mask.png 74040 260 1442 637
str4_mask.png 74290 261 1299 825
str4_mask.png 74656 262 1446 651
#38
str4_mask.png 73981 247 1041 471
str4_mask.png 74198 248 1058 448
str4_mask.png 74464 249 1400 437
str4_mask.png 74848 250 1418 295
str4_mask.png 75281 251 1437 240
str4_mask.png 75598 252 722 202
str4_mask.png 75981 253 530 335
str4_mask.png 76214 254 429 543
str4_mask.png 76531 255 479 651
str4_mask.png 76698 256 498 737
str4_mask.png 76898 257 731 882
str4_mask.png 77198 258 1157 877
str4_mask.png 77398 259 1024 954
str4_mask.png 77581 260 998 985
str4_mask.png 77964 261 1055 999
str4_mask.png 78364 262 1428 737
str4_mask.png 78598 263 1468 655
str4_mask.png 78964 264 1273 916
str4_mask.png 79098 265 1279 909
str4_mask.png 79264 266 1198 907
str4_mask.png 79448 267 1008 989
str4_mask.png 80131 268 1020 938
str4_mask.png 80464 269 1175 172
str4_mask.png 80764 270 1177 86
str4_mask.png 80914 271 1176 117
str4_mask.png 81214 272 1428 244
str4_mask.png 81547 273 1458 275
str4_mask.png 81965 274 1478 477
str4_mask.png 82198 275 1415 504
str4_mask.png 82915 276 1348 531
str4_mask.png 83065 277 818 481
str4_mask.png 83265 278 454 532
str4_mask.png 83415 279 390 555
#39
str4_mask.png 73514 231 763 181
str4_mask.png 73631 232 919 3
str4_mask.png 73981 233 1087 44
str4_mask.png 74281 234 1431 174
str4_mask.png 74631 235 1502 385
str4_mask.png 75031 236 1393 145
str4_mask.png 75247 237 1400 124
str4_mask.png 75731 238 1500 406
str4_mask.png 75964 239 1474 611
str4_mask.png 76247 240 1458 645
str4_mask.png 76564 241 1263 896
str4_mask.png 76981 242 949 954
str4_mask.png 77197 243 675 886
str4_mask.png 77414 244 587 876
str4_mask.png 77664 245 385 715
str4_mask.png 77797 246 445 715
str4_mask.png 77930 247 397 725
str4_mask.png 78130 248 421 810
str4_mask.png 78547 249 353 480
str4_mask.png 78997 250 452 813
str4_mask.png 79163 251 431 686
str4_mask.png 79330 252 397 366
str4_mask.png 79663 253 517 228
str4_mask.png 80597 254 944 150
str4_mask.png 81247 255 1216 103
str4_mask.png 81447 256 1244 63
str4_mask.png 81997 257 1410 156
str4_mask.png 82247 258 1383 154
str4_mask.png 82364 259 1534 417
str4_mask.png 82530 260 1526 437
str4_mask.png 82630 261 1440 438
str4_mask.png 82864 262 1411 432
str4_mask.png 83197 263 1405 383
#40
str4_mask.png 73410 248 1030 506
str4_mask.png 73760 249 1255 499
str4_mask.png 73910 250 1170 487
str4_mask.png 74094 251 1317 240
str4_mask.png 74444 252 1422 191
str4_mask.png 75360 253 1471 347
str4_mask.png 75660 254 1494 510
str4_mask.png 75960 255 1474 642
str4_mask.png 76710 256 1286 809
str4_mask.png 77077 257 942 506
str4_mask.png 77793 258 712 827
str4_mask.png 78010 259 678 884
str4_mask.png 78393 260 496 717
str4_mask.png 78709 261 525 292
str4_mask.png 78843 262 512 293
str4_mask.png 79176 263 667 174
str4_mask.png 79293 264 677 158
str4_mask.png 79493 265 562 277
str4_mask.png 80010 266 668 184
str4_mask.png 80160 267 673 175
str4_mask.png 81026 268 1028 67
str4_mask.png 81509 269 1216 80
str4_mask.png 81793 270 914 58
str4_mask.png 82060 271 891 35
str4_mask.png 82544 272 948 107
str4_mask.png 82844 273 990 265
str4_mask.png 83044 274 915 72
str4_mask.png 83277 275 1102 85
#41
str4_mask.png 70273 250 994 514
str4_mask.png 70523 251 1004 498
str4_mask.png 70706 252 1022 209
str4_mask.png 70990 253 975 168
str4_mask.png 71256 254 1223 161
str4_mask.png 71757 255 1390 268
str4_mask.png 72107 256 1137 240
str4_mask.png 72424 257 1404 282
str4_mask.png 72740 258 1503 416
str4_mask.png 73090 259 1527 498
str4_mask.png 73840 260 1482 622
str4_mask.png 74307 261 1331 801
str4_mask.png 74590 262 1329 821
str4_mask.png 74757 263 989 941
str4_mask.png 75007 264 878 966
str4_mask.png 75523 265 543 929
str4_mask.png 75706 266 708 901
str4_mask.png 75940 267 405 794
str4_mask.png 76256 268 308 715
str4_mask.png 76423 269 249 573
str4_mask.png 76790 270 276 427
str4_mask.png 77090 271 409 314
str4_mask.png 77440 272 606 217
str4_mask.png 77723 273 824 196
str4_mask.png 78073 274 979 167
str4_mask.png 78590 275 978 173
str4_mask.png 79239 276 1257 208
str4_mask.png 79406 277 1262 223
str4_mask.png 79490 278 1094 239
str4_mask.png 79707 279 1338 320
str4_mask.png 79940 280 1523 565
str4_mask.png 80140 281 1351 810
#42
str4_mask.png 82897 279 823 872
str4_mask.png 83114 280 730 866
str4_mask.png 83298 281 450 730
str4_mask.png 83430 282 500 722
str4_mask.png 83597 283 455 679
str4_mask.png 83764 284 466 748
str4_mask.png 84031 285 435 648
str4_mask.png 84247 286 371 412
str4_mask.png 84497 287 1006 31
str4_mask.png 84614 288 968 31
str4_mask.png 84914 289 1431 138
str4_mask.png 85031 290 1390 156
str4_mask.png 85364 291 1412 169
str4_mask.png 85614 292 1460 559
str4_mask.png 85864 293 1444 620
str4_mask.png 86098 294 1312 842
str4_mask.png 86331 295 1342 802
str4_mask.png 86764 296 987 932
str4_mask.png 86981 297 1008 924
str4_mask.png 87864 298 1334 786
str4_mask.png 88314 299 1444 609
str4_mask.png 88598 300 1449 376
str4_mask.png 89031 301 1457 410
str4_mask.png 89248 302 1448 615
str4_mask.png 89464 303 1384 153
str4_mask.png 89881 304 1137 31
str4_mask.png 90114 305 912 34
str4_mask.png 90314 306 620 64
str4_mask.png 90447 307 678 56
str4_mask.png 90630 308 609 128
str4_mask.png 90830 309 524 244
str4_mask.png 90930 310 527 224
str4_mask.png 91230 311 369 420
str4_mask.png 91447 312 465 718
str4_mask.png 91697 313 449 657
str4_mask.png 92180 314 477 644
#43
