str4_ctwo.png 288699 983 530 546
str4_ctwo.png 288848 984 479 545
str4_ctwo.png 289467 985 1464 559
str4_ctwo.png 289601 986 1366 536
str4_ctwo.png 289801 987 1402 537
str4_ctwo.png 290218 988 496 513
str4_ctwo.png 290417 989 448 527
str4_ctwo.png 291500 990 443 544
str4_ctwo.png 291650 991 449 592
str4_ctwo.png 292118 992 477 487
#1
str4_ctwo.png 343005 1168 751 421
str4_ctwo.png 343255 1169 511 435
str4_ctwo.png 343639 1170 498 433
str4_ctwo.png 343879 1171 506 578
str4_ctwo.png 344100 1172 539 427
str4_ctwo.png 344250 1173 511 422
str4_ctwo.png 344600 1174 1383 462
str4_ctwo.png 344834 1175 1368 500
str4_ctwo.png 345153 1176 1421 504
str4_ctwo.png 345337 1177 1344 526
str4_ctwo.png 345670 1178 1411 511
str4_ctwo.png 346037 1179 1317 466
str4_ctwo.png 346370 1180 1394 494
str4_ctwo.png 346620 1181 1395 417
str4_ctwo.png 346820 1182 1325 429
str4_ctwo.png 347170 1183 1356 404
str4_ctwo.png 347437 1184 468 394
str4_ctwo.png 347586 1185 531 403
str4_ctwo.png 347836 1186 532 423
str4_ctwo.png 347920 1187 473 399
#2
str4_ctwo.png 279967 806 875 345
str4_ctwo.png 280184 807 547 444
str4_ctwo.png 280867 808 1374 421
str4_ctwo.png 281251 809 1354 412
str4_ctwo.png 282451 811 614 493
#3
str4_ctwo.png 320492 1028 1063 399
str4_ctwo.png 320742 1029 545 409
str4_ctwo.png 321042 1030 516 414
str4_ctwo.png 321242 1031 544 422
str4_ctwo.png 321343 1032 517 441
str4_ctwo.png 321443 1033 529 429
str4_ctwo.png 321894 1034 542 441
str4_ctwo.png 322779 1035 433 473
str4_ctwo.png 323146 1036 1360 470
str4_ctwo.png 323313 1037 1407 466
str4_ctwo.png 323896 1038 1471 533
str4_ctwo.png 324063 1039 1490 625
str4_ctwo.png 324379 1040 1513 547
str4_ctwo.png 324563 1041 1470 527
str4_ctwo.png 324696 1042 1355 520
str4_ctwo.png 325046 1043 513 467
str4_ctwo.png 325129 1044 534 454
#4
str4_ctwo.png 315529 811 936 552
str4_ctwo.png 315912 812 552 516
str4_ctwo.png 316095 813 540 435
str4_ctwo.png 316312 814 1368 496
str4_ctwo.png 316896 815 512 514
str4_ctwo.png 317495 816 1379 525
str4_ctwo.png 317663 817 1398 489
str4_ctwo.png 318182 818 549 428
str4_ctwo.png 318298 819 554 449
str4_ctwo.png 318398 820 467 493
str4_ctwo.png 318798 821 535 410
str4_ctwo.png 319065 822 1422 527
str4_ctwo.png 319249 823 1379 554
str4_ctwo.png 319599 824 605 519
str4_ctwo.png 319699 825 553 415
str4_ctwo.png 319999 826 490 395
str4_ctwo.png 320166 827 475 457
str4_ctwo.png 320399 828 497 427
#5
str4_ctwo.png 313038 806 684 397
str4_ctwo.png 313205 807 567 389
str4_ctwo.png 313821 808 623 487
str4_ctwo.png 314021 809 599 569
str4_ctwo.png 314438 810 599 336
str4_ctwo.png 314905 811 1398 448
str4_ctwo.png 315022 812 1405 449
str4_ctwo.png 315189 813 1356 477
str4_ctwo.png 315456 814 1510 530
str4_ctwo.png 315806 815 1436 414
str4_ctwo.png 316056 816 1384 419
str4_ctwo.png 316356 817 1468 459
str4_ctwo.png 316689 818 1371 486
str4_ctwo.png 317072 819 632 547
str4_ctwo.png 317439 820 633 421
#6
str4_ctwo.png 343737 862 1404 467
str4_ctwo.png 344204 863 1395 481
str4_ctwo.png 344406 864 1422 468
str4_ctwo.png 345254 865 1433 523
str4_ctwo.png 345721 866 541 456
str4_ctwo.png 346187 867 1415 471
str4_ctwo.png 346372 868 1440 451
str4_ctwo.png 347122 869 1406 499
str4_ctwo.png 347588 870 1392 495
str4_ctwo.png 348055 871 1369 514
#7
str4_ctwo.png 259878 628 948 425
str4_ctwo.png 260162 629 534 398
str4_ctwo.png 260528 630 1342 444
str4_ctwo.png 261312 631 590 419
str4_ctwo.png 261395 632 567 417
str4_ctwo.png 262095 633 1345 453
str4_ctwo.png 263378 634 523 429
str4_ctwo.png 263995 635 1345 489
#8
str4_ctwo.png 313214 954 467 448
str4_ctwo.png 313830 955 455 398
str4_ctwo.png 313947 956 445 383
str4_ctwo.png 315347 957 1385 482
str4_ctwo.png 315764 958 1384 496
str4_ctwo.png 316014 959 1384 495
str4_ctwo.png 316497 960 1380 496
str4_ctwo.png 316664 961 1330 447
str4_ctwo.png 316914 962 1331 448
str4_ctwo.png 317414 963 482 416
#9
str4_ctwo.png 295648 684 1346 480
str4_ctwo.png 297348 685 1364 473
str4_ctwo.png 297732 686 628 491
str4_ctwo.png 297965 687 515 492
str4_ctwo.png 298347 688 1328 481
str4_ctwo.png 298781 689 1424 483
str4_ctwo.png 298932 690 1403 482
#10
str4_ctwo.png 276659 853 843 435
str4_ctwo.png 276809 854 565 498
str4_ctwo.png 277009 855 552 393
str4_ctwo.png 277871 856 591 410
str4_ctwo.png 278274 857 554 422
str4_ctwo.png 278608 858 583 384
str4_ctwo.png 278891 859 611 377
str4_ctwo.png 279158 860 540 380
str4_ctwo.png 279425 861 583 372
str4_ctwo.png 279642 862 571 449
str4_ctwo.png 280179 863 1380 488
str4_ctwo.png 280316 864 1439 471
str4_ctwo.png 280500 865 1435 469
str4_ctwo.png 280751 866 1462 485
str4_ctwo.png 281322 867 1291 493
#11
str4_ctwo.png 315360 874 932 409
str4_ctwo.png 315493 875 421 377
str4_ctwo.png 315659 876 518 336
str4_ctwo.png 316126 877 1524 400
str4_ctwo.png 316243 878 1421 420
str4_ctwo.png 316593 879 1424 489
str4_ctwo.png 317243 880 1531 490
str4_ctwo.png 317493 881 1475 474
str4_ctwo.png 318510 882 1458 463
str4_ctwo.png 319110 883 1448 417
str4_ctwo.png 319343 884 1160 405
str4_ctwo.png 319543 885 924 414
str4_ctwo.png 319643 886 923 429
str4_ctwo.png 320043 887 430 396
str4_ctwo.png 320209 888 553 344
#12
str4_ctwo.png 323432 1004 594 433
str4_ctwo.png 323648 1005 1428 468
str4_ctwo.png 323749 1006 1376 473
str4_ctwo.png 324083 1007 1400 398
str4_ctwo.png 324299 1008 484 404
str4_ctwo.png 324415 1009 551 411
str4_ctwo.png 324582 1010 496 381
str4_ctwo.png 325199 1011 558 454
str4_ctwo.png 325566 1012 1253 406
str4_ctwo.png 325750 1013 1192 394
str4_ctwo.png 326266 1014 1329 397
str4_ctwo.png 326766 1015 665 407
str4_ctwo.png 327317 1016 516 417
str4_ctwo.png 327783 1017 453 423
#13
str4_ctwo.png 303659 851 870 380
str4_ctwo.png 303809 852 505 429
str4_ctwo.png 303942 853 531 447
str4_ctwo.png 304725 854 1364 494
str4_ctwo.png 304876 855 1341 482
str4_ctwo.png 306326 856 578 446
str4_ctwo.png 306458 857 544 478
str4_ctwo.png 306858 858 1329 487
#14
str4_ctwo.png 384756 1105 1015 433
str4_ctwo.png 385006 1106 583 415
str4_ctwo.png 385356 1107 562 383
str4_ctwo.png 385507 1108 539 381
str4_ctwo.png 385790 1109 507 330
str4_ctwo.png 385990 1110 523 323
str4_ctwo.png 386323 1111 500 328
str4_ctwo.png 386540 1112 515 313
str4_ctwo.png 386640 1113 507 295
str4_ctwo.png 386940 1114 538 401
str4_ctwo.png 387491 1115 541 369
str4_ctwo.png 387875 1116 1393 431
str4_ctwo.png 388125 1117 1429 443
str4_ctwo.png 388542 1118 1503 389
str4_ctwo.png 388825 1119 1456 393
str4_ctwo.png 389225 1120 1440 421
str4_ctwo.png 389608 1121 1421 420
str4_ctwo.png 389692 1122 1422 380
#15
str4_ctwo.png 289655 965 479 491
str4_ctwo.png 290754 966 482 490
str4_ctwo.png 291372 967 557 511
str4_ctwo.png 291555 968 1360 497
str4_ctwo.png 292289 969 516 508
str4_ctwo.png 292756 970 477 540
str4_ctwo.png 293056 971 516 492
str4_ctwo.png 293373 972 1380 510
str4_ctwo.png 293490 973 1331 519
str4_ctwo.png 294090 974 491 524
str4_ctwo.png 294290 975 461 455
#16
str4_ctwo.png 311017 856 918 379
str4_ctwo.png 311284 857 441 398
str4_ctwo.png 311433 858 484 435
str4_ctwo.png 311983 859 518 427
str4_ctwo.png 312266 860 1382 456
str4_ctwo.png 312751 861 1444 429
str4_ctwo.png 313255 862 507 435
str4_ctwo.png 313737 863 486 430
str4_ctwo.png 315461 864 1384 444
str4_ctwo.png 315978 865 965 479
#17
str4_ctwo.png 354604 983 921 521
str4_ctwo.png 355104 984 915 515
str4_ctwo.png 355304 985 1363 465
str4_ctwo.png 355454 986 1354 447
str4_ctwo.png 356005 987 1408 426
str4_ctwo.png 356109 988 1422 444
str4_ctwo.png 356394 989 1343 455
str4_ctwo.png 356577 990 1341 451
str4_ctwo.png 357443 991 552 404
str4_ctwo.png 357811 992 1406 489
str4_ctwo.png 357928 993 1405 470
str4_ctwo.png 358393 994 1373 488
str4_ctwo.png 358597 995 1367 487
str4_ctwo.png 359097 996 1316 484
str4_ctwo.png 359430 997 1071 433
#18
str4_ctwo.png 283066 893 827 459
str4_ctwo.png 283492 894 539 460
str4_ctwo.png 283759 895 558 438
str4_ctwo.png 284325 896 1328 489
str4_ctwo.png 284558 897 1398 501
str4_ctwo.png 284958 898 587 475
str4_ctwo.png 285442 899 531 446
str4_ctwo.png 285808 900 528 427
str4_ctwo.png 286008 901 505 482
str4_ctwo.png 286292 902 598 520
str4_ctwo.png 286625 903 1371 537
str4_ctwo.png 286925 904 1429 518
#19
str4_ctwo.png 264328 951 566 457
str4_ctwo.png 264778 952 1381 482
str4_ctwo.png 265179 953 559 423
str4_ctwo.png 265328 954 579 436
str4_ctwo.png 265646 955 1382 476
str4_ctwo.png 265746 956 1365 515
str4_ctwo.png 266479 957 541 426
str4_ctwo.png 266696 958 1403 451
str4_ctwo.png 266846 959 1384 486
str4_ctwo.png 267096 960 1435 485
str4_ctwo.png 267596 961 1366 499
str4_ctwo.png 268430 962 594 422
str4_ctwo.png 268629 963 549 438
str4_ctwo.png 269063 964 1400 504
#20
str4_ctwo.png 270049 857 1111 419
str4_ctwo.png 270232 858 483 446
str4_ctwo.png 270582 859 488 395
str4_ctwo.png 270999 860 480 562
str4_ctwo.png 271249 861 485 390
str4_ctwo.png 271765 862 422 516
str4_ctwo.png 271865 863 446 535
str4_ctwo.png 272198 864 1388 490
str4_ctwo.png 272915 865 527 473
str4_ctwo.png 273131 866 509 393
str4_ctwo.png 274248 867 1378 457
str4_ctwo.png 274465 868 1493 461
str4_ctwo.png 274615 869 1461 466
str4_ctwo.png 274732 870 1345 475
str4_ctwo.png 274965 871 476 410
#21
str4_ctwo.png 282115 866 927 530
str4_ctwo.png 282740 867 564 478
str4_ctwo.png 282923 868 489 455
str4_ctwo.png 283223 869 489 411
str4_ctwo.png 283523 870 498 435
str4_ctwo.png 283806 871 512 416
str4_ctwo.png 284207 872 1417 454
str4_ctwo.png 284323 873 1355 448
str4_ctwo.png 285157 874 1222 511
str4_ctwo.png 285373 875 1333 467
str4_ctwo.png 286139 876 493 392
str4_ctwo.png 286306 877 503 414
str4_ctwo.png 286839 878 501 411
#22
str4_ctwo.png 261652 805 1027 434
str4_ctwo.png 261911 806 571 453
str4_ctwo.png 262244 807 530 454
str4_ctwo.png 262777 808 1386 470
str4_ctwo.png 262911 809 1337 450
str4_ctwo.png 263194 810 1454 501
str4_ctwo.png 263345 811 1466 481
str4_ctwo.png 263611 812 1471 442
str4_ctwo.png 263978 813 1506 537
str4_ctwo.png 264228 814 1514 570
str4_ctwo.png 264594 815 1413 508
str4_ctwo.png 264744 816 1354 484
str4_ctwo.png 265144 817 1334 440
str4_ctwo.png 265361 818 630 453
str4_ctwo.png 265544 819 538 451
str4_ctwo.png 265878 820 1357 470
#23
str4_ctwo.png 335018 1073 515 506
str4_ctwo.png 335268 1074 531 409
str4_ctwo.png 335485 1075 472 404
str4_ctwo.png 335802 1076 529 427
str4_ctwo.png 335968 1077 451 550
str4_ctwo.png 336202 1078 1413 489
str4_ctwo.png 336685 1079 1370 459
str4_ctwo.png 336802 1079 1431 480
str4_ctwo.png 337035 1081 1453 496
str4_ctwo.png 337235 1082 1472 523
str4_ctwo.png 337735 1083 1386 509
str4_ctwo.png 338152 1084 1354 494
str4_ctwo.png 338385 1085 527 484
str4_ctwo.png 338602 1086 514 416
str4_ctwo.png 338918 1087 446 411
str4_ctwo.png 339352 1088 1409 532
str4_ctwo.png 339635 1089 1383 500
#24
str4_ctwo.png 259780 788 580 382
str4_ctwo.png 259997 789 573 366
str4_ctwo.png 260448 790 517 336
str4_ctwo.png 260551 791 587 361
str4_ctwo.png 260952 792 1443 428
str4_ctwo.png 261536 793 514 423
str4_ctwo.png 261635 794 553 386
str4_ctwo.png 261868 795 540 349
str4_ctwo.png 263449 796 548 370
str4_ctwo.png 263871 797 591 370
str4_ctwo.png 264138 798 591 380
#25
str4_ctwo.png 287461 838 997 498
str4_ctwo.png 287895 839 1043 473
str4_ctwo.png 288045 840 1017 495
str4_ctwo.png 288578 841 1036 493
str4_ctwo.png 288778 842 1022 437
str4_ctwo.png 288861 843 1023 461
str4_ctwo.png 288961 844 1005 495
str4_ctwo.png 289111 845 617 424
str4_ctwo.png 289378 846 620 458
str4_ctwo.png 289545 847 1068 553
str4_ctwo.png 289728 848 1082 566
str4_ctwo.png 289894 849 1037 513
str4_ctwo.png 290394 850 1002 472
str4_ctwo.png 290595 851 1043 465
str4_ctwo.png 291628 852 1063 456
#26
str4_ctwo.png 323383 1031 504 475
str4_ctwo.png 324317 1032 1459 465
str4_ctwo.png 324468 1033 1368 491
str4_ctwo.png 324818 1034 1402 513
str4_ctwo.png 325303 1035 1196 506
str4_ctwo.png 325739 1036 467 496
str4_ctwo.png 326023 1037 524 471
str4_ctwo.png 326273 1038 1362 501
str4_ctwo.png 326456 1039 1447 511
str4_ctwo.png 326606 1040 1400 523
str4_ctwo.png 327323 1041 1445 507
str4_ctwo.png 327575 1042 769 487
str4_ctwo.png 327942 1043 580 487
str4_ctwo.png 328125 1044 579 485
#27
str4_ctwo.png 273126 871 489 491
str4_ctwo.png 273442 872 566 403
str4_ctwo.png 273975 873 531 386
str4_ctwo.png 274208 874 1474 430
str4_ctwo.png 274342 875 1364 450
str4_ctwo.png 274709 876 1351 509
str4_ctwo.png 275009 877 1389 443
str4_ctwo.png 275575 878 560 463
str4_ctwo.png 276326 879 1059 507
str4_ctwo.png 276742 880 985 471
str4_ctwo.png 276959 881 1031 440
str4_ctwo.png 277512 882 966 389
#28
str4_ctwo.png 365920 1098 1102 428
str4_ctwo.png 366253 1099 1393 444
str4_ctwo.png 366469 1100 505 423
str4_ctwo.png 366886 1101 1367 457
str4_ctwo.png 367069 1102 1375 462
str4_ctwo.png 367319 1103 1373 465
str4_ctwo.png 367636 1104 507 403
str4_ctwo.png 368003 1105 471 397
str4_ctwo.png 368853 1106 554 447
str4_ctwo.png 369103 1107 508 416
str4_ctwo.png 369353 1108 473 395
str4_ctwo.png 369803 1109 1379 453
str4_ctwo.png 370153 1110 1382 437
str4_ctwo.png 370336 1111 1354 448
str4_ctwo.png 370786 1112 1456 477
#29
str4_ctwo.png 320504 946 689 422
str4_ctwo.png 320754 947 487 430
str4_ctwo.png 320854 948 550 462
str4_ctwo.png 321021 949 501 425
str4_ctwo.png 321354 950 1395 456
str4_ctwo.png 321688 951 1401 502
str4_ctwo.png 322621 952 1358 501
str4_ctwo.png 323438 953 1447 469
str4_ctwo.png 323624 954 1321 538
str4_ctwo.png 324058 955 1396 601
str4_ctwo.png 324408 956 1383 485
str4_ctwo.png 325074 957 480 535
str4_ctwo.png 325174 958 533 559
str4_ctwo.png 325407 959 531 427
#30
str4_ctwo.png 302101 1013 516 487
str4_ctwo.png 302835 1014 492 443
str4_ctwo.png 303253 1015 1391 477
str4_ctwo.png 303406 1016 1363 480
str4_ctwo.png 303922 1017 1375 521
str4_ctwo.png 306005 1018 1339 523
#31
str4_ctwo.png 292802 962 921 430
str4_ctwo.png 293076 963 487 420
str4_ctwo.png 293225 964 510 438
str4_ctwo.png 293409 965 1425 424
str4_ctwo.png 293543 966 1395 437
str4_ctwo.png 294093 967 464 387
str4_ctwo.png 294179 968 493 408
str4_ctwo.png 294429 969 458 474
str4_ctwo.png 294929 970 399 468
str4_ctwo.png 295729 971 1387 453
str4_ctwo.png 295879 972 1368 463
str4_ctwo.png 296179 973 1405 498
str4_ctwo.png 297112 974 1403 481
#32
str4_ctwo.png 302478 1020 525 459
str4_ctwo.png 302677 1021 557 398
str4_ctwo.png 303211 1022 583 394
str4_ctwo.png 303678 1023 1340 397
str4_ctwo.png 303878 1024 1401 413
str4_ctwo.png 304112 1025 1361 460
str4_ctwo.png 304562 1026 569 409
str4_ctwo.png 304731 1027 603 421
str4_ctwo.png 304867 1028 541 396
str4_ctwo.png 305384 1029 573 398
str4_ctwo.png 305901 1030 1412 487
str4_ctwo.png 306034 1031 1394 468
str4_ctwo.png 306251 1032 1353 452
str4_ctwo.png 306935 1033 564 423
#33
str4_ctwo.png 368616 940 539 407
str4_ctwo.png 368778 941 506 380
str4_ctwo.png 369267 942 390 324
str4_ctwo.png 369430 943 459 386
str4_ctwo.png 369816 944 442 349
str4_ctwo.png 370125 945 430 390
str4_ctwo.png 370454 946 480 386
str4_ctwo.png 370853 947 442 362
str4_ctwo.png 371118 948 507 400
str4_ctwo.png 372085 949 1458 403
str4_ctwo.png 372170 950 1379 427
str4_ctwo.png 372937 951 1424 415
#34
str4_ctwo.png 286264 836 955 574
str4_ctwo.png 286497 837 558 588
str4_ctwo.png 286965 838 674 484
str4_ctwo.png 287299 839 1406 468
str4_ctwo.png 287650 840 1436 506
str4_ctwo.png 287967 841 1337 512
str4_ctwo.png 288267 842 1158 475
str4_ctwo.png 288633 843 1400 459
str4_ctwo.png 289255 844 486 493
str4_ctwo.png 289406 845 547 513
str4_ctwo.png 289540 846 559 428
str4_ctwo.png 289857 847 588 495
str4_ctwo.png 290090 848 632 519
str4_ctwo.png 290641 849 1375 469
#35
str4_ctwo.png 285423 966 1110 416
str4_ctwo.png 285556 967 953 501
str4_ctwo.png 285856 968 556 432
str4_ctwo.png 286256 969 484 405
str4_ctwo.png 286856 970 541 422
str4_ctwo.png 287239 971 494 399
str4_ctwo.png 287472 972 1371 447
str4_ctwo.png 287722 973 1419 487
str4_ctwo.png 287856 974 1369 494
str4_ctwo.png 287973 975 1322 491
str4_ctwo.png 288306 976 1403 474
str4_ctwo.png 289040 977 1314 462
str4_ctwo.png 289373 978 943 457
str4_ctwo.png 289506 979 487 429
str4_ctwo.png 289639 980 528 442
str4_ctwo.png 289789 981 479 403
str4_ctwo.png 290056 982 1416 446
str4_ctwo.png 290206 983 1368 440
str4_ctwo.png 290406 984 1311 449
#36
str4_ctwo.png 306834 952 515 372
str4_ctwo.png 307201 953 526 367
str4_ctwo.png 307651 954 524 403
str4_ctwo.png 307918 955 1467 414
str4_ctwo.png 308552 956 1425 468
str4_ctwo.png 309118 957 1499 479
str4_ctwo.png 309701 958 581 418
str4_ctwo.png 309834 959 547 425
str4_ctwo.png 310424 960 1449 489
str4_ctwo.png 311374 961 1455 472
#37
str4_ctwo.png 284162 935 1324 467
str4_ctwo.png 285112 936 456 445
str4_ctwo.png 285245 937 535 438
str4_ctwo.png 285679 938 1360 462
str4_ctwo.png 285946 939 1363 452
str4_ctwo.png 286029 940 1359 493
str4_ctwo.png 286146 941 1359 474
str4_ctwo.png 286396 942 555 447
str4_ctwo.png 286896 943 1426 485
str4_ctwo.png 287113 944 1333 492
str4_ctwo.png 287663 945 757 427
str4_ctwo.png 288146 946 1440 533
str4_ctwo.png 288414 947 1350 491
#38
str4_ctwo.png 286554 822 753 527
str4_ctwo.png 286671 823 680 523
str4_ctwo.png 286854 824 540 452
str4_ctwo.png 287054 825 1374 475
str4_ctwo.png 287321 826 1375 476
str4_ctwo.png 287821 827 1309 561
str4_ctwo.png 287987 828 1383 555
str4_ctwo.png 288237 829 1401 471
str4_ctwo.png 288571 830 651 485
str4_ctwo.png 288854 831 544 426
str4_ctwo.png 289421 832 497 513
str4_ctwo.png 289921 833 1363 515
str4_ctwo.png 290671 834 541 477
#39
str4_ctwo.png 268494 683 1005 486
str4_ctwo.png 269259 684 503 249
str4_ctwo.png 269526 685 1371 393
str4_ctwo.png 269709 686 1342 410
str4_ctwo.png 270435 687 384 335
str4_ctwo.png 270988 688 889 412
str4_ctwo.png 271171 689 888 408
str4_ctwo.png 272137 690 947 436
str4_ctwo.png 272254 691 961 427
str4_ctwo.png 272554 692 982 407
str4_ctwo.png 272854 693 988 414
#40
str4_ctwo.png 293781 880 1141 446
str4_ctwo.png 293981 881 1493 413
str4_ctwo.png 294098 882 1413 396
str4_ctwo.png 294332 883 1358 439
str4_ctwo.png 294599 884 1343 450
str4_ctwo.png 295015 885 587 447
str4_ctwo.png 295265 886 560 404
str4_ctwo.png 296216 887 1364 435
str4_ctwo.png 296550 888 1344 465
str4_ctwo.png 297116 889 1369 410
str4_ctwo.png 297616 890 1406 413
str4_ctwo.png 298050 891 1420 387
str4_ctwo.png 298516 892 545 380
#41
str4_ctwo.png 269331 747 262 514
str4_ctwo.png 269463 748 426 513
str4_ctwo.png 269680 749 436 439
str4_ctwo.png 270546 750 434 608
str4_ctwo.png 270747 751 483 479
str4_ctwo.png 270930 752 1476 506
str4_ctwo.png 271147 753 1396 521
str4_ctwo.png 272680 754 469 513
str4_ctwo.png 272830 755 602 497
str4_ctwo.png 273463 756 1422 488
str4_ctwo.png 273597 757 1262 498
#42
str4_ctwo.png 294365 937 520 411
str4_ctwo.png 294531 938 526 354
str4_ctwo.png 294814 939 563 348
str4_ctwo.png 295381 940 1362 403
str4_ctwo.png 295665 941 1402 436
str4_ctwo.png 296031 942 1342 425
str4_ctwo.png 297231 943 514 369
str4_ctwo.png 297381 944 543 389
str4_ctwo.png 297498 945 513 358
str4_ctwo.png 297797 946 487 329
str4_ctwo.png 298114 947 506 345
str4_ctwo.png 298631 948 577 365
#43
