str5_mask.png 91734 281 863 180
str5_mask.png 91851 282 971 164
str5_mask.png 92484 283 1284 318
str5_mask.png 92668 284 1371 352
str5_mask.png 92885 285 1493 556
str5_mask.png 93151 286 1428 633
str5_mask.png 93301 287 1393 772
str5_mask.png 93635 288 1328 798
str5_mask.png 93768 289 1093 887
str5_mask.png 94068 290 853 913
str5_mask.png 94368 291 819 897
str5_mask.png 94684 292 637 889
str5_mask.png 94919 293 655 859
str5_mask.png 95119 294 420 735
str5_mask.png 95470 295 368 692
str5_mask.png 95703 296 331 500
str5_mask.png 96088 297 308 478
str5_mask.png 96288 298 307 547
str5_mask.png 96471 299 494 315
str5_mask.png 96705 300 532 258
str5_mask.png 97088 301 699 194
str5_mask.png 97321 302 744 221
str5_mask.png 97488 303 735 235
str5_mask.png 97672 304 739 230
str5_mask.png 97989 305 951 161
str5_mask.png 98073 306 966 147
str5_mask.png 98189 307 1003 121
str5_mask.png 99076 308 1116 868
str5_mask.png 99409 309 1142 923
str5_mask.png 99576 310 827 905
str5_mask.png 99976 311 643 881
str5_mask.png 100076 312 599 852
str5_mask.png 100227 313 392 702
str5_mask.png 100860 314 486 310
str5_mask.png 101127 315 537 253
str5_mask.png 101344 316 721 208
#1
str5_mask.png 122004 399 901 426
str5_mask.png 122204 400 818 72
str5_mask.png 122454 401 891 100
str5_mask.png 122704 402 1091 135
str5_mask.png 122987 403 1128 187
str5_mask.png 123237 404 1353 344
str5_mask.png 123804 405 1395 346
str5_mask.png 124221 406 1393 530
str5_mask.png 124604 407 1328 732
str5_mask.png 125021 408 1000 912
str5_mask.png 125204 409 848 929
str5_mask.png 125454 410 837 967
str5_mask.png 125637 411 607 916
str5_mask.png 125871 412 332 699
str5_mask.png 125987 413 397 706
str5_mask.png 126137 414 395 687
str5_mask.png 126287 415 361 449
str5_mask.png 126503 416 508 264
str5_mask.png 126770 417 548 251
str5_mask.png 127003 418 704 167
str5_mask.png 127236 419 735 176
str5_mask.png 127937 420 734 125
str5_mask.png 128087 421 724 97
str5_mask.png 128386 422 715 198
str5_mask.png 128753 423 945 145
str5_mask.png 128920 424 962 96
str5_mask.png 129270 425 994 107
str5_mask.png 129870 426 1179 159
str5_mask.png 130087 427 743 155
str5_mask.png 130270 428 719 195
str5_mask.png 130520 429 1092 875
str5_mask.png 130837 430 1117 956
str5_mask.png 131153 431 1114 868
str5_mask.png 131387 432 1361 776
str5_mask.png 131620 433 1338 742
str5_mask.png 131870 434 1383 807
#2
str5_mask.png 74487 213 948 458
str5_mask.png 74937 214 885 10
str5_mask.png 75253 215 651 52
str5_mask.png 75487 216 484 164
str5_mask.png 75586 217 507 166
str5_mask.png 75803 218 381 377
str5_mask.png 76053 219 512 193
str5_mask.png 76319 220 529 217
str5_mask.png 76786 221 375 391
str5_mask.png 77136 222 355 379
str5_mask.png 77320 223 414 390
str5_mask.png 77569 224 351 344
str5_mask.png 78136 225 407 609
str5_mask.png 78453 226 893 848
str5_mask.png 79253 227 1096 798
str5_mask.png 79470 228 1072 778
str5_mask.png 80136 229 1324 668
str5_mask.png 80403 230 1427 420
str5_mask.png 80620 231 1402 439
str5_mask.png 81152 232 1326 225
str5_mask.png 81371 233 1094 97
str5_mask.png 81771 234 911 60
str5_mask.png 82121 235 1127 81
str5_mask.png 82304 236 898 44
str5_mask.png 82654 237 676 61
str5_mask.png 83137 239 902 17
str5_mask.png 83387 240 1123 86
str5_mask.png 83671 241 1341 295
str5_mask.png 84171 242 1334 320
str5_mask.png 84304 243 1421 442
#3
str5_mask.png 112341 384 1007 352
str5_mask.png 113525 385 1366 286
str5_mask.png 113944 386 1453 515
str5_mask.png 114344 387 1411 687
str5_mask.png 114661 388 1356 735
str5_mask.png 114827 389 1387 716
str5_mask.png 115077 390 1148 843
str5_mask.png 115427 391 1110 842
str5_mask.png 115627 392 874 868
str5_mask.png 115994 393 610 863
str5_mask.png 116127 394 637 865
str5_mask.png 116477 395 464 682
str5_mask.png 117010 396 412 668
str5_mask.png 117243 397 408 445
str5_mask.png 117544 398 406 411
str5_mask.png 117710 399 553 271
str5_mask.png 118243 400 764 134
str5_mask.png 118460 401 712 128
str5_mask.png 118877 402 753 100
str5_mask.png 119261 403 472 235
str5_mask.png 119561 404 394 367
str5_mask.png 119861 405 439 581
str5_mask.png 120144 406 504 662
str5_mask.png 120411 407 662 836
str5_mask.png 120911 408 941 884
str5_mask.png 121377 409 1170 863
str5_mask.png 121628 410 1423 709
str5_mask.png 121778 411 1372 713
str5_mask.png 121962 412 1390 698
str5_mask.png 122111 413 1487 490
#4
str5_mask.png 101099 226 950 752
str5_mask.png 101233 227 970 925
str5_mask.png 101466 228 925 929
str5_mask.png 101632 229 1119 886
str5_mask.png 101799 230 1386 750
str5_mask.png 104487 231 447 670
str5_mask.png 105221 232 573 240
str5_mask.png 105587 233 734 108
str5_mask.png 105837 234 964 128
str5_mask.png 106004 235 949 140
str5_mask.png 106487 236 645 970
str5_mask.png 106670 237 640 916
str5_mask.png 107037 238 1198 903
str5_mask.png 107221 239 1359 782
str5_mask.png 107871 240 1157 113
str5_mask.png 108038 241 1153 136
str5_mask.png 108688 242 1468 501
str5_mask.png 108838 243 1454 513
str5_mask.png 109257 244 417 462
str5_mask.png 109491 245 532 266
str5_mask.png 109957 246 1069 338
str5_mask.png 110107 247 1083 189
str5_mask.png 110574 248 725 125
#5
str5_mask.png 94795 243 903 476
str5_mask.png 95962 245 343 49
str5_mask.png 96161 246 773 8
str5_mask.png 96611 247 677 127
str5_mask.png 96745 248 700 121
str5_mask.png 97178 249 532 316
str5_mask.png 97395 250 555 568
str5_mask.png 97478 251 549 567
str5_mask.png 98078 252 751 812
str5_mask.png 98211 253 698 836
str5_mask.png 98678 254 982 905
str5_mask.png 98995 255 1107 890
str5_mask.png 99279 256 1096 847
str5_mask.png 99495 257 1350 698
str5_mask.png 99978 258 1391 701
str5_mask.png 100178 259 1510 722
str5_mask.png 100312 260 1540 526
str5_mask.png 100645 261 1472 502
str5_mask.png 101095 262 1394 341
str5_mask.png 101628 263 1178 158
str5_mask.png 102162 264 872 55
str5_mask.png 102262 265 888 75
str5_mask.png 102945 267 843 10
str5_mask.png 103228 269 625 129
#6
str5_mask.png 102893 279 989 547
str5_mask.png 103426 280 984 224
str5_mask.png 103559 281 969 16
str5_mask.png 104076 282 903 107
str5_mask.png 104709 283 869 129
str5_mask.png 105376 284 575 221
str5_mask.png 105609 285 515 231
str5_mask.png 105993 286 409 419
str5_mask.png 106494 287 451 739
str5_mask.png 106844 288 463 729
str5_mask.png 106961 289 991 883
str5_mask.png 107111 290 1051 913
str5_mask.png 107411 291 1077 903
str5_mask.png 109428 292 883 123
str5_mask.png 109678 293 888 179
str5_mask.png 109961 294 924 158
str5_mask.png 110797 295 333 484
str5_mask.png 111266 296 394 612
str5_mask.png 111804 297 389 688
str5_mask.png 112271 298 645 885
str5_mask.png 112488 299 822 361
#7
str5_mask.png 72443 175 882 264
str5_mask.png 72543 176 916 149
str5_mask.png 72826 177 921 95
str5_mask.png 73110 178 487 334
str5_mask.png 73326 179 392 544
str5_mask.png 73576 180 514 801
str5_mask.png 73793 181 883 922
str5_mask.png 74060 182 1328 775
str5_mask.png 74326 183 1480 516
str5_mask.png 74460 184 1458 519
str5_mask.png 74644 185 1013 185
str5_mask.png 74860 186 895 162
str5_mask.png 75077 187 878 59
str5_mask.png 75644 188 915 161
str5_mask.png 76060 189 1028 386
str5_mask.png 76610 190 854 672
str5_mask.png 76810 191 897 539
str5_mask.png 79027 192 898 533
str5_mask.png 80061 193 880 449
#8
str5_mask.png 99882 327 770 29
str5_mask.png 100115 328 871 72
str5_mask.png 100249 329 897 47
str5_mask.png 100565 330 1129 138
str5_mask.png 100882 331 1149 91
str5_mask.png 100999 332 1102 110
str5_mask.png 101249 333 1346 292
str5_mask.png 101715 334 1344 297
str5_mask.png 102149 335 1450 502
str5_mask.png 102399 336 1412 472
str5_mask.png 103682 337 1342 715
str5_mask.png 103932 338 1372 684
str5_mask.png 104448 339 1391 741
str5_mask.png 104682 340 1110 874
str5_mask.png 105232 341 1096 850
str5_mask.png 105598 342 833 896
str5_mask.png 106548 343 839 899
str5_mask.png 106732 344 548 896
str5_mask.png 106998 345 327 701
str5_mask.png 107415 346 804 904
str5_mask.png 107898 347 377 721
str5_mask.png 108098 348 308 685
str5_mask.png 108732 349 248 439
str5_mask.png 108848 350 346 432
#9
str5_mask.png 92455 253 967 218
str5_mask.png 92672 254 941 134
str5_mask.png 92922 255 720 148
str5_mask.png 93239 256 523 271
str5_mask.png 93722 257 531 301
str5_mask.png 94538 258 383 500
str5_mask.png 94855 259 395 671
str5_mask.png 95339 260 661 878
str5_mask.png 95622 261 896 895
str5_mask.png 95822 262 1347 660
str5_mask.png 96288 263 1493 501
str5_mask.png 96389 264 1457 511
str5_mask.png 96872 265 1058 890
str5_mask.png 97822 266 1098 853
str5_mask.png 98106 267 1346 599
str5_mask.png 98306 268 1335 315
str5_mask.png 98839 269 1157 210
str5_mask.png 100072 270 1152 192
str5_mask.png 100422 271 956 150
str5_mask.png 100955 272 950 160
str5_mask.png 101905 273 952 136
#10
str5_mask.png 78274 231 919 440
str5_mask.png 78547 232 1073 996
str5_mask.png 78681 233 1145 939
str5_mask.png 78881 234 919 972
str5_mask.png 79247 235 892 970
str5_mask.png 79447 236 673 945
str5_mask.png 79613 237 694 927
str5_mask.png 79797 238 815 886
str5_mask.png 80081 239 1363 815
str5_mask.png 80265 240 1378 778
str5_mask.png 80682 241 1456 529
str5_mask.png 80915 242 1374 707
str5_mask.png 81299 243 1362 728
str5_mask.png 81532 244 1362 335
str5_mask.png 81616 245 1365 320
str5_mask.png 82152 246 927 113
str5_mask.png 82421 247 763 143
str5_mask.png 82640 248 613 241
str5_mask.png 82874 249 466 385
str5_mask.png 83107 250 431 540
str5_mask.png 83307 251 559 713
str5_mask.png 83524 252 698 890
str5_mask.png 83908 253 455 672
str5_mask.png 84091 254 411 677
str5_mask.png 84325 255 660 909
str5_mask.png 84575 256 682 877
str5_mask.png 84975 257 1036 929
str5_mask.png 85175 258 1370 733
str5_mask.png 85375 259 1465 580
str5_mask.png 85542 260 1461 565
str5_mask.png 85642 261 1467 545
str5_mask.png 86128 262 1476 525
str5_mask.png 86462 263 1437 518
str5_mask.png 86878 264 1379 735
str5_mask.png 87445 265 1143 874
str5_mask.png 87845 266 924 906
str5_mask.png 88029 267 969 721
#11
str5_mask.png 100761 233 825 381
str5_mask.png 100961 234 821 66
str5_mask.png 101094 235 846 92
str5_mask.png 101261 236 886 62
str5_mask.png 101811 237 859 40
str5_mask.png 101911 238 849 38
str5_mask.png 102077 239 1121 96
str5_mask.png 102511 240 887 71
str5_mask.png 103377 243 1110 78
str5_mask.png 104227 244 1354 247
str5_mask.png 104494 245 1412 312
str5_mask.png 105078 246 1372 219
str5_mask.png 105677 247 1419 302
str5_mask.png 105794 248 1414 330
str5_mask.png 105994 249 1466 472
str5_mask.png 106161 250 1416 479
str5_mask.png 106494 251 1456 471
str5_mask.png 106711 252 1535 464
str5_mask.png 107061 253 1356 696
str5_mask.png 107494 254 1316 715
str5_mask.png 107911 255 1374 753
str5_mask.png 108344 256 1059 844
str5_mask.png 108677 257 1125 901
str5_mask.png 108927 258 1154 981
str5_mask.png 109144 259 1089 818
str5_mask.png 109494 260 1135 903
str5_mask.png 109861 261 1132 996
str5_mask.png 110344 262 1044 817
str5_mask.png 110694 263 1100 835
#12
str5_mask.png 114658 307 977 116
str5_mask.png 115009 308 471 394
str5_mask.png 115209 309 414 536
str5_mask.png 115476 310 413 667
str5_mask.png 115743 311 377 659
str5_mask.png 115993 312 1326 567
str5_mask.png 116160 313 1413 523
str5_mask.png 116376 314 1345 733
str5_mask.png 116593 315 1055 897
str5_mask.png 116793 316 821 920
str5_mask.png 116976 317 551 862
str5_mask.png 117193 318 436 739
str5_mask.png 117359 319 395 659
str5_mask.png 117726 320 356 566
str5_mask.png 117993 321 365 664
str5_mask.png 118709 322 618 204
str5_mask.png 118876 323 951 97
str5_mask.png 119142 324 558 249
str5_mask.png 119326 325 475 282
str5_mask.png 119609 326 530 302
str5_mask.png 119909 327 1395 316
str5_mask.png 120043 328 1328 335
str5_mask.png 120177 329 1455 531
str5_mask.png 120394 330 1336 753
str5_mask.png 120610 331 1362 715
str5_mask.png 120877 332 1093 868
str5_mask.png 121210 333 874 896
str5_mask.png 121577 334 599 866
str5_mask.png 121910 335 989 688
str5_mask.png 122094 336 1426 475
str5_mask.png 122510 337 1338 271
str5_mask.png 122727 338 1120 136
str5_mask.png 123010 339 914 70
str5_mask.png 123443 340 890 92
str5_mask.png 123777 341 650 108
str5_mask.png 124306 342 786 294
#13
str5_mask.png 95984 307 903 425
str5_mask.png 96238 308 800 161
str5_mask.png 96421 309 669 106
str5_mask.png 96621 310 932 95
str5_mask.png 97422 311 1347 300
str5_mask.png 97573 312 1327 305
str5_mask.png 97839 313 1408 516
str5_mask.png 98939 314 1348 778
str5_mask.png 99256 315 1339 722
str5_mask.png 99939 316 1097 899
str5_mask.png 100506 317 876 915
str5_mask.png 100972 318 855 918
str5_mask.png 101139 319 603 886
str5_mask.png 101605 320 440 739
str5_mask.png 101805 321 401 684
str5_mask.png 102072 322 366 472
str5_mask.png 102722 323 452 319
str5_mask.png 103272 324 505 240
str5_mask.png 103739 325 651 136
str5_mask.png 104122 326 677 119
str5_mask.png 104439 327 917 89
str5_mask.png 105005 328 1123 101
str5_mask.png 105539 329 1302 259
str5_mask.png 105689 330 1274 257
str5_mask.png 105989 331 1311 303
#14
str5_mask.png 142165 416 1012 193
str5_mask.png 142431 417 979 20
str5_mask.png 143833 420 1139 49
str5_mask.png 144033 421 1164 40
str5_mask.png 144283 422 1376 252
str5_mask.png 144499 423 1376 255
str5_mask.png 144916 424 1349 303
str5_mask.png 145149 425 1464 477
str5_mask.png 145383 426 1426 478
str5_mask.png 145849 427 1409 483
str5_mask.png 146433 428 1383 720
str5_mask.png 146616 429 1378 691
str5_mask.png 147099 430 1382 715
str5_mask.png 147349 431 1109 828
str5_mask.png 147782 432 1119 877
str5_mask.png 148233 433 874 886
str5_mask.png 148499 434 846 888
str5_mask.png 149032 435 600 865
str5_mask.png 149349 436 656 859
str5_mask.png 149715 437 685 845
str5_mask.png 150249 438 439 690
str5_mask.png 150515 439 419 640
str5_mask.png 150832 440 382 651
str5_mask.png 151032 441 354 437
str5_mask.png 151299 442 344 395
str5_mask.png 151832 443 344 442
str5_mask.png 152015 444 355 435
#15
str5_mask.png 99730 341 921 174
str5_mask.png 100063 342 968 140
str5_mask.png 100480 343 1446 479
str5_mask.png 100697 344 1437 551
str5_mask.png 101314 345 1395 560
str5_mask.png 101497 346 1276 799
str5_mask.png 101647 347 1326 754
str5_mask.png 101897 348 1094 888
str5_mask.png 102147 349 1344 756
str5_mask.png 102613 350 1083 897
str5_mask.png 102997 351 1099 950
str5_mask.png 103197 352 843 957
str5_mask.png 103514 353 573 891
str5_mask.png 103780 354 358 750
str5_mask.png 103930 355 396 740
str5_mask.png 104130 356 410 713
str5_mask.png 104363 357 864 927
str5_mask.png 105179 358 455 539
str5_mask.png 105379 359 420 436
str5_mask.png 105563 360 494 305
str5_mask.png 105763 361 356 479
str5_mask.png 105996 362 332 439
str5_mask.png 106196 363 535 281
str5_mask.png 106546 364 725 191
str5_mask.png 106696 365 518 288
str5_mask.png 106929 366 437 340
str5_mask.png 107180 367 342 467
str5_mask.png 107596 368 347 441
str5_mask.png 107780 369 396 520
str5_mask.png 107996 370 928 130
str5_mask.png 108296 371 1452 502
str5_mask.png 108447 372 1397 548
#16
str5_mask.png 121479 338 967 424
str5_mask.png 121805 339 908 12
str5_mask.png 122022 340 912 38
str5_mask.png 122255 341 909 54
str5_mask.png 122505 342 899 20
str5_mask.png 122605 343 919 53
str5_mask.png 122838 344 693 83
str5_mask.png 123372 345 693 132
str5_mask.png 123472 346 711 133
str5_mask.png 123589 347 679 121
str5_mask.png 123839 348 486 196
str5_mask.png 124088 349 551 238
str5_mask.png 124221 350 523 261
str5_mask.png 124421 351 449 270
str5_mask.png 124604 352 540 256
str5_mask.png 124804 353 387 430
str5_mask.png 125187 354 401 451
str5_mask.png 125271 355 340 417
str5_mask.png 125721 356 443 697
str5_mask.png 126254 357 671 911
str5_mask.png 126737 358 945 953
str5_mask.png 127254 359 951 935
str5_mask.png 127404 360 1190 908
str5_mask.png 128437 361 960 979
str5_mask.png 128921 362 1180 888
str5_mask.png 129137 363 1454 779
str5_mask.png 129571 364 1541 567
str5_mask.png 129655 365 1510 509
str5_mask.png 129889 366 1510 508
str5_mask.png 130222 367 1474 485
str5_mask.png 130455 368 1402 271
str5_mask.png 131505 369 1197 121
#17
str5_mask.png 113933 335 992 311
str5_mask.png 114733 338 564 166
str5_mask.png 114999 339 384 398
str5_mask.png 115383 340 393 643
str5_mask.png 115633 341 350 640
str5_mask.png 115900 342 595 745
str5_mask.png 116083 343 640 846
str5_mask.png 116283 344 896 896
str5_mask.png 116416 345 913 868
str5_mask.png 117033 346 1424 719
str5_mask.png 117199 347 1430 718
str5_mask.png 117366 348 1403 746
str5_mask.png 117717 349 1406 502
str5_mask.png 118150 350 1497 530
str5_mask.png 118233 351 1484 495
str5_mask.png 118467 352 1371 277
str5_mask.png 118800 353 1230 182
str5_mask.png 120002 354 1009 33
str5_mask.png 120202 355 987 46
str5_mask.png 120452 356 950 133
str5_mask.png 120568 357 961 97
str5_mask.png 120935 358 971 97
str5_mask.png 121418 359 1005 153
str5_mask.png 121518 360 996 137
str5_mask.png 121718 361 993 150
str5_mask.png 121868 362 972 188
str5_mask.png 122102 363 981 175
str5_mask.png 123252 364 986 159
str5_mask.png 123618 365 985 160
#18
str5_mask.png 79796 267 782 186
str5_mask.png 79979 268 913 153
str5_mask.png 80246 269 1113 145
str5_mask.png 80729 270 1327 287
str5_mask.png 81079 271 1441 492
str5_mask.png 81562 272 1347 705
str5_mask.png 81895 273 1379 732
str5_mask.png 82212 274 1110 852
str5_mask.png 82529 275 866 930
str5_mask.png 82929 276 639 910
str5_mask.png 83295 277 423 756
str5_mask.png 83545 278 404 719
str5_mask.png 83912 279 374 495
str5_mask.png 84195 280 354 439
str5_mask.png 84395 281 512 294
str5_mask.png 84695 282 523 235
str5_mask.png 84895 283 475 282
str5_mask.png 85111 284 720 154
str5_mask.png 85512 285 922 138
str5_mask.png 85895 286 920 309
str5_mask.png 86011 287 955 100
str5_mask.png 86211 288 928 99
str5_mask.png 86811 289 1121 114
str5_mask.png 87161 290 922 83
str5_mask.png 87511 291 704 136
str5_mask.png 87745 292 560 423
str5_mask.png 87961 293 640 893
str5_mask.png 88245 294 885 934
str5_mask.png 88595 295 1088 915
str5_mask.png 88928 296 1093 882
str5_mask.png 89094 297 1343 731
str5_mask.png 89278 298 1415 485
#19
str5_mask.png 70232 258 897 404
str5_mask.png 70535 259 722 223
str5_mask.png 70735 260 933 107
str5_mask.png 71218 261 741 156
str5_mask.png 71584 262 612 260
str5_mask.png 71751 263 533 305
str5_mask.png 71967 264 383 463
str5_mask.png 72185 265 443 736
str5_mask.png 72435 266 607 878
str5_mask.png 72851 267 402 498
str5_mask.png 73068 268 372 432
str5_mask.png 73335 269 830 963
str5_mask.png 73585 270 653 901
str5_mask.png 73851 271 898 918
str5_mask.png 74051 272 1099 876
str5_mask.png 74335 273 1346 758
str5_mask.png 74785 274 1452 537
str5_mask.png 75118 275 1335 346
str5_mask.png 75402 276 1140 174
str5_mask.png 75552 277 924 96
str5_mask.png 75918 278 1119 160
str5_mask.png 76185 279 691 135
str5_mask.png 76602 280 897 123
str5_mask.png 77118 281 1359 779
str5_mask.png 77418 282 1331 738
str5_mask.png 77518 283 1433 550
str5_mask.png 78018 284 1306 795
str5_mask.png 78251 285 1112 904
str5_mask.png 78585 286 652 888
str5_mask.png 78901 287 448 730
str5_mask.png 79368 288 414 706
str5_mask.png 79901 289 869 957
str5_mask.png 80151 290 1086 917
#20
str5_mask.png 80831 271 862 340
str5_mask.png 81086 272 829 121
str5_mask.png 81252 273 931 80
str5_mask.png 81852 274 589 245
str5_mask.png 82286 275 473 688
str5_mask.png 82636 276 888 920
str5_mask.png 82952 277 624 910
str5_mask.png 83302 278 411 679
str5_mask.png 83619 279 383 691
str5_mask.png 83952 280 399 375
str5_mask.png 84152 281 504 268
str5_mask.png 84535 282 368 446
str5_mask.png 84885 283 368 529
str5_mask.png 85319 284 360 398
str5_mask.png 85585 285 520 259
str5_mask.png 85835 286 1363 735
str5_mask.png 86702 287 1450 551
str5_mask.png 87202 288 1087 160
str5_mask.png 87469 289 934 103
str5_mask.png 87752 290 685 168
str5_mask.png 87969 291 532 263
str5_mask.png 88285 292 396 538
str5_mask.png 88485 293 481 745
str5_mask.png 88635 294 889 914
str5_mask.png 88835 295 1240 773
str5_mask.png 89085 296 1394 430
str5_mask.png 89302 297 1247 243
str5_mask.png 89502 298 1247 263
str5_mask.png 89669 299 928 113
str5_mask.png 89935 300 1193 165
str5_mask.png 90152 301 1407 387
str5_mask.png 90519 302 997 145
str5_mask.png 90802 303 938 104
#21
str5_mask.png 87279 282 975 525
str5_mask.png 87515 283 971 531
str5_mask.png 87798 284 930 378
str5_mask.png 87949 285 925 380
str5_mask.png 88365 286 932 65
str5_mask.png 88715 287 1093 102
str5_mask.png 89049 288 1174 129
str5_mask.png 89483 289 1476 467
str5_mask.png 89749 290 1417 471
str5_mask.png 90049 291 1336 733
str5_mask.png 90299 292 1357 730
str5_mask.png 90499 293 1095 829
str5_mask.png 90866 294 876 854
str5_mask.png 91399 295 561 867
str5_mask.png 91599 296 564 866
str5_mask.png 91716 297 323 684
str5_mask.png 91882 298 351 655
str5_mask.png 92349 299 304 458
str5_mask.png 92732 300 337 399
str5_mask.png 92865 301 343 422
str5_mask.png 92965 302 332 396
str5_mask.png 93099 303 504 225
str5_mask.png 93449 304 683 133
str5_mask.png 93749 305 713 131
str5_mask.png 94449 306 953 65
str5_mask.png 94699 307 898 118
str5_mask.png 94865 308 920 85
str5_mask.png 95015 309 953 172
str5_mask.png 95532 310 956 167
str5_mask.png 95882 311 910 246
str5_mask.png 96415 312 946 364
str5_mask.png 96699 313 927 393
str5_mask.png 96998 314 943 451
#22
str5_mask.png 71154 232 920 278
str5_mask.png 71454 233 934 124
str5_mask.png 71887 234 1031 126
str5_mask.png 72154 235 1133 164
str5_mask.png 72887 236 1373 333
str5_mask.png 73272 237 1428 377
str5_mask.png 73989 238 1485 535
str5_mask.png 74205 239 1457 643
str5_mask.png 74305 240 1377 725
str5_mask.png 74805 241 1458 733
str5_mask.png 75155 242 1151 820
str5_mask.png 76121 243 869 876
str5_mask.png 76455 244 682 853
str5_mask.png 76571 245 650 857
str5_mask.png 77038 246 437 692
str5_mask.png 77521 247 443 706
str5_mask.png 77788 248 407 513
str5_mask.png 78038 249 373 444
str5_mask.png 78438 250 495 294
str5_mask.png 78871 251 699 217
str5_mask.png 79038 252 713 176
str5_mask.png 79238 253 927 158
str5_mask.png 79438 254 912 148
str5_mask.png 79755 255 937 153
str5_mask.png 79855 256 935 171
str5_mask.png 80655 257 942 152
str5_mask.png 81055 258 1126 195
#23
str5_mask.png 106039 370 884 413
str5_mask.png 106147 371 903 396
str5_mask.png 106331 372 935 142
str5_mask.png 106531 373 923 107
str5_mask.png 106781 374 946 123
str5_mask.png 107214 375 687 168
str5_mask.png 107547 376 708 184
str5_mask.png 107848 377 493 237
str5_mask.png 108214 378 496 268
str5_mask.png 108464 379 349 431
str5_mask.png 108580 380 422 418
str5_mask.png 108697 381 395 518
str5_mask.png 108964 382 425 636
str5_mask.png 109230 383 402 659
str5_mask.png 109480 384 569 767
str5_mask.png 109564 385 553 746
str5_mask.png 109864 386 698 839
str5_mask.png 110281 387 777 872
str5_mask.png 110435 388 918 888
str5_mask.png 111073 389 1177 866
str5_mask.png 111402 390 1460 760
str5_mask.png 111553 391 1371 760
str5_mask.png 111656 392 1362 707
str5_mask.png 111991 393 1403 726
str5_mask.png 112108 394 1464 532
str5_mask.png 112408 395 1421 526
str5_mask.png 112891 396 1365 325
str5_mask.png 113241 397 1415 298
str5_mask.png 113591 398 1151 163
str5_mask.png 113858 399 927 113
str5_mask.png 114208 400 1148 166
str5_mask.png 114458 401 1180 203
str5_mask.png 114924 402 1119 161
str5_mask.png 115358 403 905 149
str5_mask.png 115641 404 702 142
#24
str5_mask.png 70506 223 1005 120
str5_mask.png 70622 224 936 59
str5_mask.png 70789 225 930 64
str5_mask.png 71922 226 1149 82
str5_mask.png 72322 227 1137 839
str5_mask.png 72822 228 1091 844
str5_mask.png 73222 229 1136 860
str5_mask.png 73539 230 1353 713
str5_mask.png 74006 231 1463 536
str5_mask.png 74289 232 1434 519
str5_mask.png 74905 233 1358 269
str5_mask.png 75139 234 1175 121
str5_mask.png 75489 235 1115 120
str5_mask.png 75872 236 687 107
str5_mask.png 76255 237 512 244
str5_mask.png 76438 238 560 225
str5_mask.png 76621 239 430 381
str5_mask.png 76871 240 437 460
str5_mask.png 77171 241 434 608
str5_mask.png 77355 242 421 644
str5_mask.png 77555 243 685 839
str5_mask.png 77721 244 653 857
str5_mask.png 78005 245 878 909
str5_mask.png 78638 246 1112 869
str5_mask.png 79071 247 1121 863
str5_mask.png 79571 248 1384 755
str5_mask.png 79655 249 1360 742
str5_mask.png 79822 250 1370 718
#25
str5_mask.png 99537 276 958 460
str5_mask.png 100520 277 914 452
str5_mask.png 100804 278 901 407
str5_mask.png 101104 279 945 364
str5_mask.png 101338 280 954 383
str5_mask.png 101538 281 795 393
str5_mask.png 102154 282 751 353
str5_mask.png 102338 283 747 363
str5_mask.png 102521 284 755 378
str5_mask.png 102688 285 773 390
str5_mask.png 103471 286 788 407
str5_mask.png 103771 287 797 394
str5_mask.png 104088 288 818 386
str5_mask.png 104304 289 792 389
str5_mask.png 104588 290 799 420
str5_mask.png 104804 291 794 380
str5_mask.png 104938 292 785 402
str5_mask.png 105388 293 783 358
str5_mask.png 105771 294 805 386
str5_mask.png 106021 295 825 359
str5_mask.png 106254 296 788 370
str5_mask.png 106354 297 806 411
str5_mask.png 106471 298 819 401
str5_mask.png 106738 299 836 420
str5_mask.png 106954 300 768 375
str5_mask.png 107724 301 781 391
str5_mask.png 107908 302 781 420
str5_mask.png 108308 303 761 416
str5_mask.png 108525 304 793 403
str5_mask.png 108841 305 835 448
str5_mask.png 109392 306 810 426
#26
str5_mask.png 109357 347 1045 422
str5_mask.png 110090 348 1065 2
str5_mask.png 110211 349 1272 161
str5_mask.png 110494 350 1446 511
str5_mask.png 110679 351 1304 656
str5_mask.png 110813 352 1300 715
str5_mask.png 111512 353 1232 438
str5_mask.png 111679 354 1343 471
str5_mask.png 111983 355 1250 279
str5_mask.png 112284 356 1352 511
str5_mask.png 113033 357 1391 527
str5_mask.png 113384 358 1340 523
str5_mask.png 114054 359 1041 882
str5_mask.png 114371 360 1030 919
str5_mask.png 114621 361 1075 978
str5_mask.png 114837 362 810 973
str5_mask.png 115220 363 792 1001
str5_mask.png 115537 364 806 1016
str5_mask.png 115670 365 513 987
str5_mask.png 115803 366 556 894
str5_mask.png 116153 367 693 912
str5_mask.png 116619 368 357 696
str5_mask.png 116936 369 396 704
str5_mask.png 117286 370 300 498
str5_mask.png 117553 371 287 478
str5_mask.png 118369 372 364 281
str5_mask.png 118736 373 693 127
str5_mask.png 119003 374 1008 83
#27
str5_mask.png 70002 254 915 401
str5_mask.png 70369 255 881 175
str5_mask.png 70552 256 840 76
str5_mask.png 70819 257 639 111
str5_mask.png 71102 258 647 177
str5_mask.png 71402 259 473 318
str5_mask.png 71635 260 547 229
str5_mask.png 71868 261 450 421
str5_mask.png 72168 262 496 633
str5_mask.png 72635 263 698 842
str5_mask.png 72735 264 709 851
str5_mask.png 72935 265 930 882
str5_mask.png 73335 266 1168 846
str5_mask.png 73552 267 1206 815
str5_mask.png 73752 268 1471 702
str5_mask.png 73919 269 1340 712
str5_mask.png 74302 270 1409 557
str5_mask.png 74469 271 1440 484
str5_mask.png 74769 272 1317 288
str5_mask.png 75086 273 1098 139
str5_mask.png 75386 274 846 103
str5_mask.png 76086 275 644 109
str5_mask.png 76168 276 822 77
str5_mask.png 76468 277 1009 634
str5_mask.png 76985 278 917 573
str5_mask.png 77168 279 999 547
str5_mask.png 77735 280 1018 551
str5_mask.png 78218 281 1037 530
str5_mask.png 78318 282 1016 554
str5_mask.png 79252 283 1021 574
#28
str5_mask.png 108120 330 961 529
str5_mask.png 108653 331 943 744
str5_mask.png 108970 332 905 841
str5_mask.png 109387 333 889 875
str5_mask.png 109736 334 1102 826
str5_mask.png 109987 335 1355 742
str5_mask.png 110253 336 1414 608
str5_mask.png 110503 337 1410 566
str5_mask.png 110770 338 933 145
str5_mask.png 110987 339 915 98
str5_mask.png 111320 340 692 134
str5_mask.png 111636 341 908 97
str5_mask.png 111953 342 1121 150
str5_mask.png 112170 343 929 109
str5_mask.png 112503 344 1135 159
str5_mask.png 112903 345 1089 148
str5_mask.png 113403 346 1155 179
str5_mask.png 113620 347 1152 219
str5_mask.png 113770 348 1145 217
str5_mask.png 113920 349 623 203
str5_mask.png 114186 350 471 257
str5_mask.png 114386 351 335 446
str5_mask.png 114536 352 390 459
str5_mask.png 114719 353 436 668
str5_mask.png 114986 354 404 685
str5_mask.png 115657 355 1452 370
str5_mask.png 115943 356 1523 493
str5_mask.png 116227 357 1424 531
str5_mask.png 116410 358 1283 599
str5_mask.png 116544 359 824 806
str5_mask.png 116760 360 693 878
str5_mask.png 116893 361 665 862
str5_mask.png 117010 362 634 852
str5_mask.png 117610 363 874 876
#29
str5_mask.png 114064 365 1133 402
str5_mask.png 114384 366 994 113
str5_mask.png 114518 367 954 89
str5_mask.png 114871 368 966 38
str5_mask.png 115371 369 1180 108
str5_mask.png 115788 370 1167 111
str5_mask.png 116171 371 1114 175
str5_mask.png 116354 372 1368 298
str5_mask.png 116888 373 1493 474
str5_mask.png 116972 374 1420 492
str5_mask.png 117921 375 1350 724
str5_mask.png 118688 376 1109 866
str5_mask.png 119288 377 1093 925
str5_mask.png 119688 378 1077 864
str5_mask.png 119838 379 824 913
str5_mask.png 120405 380 858 953
str5_mask.png 120638 381 834 988
str5_mask.png 120888 382 811 980
str5_mask.png 121088 383 605 870
str5_mask.png 121338 384 575 867
str5_mask.png 121704 385 427 718
str5_mask.png 121904 386 373 691
str5_mask.png 122154 387 370 466
str5_mask.png 122521 388 335 425
str5_mask.png 122737 389 377 518
str5_mask.png 122971 390 353 547
str5_mask.png 123188 391 509 295
str5_mask.png 123521 392 539 258
str5_mask.png 123721 393 460 313
str5_mask.png 124054 394 717 216
#30
str5_mask.png 100050 352 858 459
str5_mask.png 100293 353 674 215
str5_mask.png 100509 354 880 117
str5_mask.png 100709 355 923 114
str5_mask.png 101242 356 893 170
str5_mask.png 101459 357 917 953
str5_mask.png 101759 358 1099 899
str5_mask.png 102109 359 891 925
str5_mask.png 102409 360 578 893
str5_mask.png 102675 361 406 727
str5_mask.png 102925 362 501 297
str5_mask.png 103125 363 820 154
str5_mask.png 103275 364 951 137
str5_mask.png 103442 365 1151 142
str5_mask.png 103692 366 798 135
str5_mask.png 103892 367 726 140
str5_mask.png 104009 368 913 98
str5_mask.png 104225 369 957 129
str5_mask.png 104758 370 1272 260
str5_mask.png 104942 371 1380 322
str5_mask.png 105076 372 1356 327
str5_mask.png 105292 373 1453 524
str5_mask.png 105692 374 1331 787
str5_mask.png 105926 375 1370 752
str5_mask.png 106209 376 1104 870
str5_mask.png 106642 377 1355 747
str5_mask.png 107026 378 1130 897
str5_mask.png 107292 379 1355 740
str5_mask.png 107592 380 1123 872
str5_mask.png 107826 381 1141 941
str5_mask.png 108159 382 1155 999
str5_mask.png 108376 383 924 929
str5_mask.png 108725 384 605 864
str5_mask.png 108958 385 406 689
str5_mask.png 109192 386 381 427
str5_mask.png 109325 387 566 269
str5_mask.png 109592 388 594 233
str5_mask.png 109825 389 727 197
str5_mask.png 110059 390 345 525
#31
str5_mask.png 94112 339 944 386
str5_mask.png 94413 340 617 137
str5_mask.png 94680 341 414 215
str5_mask.png 94812 342 476 254
str5_mask.png 95162 343 418 688
str5_mask.png 95362 344 370 431
str5_mask.png 95680 345 944 108
str5_mask.png 96063 346 1199 104
str5_mask.png 96296 347 913 106
str5_mask.png 96630 348 1283 244
str5_mask.png 96813 349 1174 163
str5_mask.png 97047 350 1400 331
str5_mask.png 97197 351 1360 360
str5_mask.png 97397 352 1458 527
str5_mask.png 97664 353 1407 523
str5_mask.png 97847 354 1342 745
str5_mask.png 98564 355 844 882
str5_mask.png 98747 356 619 863
str5_mask.png 99131 357 1119 839
str5_mask.png 99614 358 407 686
str5_mask.png 99813 359 390 651
str5_mask.png 99963 360 385 671
str5_mask.png 100147 361 385 428
str5_mask.png 100880 362 589 520
str5_mask.png 101263 363 668 617
str5_mask.png 101580 364 1308 356
str5_mask.png 101830 365 617 635
str5_mask.png 102197 366 953 193
str5_mask.png 102497 367 654 171
str5_mask.png 102746 368 711 127
str5_mask.png 103213 369 1183 103
str5_mask.png 103813 370 1128 103
str5_mask.png 104113 371 1392 263
#32
str5_mask.png 91659 307 952 66
str5_mask.png 92009 308 958 96
str5_mask.png 92209 309 1175 126
str5_mask.png 92642 310 1314 317
str5_mask.png 92759 311 1345 278
str5_mask.png 92976 312 1466 480
str5_mask.png 93377 313 1422 490
str5_mask.png 93543 314 1347 279
str5_mask.png 93643 315 1342 264
str5_mask.png 93943 316 1355 299
str5_mask.png 94243 317 1322 314
str5_mask.png 94526 318 1360 300
str5_mask.png 94793 319 1483 497
str5_mask.png 95060 320 1441 491
str5_mask.png 95543 321 1365 714
str5_mask.png 95810 322 1377 683
str5_mask.png 96043 323 1115 849
str5_mask.png 96276 324 1130 822
str5_mask.png 97043 325 923 879
str5_mask.png 97276 326 892 875
str5_mask.png 97760 327 1132 818
str5_mask.png 97993 328 616 812
str5_mask.png 98210 329 640 842
str5_mask.png 98410 330 441 664
str5_mask.png 98776 331 416 452
str5_mask.png 99042 332 385 381
str5_mask.png 99826 333 510 238
str5_mask.png 100026 334 572 204
str5_mask.png 100359 335 527 246
str5_mask.png 100610 336 723 131
#33
str5_mask.png 130139 358 921 439
str5_mask.png 130537 360 922 8
str5_mask.png 131146 361 866 537
str5_mask.png 131596 362 1003 791
str5_mask.png 131729 363 925 470
str5_mask.png 132496 364 993 989
str5_mask.png 132796 365 1116 825
str5_mask.png 133529 366 1206 844
str5_mask.png 133979 367 1459 409
str5_mask.png 134114 368 1405 434
str5_mask.png 134464 369 1462 445
str5_mask.png 134897 370 1334 209
str5_mask.png 135014 371 1307 206
str5_mask.png 135182 372 973 87
str5_mask.png 135333 373 1358 276
str5_mask.png 135650 374 391 572
str5_mask.png 135884 375 392 629
str5_mask.png 136133 376 424 325
str5_mask.png 136866 378 1017 23
str5_mask.png 139133 384 993 275
#34
str5_mask.png 83119 254 885 607
str5_mask.png 83746 255 609 644
str5_mask.png 84129 256 469 669
str5_mask.png 84512 257 447 634
str5_mask.png 84879 258 430 621
str5_mask.png 85029 259 488 700
str5_mask.png 85279 260 685 841
str5_mask.png 85779 261 934 910
str5_mask.png 86145 262 1137 900
str5_mask.png 86381 263 1387 776
str5_mask.png 86882 264 753 197
str5_mask.png 87066 265 895 189
str5_mask.png 87166 266 904 215
str5_mask.png 87349 267 896 200
str5_mask.png 87649 268 452 292
str5_mask.png 88199 269 389 491
str5_mask.png 88532 270 467 721
str5_mask.png 88832 271 668 849
str5_mask.png 89132 272 467 698
str5_mask.png 89349 273 461 699
str5_mask.png 89615 274 414 481
str5_mask.png 90082 275 444 517
str5_mask.png 90399 276 713 593
str5_mask.png 90935 277 1186 885
str5_mask.png 91139 278 1420 730
str5_mask.png 91423 279 1463 538
str5_mask.png 91923 280 1344 343
str5_mask.png 92206 281 1117 177
str5_mask.png 92506 282 923 131
#35
str5_mask.png 94345 313 806 209
str5_mask.png 94529 314 927 95
str5_mask.png 94779 315 1069 85
str5_mask.png 95012 316 1148 121
str5_mask.png 95362 317 1401 321
str5_mask.png 95496 318 1351 319
str5_mask.png 95662 319 1433 496
str5_mask.png 95962 320 1380 505
str5_mask.png 96179 321 1303 700
str5_mask.png 96496 322 1344 736
str5_mask.png 96729 323 1061 869
str5_mask.png 96996 324 829 891
str5_mask.png 97312 325 587 869
str5_mask.png 97529 326 363 678
str5_mask.png 97728 327 339 430
str5_mask.png 97979 328 302 415
str5_mask.png 98262 329 489 274
str5_mask.png 98495 330 535 217
str5_mask.png 98695 331 685 167
str5_mask.png 99162 332 734 129
str5_mask.png 99462 333 923 104
str5_mask.png 99795 334 1123 124
str5_mask.png 100062 335 1376 302
str5_mask.png 100279 336 1381 611
str5_mask.png 100429 337 1336 753
str5_mask.png 100729 338 1047 888
str5_mask.png 100929 339 853 899
str5_mask.png 101179 340 573 891
str5_mask.png 101329 341 326 577
str5_mask.png 101495 342 330 441
str5_mask.png 101779 343 494 204
str5_mask.png 101962 344 689 147
str5_mask.png 102145 345 872 138
str5_mask.png 102228 346 876 124
str5_mask.png 102378 347 1111 140
str5_mask.png 102561 348 692 165
str5_mask.png 103028 349 499 269
str5_mask.png 103445 350 314 489
str5_mask.png 103845 351 432 691
#36
str5_mask.png 101108 332 1003 533
str5_mask.png 101860 333 893 841
str5_mask.png 102143 334 691 861
str5_mask.png 102659 335 392 369
str5_mask.png 102959 336 513 203
str5_mask.png 103226 337 724 97
str5_mask.png 103359 338 914 71
str5_mask.png 104126 339 1175 948
str5_mask.png 104260 340 1410 708
str5_mask.png 104510 341 1505 464
str5_mask.png 104726 342 1384 295
str5_mask.png 105647 343 1451 640
str5_mask.png 105769 344 1398 691
str5_mask.png 106052 345 1401 703
str5_mask.png 106286 346 1385 734
str5_mask.png 106502 347 1429 443
str5_mask.png 106702 348 1115 193
str5_mask.png 106952 349 991 58
str5_mask.png 107152 350 992 84
str5_mask.png 107502 351 1043 505
str5_mask.png 107602 352 1044 517
str5_mask.png 107986 353 1048 480
str5_mask.png 108736 354 1048 455
str5_mask.png 109236 355 1058 453
str5_mask.png 109902 356 1039 518
str5_mask.png 111052 357 1052 462
str5_mask.png 111130 358 1040 494
#37
str5_mask.png 77345 273 925 350
str5_mask.png 77689 274 844 42
str5_mask.png 78206 275 937 53
str5_mask.png 78422 276 986 28
str5_mask.png 78639 277 975 369
str5_mask.png 78839 278 899 906
str5_mask.png 79206 279 1159 840
str5_mask.png 79506 280 908 894
str5_mask.png 79773 281 1312 710
str5_mask.png 80190 282 1378 586
str5_mask.png 80473 283 1243 330
str5_mask.png 80640 284 1437 406
str5_mask.png 80856 285 1016 126
str5_mask.png 81089 286 799 178
str5_mask.png 81439 287 653 194
str5_mask.png 81990 288 1483 454
str5_mask.png 82640 289 1082 129
str5_mask.png 82990 290 897 45
str5_mask.png 83573 291 792 510
str5_mask.png 83873 292 634 896
str5_mask.png 84040 293 425 580
str5_mask.png 84523 294 521 506
str5_mask.png 84740 295 362 430
str5_mask.png 84923 296 1132 324
str5_mask.png 85056 297 1415 260
str5_mask.png 85140 298 1321 258
str5_mask.png 85440 299 346 420
str5_mask.png 85841 300 569 218
str5_mask.png 86141 301 1255 204
str5_mask.png 86225 302 1180 183
str5_mask.png 86609 303 1394 635
str5_mask.png 86742 304 1397 652
str5_mask.png 86959 305 1063 842
str5_mask.png 87075 306 1065 797
str5_mask.png 87259 307 1067 818
#38
str5_mask.png 85914 285 978 542
str5_mask.png 86181 286 975 558
str5_mask.png 86397 287 680 1035
str5_mask.png 86531 288 883 159
str5_mask.png 86864 289 887 173
str5_mask.png 87014 290 565 253
str5_mask.png 87498 291 402 451
str5_mask.png 87731 292 466 691
str5_mask.png 88031 293 410 678
str5_mask.png 88214 294 760 857
str5_mask.png 88481 295 880 858
str5_mask.png 88614 296 656 872
str5_mask.png 88814 297 658 871
str5_mask.png 89031 298 722 890
str5_mask.png 89331 299 642 856
str5_mask.png 89631 300 1399 727
str5_mask.png 89831 301 1481 422
str5_mask.png 90047 302 1382 296
str5_mask.png 90181 303 1081 142
str5_mask.png 90464 304 1175 122
str5_mask.png 90681 305 900 104
str5_mask.png 90897 306 690 169
str5_mask.png 91131 307 667 871
str5_mask.png 91264 308 670 880
str5_mask.png 91597 309 670 884
str5_mask.png 92031 310 667 875
str5_mask.png 92631 311 674 874
str5_mask.png 93180 312 677 862
str5_mask.png 93464 313 671 878
str5_mask.png 94080 314 677 843
str5_mask.png 94347 315 668 873
str5_mask.png 94714 316 664 893
str5_mask.png 95497 317 895 846
str5_mask.png 95597 318 891 909
#39
str5_mask.png 84613 267 1181 403
str5_mask.png 84846 268 972 119
str5_mask.png 86931 269 1496 430
str5_mask.png 87131 270 1430 451
str5_mask.png 87664 271 1546 468
str5_mask.png 87847 272 1273 705
str5_mask.png 87997 273 1368 696
str5_mask.png 88214 274 1078 840
str5_mask.png 88647 275 848 868
str5_mask.png 88847 276 1080 876
str5_mask.png 89014 277 1122 930
str5_mask.png 89347 278 816 879
str5_mask.png 89664 279 526 873
str5_mask.png 89930 280 577 846
str5_mask.png 90247 281 405 646
str5_mask.png 90480 282 347 667
str5_mask.png 90763 283 353 378
str5_mask.png 91063 284 327 344
str5_mask.png 93213 285 1206 126
str5_mask.png 93585 286 1013 64
str5_mask.png 93719 287 1347 234
str5_mask.png 94102 288 1455 454
str5_mask.png 94252 289 1406 471
#40
str5_mask.png 88724 288 470 437
str5_mask.png 89245 289 749 126
str5_mask.png 89415 290 443 351
str5_mask.png 89531 291 425 351
str5_mask.png 89748 292 702 121
str5_mask.png 90131 293 586 213
str5_mask.png 90598 294 583 200
str5_mask.png 90731 295 742 120
str5_mask.png 90998 296 748 107
str5_mask.png 91164 297 999 50
str5_mask.png 91314 298 1020 37
str5_mask.png 91681 299 1019 31
str5_mask.png 92315 300 1093 96
str5_mask.png 92615 301 1102 113
str5_mask.png 93048 302 1361 286
str5_mask.png 93748 303 1468 493
str5_mask.png 94098 304 1430 496
str5_mask.png 94365 305 1329 716
str5_mask.png 94965 306 1140 833
str5_mask.png 95365 307 997 860
str5_mask.png 95598 308 859 888
str5_mask.png 96215 309 597 890
str5_mask.png 96347 310 622 878
str5_mask.png 96681 311 442 686
str5_mask.png 97097 312 409 450
#41
str5_mask.png 81439 286 1005 250
str5_mask.png 81740 287 978 187
str5_mask.png 82173 288 1044 194
str5_mask.png 82524 289 1100 193
str5_mask.png 82757 290 1371 332
str5_mask.png 83374 291 1512 529
str5_mask.png 83490 292 1348 720
str5_mask.png 83840 293 1353 717
str5_mask.png 83940 294 1401 700
str5_mask.png 84174 295 1065 860
str5_mask.png 84907 296 778 914
str5_mask.png 85257 297 726 911
str5_mask.png 85857 298 437 903
str5_mask.png 85990 299 614 863
str5_mask.png 86623 300 485 861
str5_mask.png 86773 301 301 749
str5_mask.png 87090 302 260 637
str5_mask.png 87306 303 233 512
str5_mask.png 87740 304 373 332
str5_mask.png 88040 305 430 303
str5_mask.png 88340 306 626 226
str5_mask.png 88690 307 930 194
str5_mask.png 89023 308 1214 219
str5_mask.png 89256 309 1485 341
str5_mask.png 89390 310 1309 348
str5_mask.png 89524 311 1463 536
str5_mask.png 89757 312 1333 721
str5_mask.png 89974 313 924 874
str5_mask.png 90140 314 745 888
str5_mask.png 90273 315 291 797
str5_mask.png 90473 316 304 668
str5_mask.png 90640 317 346 365
str5_mask.png 90956 318 465 262
#42
str5_mask.png 94413 319 993 826
str5_mask.png 94563 320 903 854
str5_mask.png 95080 322 935 31
str5_mask.png 95314 323 710 61
str5_mask.png 95597 324 536 137
str5_mask.png 95947 325 393 510
str5_mask.png 96280 326 387 459
str5_mask.png 96513 327 1349 680
str5_mask.png 96630 328 1314 686
str5_mask.png 96864 329 1358 666
str5_mask.png 97331 330 1357 593
str5_mask.png 97429 331 1348 648
str5_mask.png 97731 332 1463 447
str5_mask.png 98064 333 1418 456
str5_mask.png 98347 334 1448 462
str5_mask.png 98747 335 1506 466
str5_mask.png 99147 336 1410 458
str5_mask.png 100431 338 883 2
str5_mask.png 100514 339 895 35
str5_mask.png 100914 340 913 8
str5_mask.png 101064 341 670 59
str5_mask.png 101514 342 446 166
str5_mask.png 101630 343 501 165
str5_mask.png 101797 344 383 455
str5_mask.png 102347 345 416 612
str5_mask.png 102880 346 642 810
str5_mask.png 103080 347 613 812
str5_mask.png 103380 348 900 863
str5_mask.png 103813 349 1002 842
str5_mask.png 103997 350 1112 820
#43
