str5_ctwo.png 294736 997 1127 484
str5_ctwo.png 295017 998 463 504
str5_ctwo.png 295801 999 430 537
str5_ctwo.png 296284 1000 428 490
str5_ctwo.png 296584 1001 1508 561
str5_ctwo.png 296684 1002 1404 563
str5_ctwo.png 297052 1003 1443 598
str5_ctwo.png 297285 1004 1439 578
str5_ctwo.png 297502 1005 361 453
str5_ctwo.png 297634 1006 469 491
str5_ctwo.png 298168 1007 1385 589
str5_ctwo.png 298585 1008 431 493
str5_ctwo.png 299402 1009 478 483
#1
str5_ctwo.png 349553 1193 466 401
str5_ctwo.png 349786 1194 499 429
str5_ctwo.png 350120 1195 532 557
str5_ctwo.png 350253 1196 536 602
str5_ctwo.png 350486 1197 398 626
str5_ctwo.png 350736 1198 491 465
str5_ctwo.png 351036 1199 1480 512
str5_ctwo.png 351137 1200 1401 521
str5_ctwo.png 351287 1201 1418 607
str5_ctwo.png 351537 1202 1366 613
str5_ctwo.png 352037 1203 1490 627
str5_ctwo.png 352287 1204 1518 464
str5_ctwo.png 352487 1205 1435 421
str5_ctwo.png 352886 1206 472 426
str5_ctwo.png 353086 1207 502 441
str5_ctwo.png 353286 1208 540 587
str5_ctwo.png 353620 1209 491 430
str5_ctwo.png 353770 1210 493 422
str5_ctwo.png 353986 1211 451 424
str5_ctwo.png 354203 1212 1407 572
#2
str5_ctwo.png 288137 822 959 453
str5_ctwo.png 288424 823 458 400
str5_ctwo.png 288540 824 508 405
str5_ctwo.png 288807 825 1339 419
str5_ctwo.png 289191 826 1331 469
str5_ctwo.png 289857 827 618 441
str5_ctwo.png 289974 828 481 353
str5_ctwo.png 290607 829 552 516
str5_ctwo.png 290807 830 1387 442
str5_ctwo.png 291024 831 1363 442
str5_ctwo.png 291591 832 1351 419
str5_ctwo.png 292573 833 1362 416
str5_ctwo.png 292825 834 1420 454
str5_ctwo.png 292975 835 521 379
str5_ctwo.png 293108 836 517 395
#3
str5_ctwo.png 326562 1049 1023 406
str5_ctwo.png 326779 1050 552 391
str5_ctwo.png 326946 1051 502 411
str5_ctwo.png 327062 1052 537 410
str5_ctwo.png 327749 1053 1392 477
str5_ctwo.png 327949 1054 1456 468
str5_ctwo.png 328265 1055 1441 553
str5_ctwo.png 328416 1056 1401 563
str5_ctwo.png 328815 1057 1503 561
str5_ctwo.png 329165 1058 1501 356
str5_ctwo.png 329599 1059 1401 376
str5_ctwo.png 330182 1060 562 397
str5_ctwo.png 330448 1061 589 557
str5_ctwo.png 330815 1062 457 514
str5_ctwo.png 331031 1063 466 422
str5_ctwo.png 331248 1064 539 353
#4
str5_ctwo.png 324766 838 1382 574
str5_ctwo.png 324916 839 1385 584
str5_ctwo.png 325133 840 1456 452
str5_ctwo.png 325666 841 1466 431
str5_ctwo.png 326016 842 500 497
str5_ctwo.png 326399 843 523 399
str5_ctwo.png 326783 844 1393 514
#5
str5_ctwo.png 318672 823 1066 466
str5_ctwo.png 318872 824 1072 467
str5_ctwo.png 319172 825 1584 438
str5_ctwo.png 319289 826 1374 466
str5_ctwo.png 319756 827 1495 466
str5_ctwo.png 320272 828 1398 521
str5_ctwo.png 320756 829 1505 467
str5_ctwo.png 321139 830 1483 429
str5_ctwo.png 321957 831 528 378
str5_ctwo.png 322040 832 574 333
str5_ctwo.png 322241 833 599 433
str5_ctwo.png 323041 834 601 334
str5_ctwo.png 323424 835 1234 452
#6
str5_ctwo.png 350839 879 935 591
str5_ctwo.png 350940 880 946 518
str5_ctwo.png 351307 881 1392 514
str5_ctwo.png 351775 882 1441 491
str5_ctwo.png 352242 883 1458 495
str5_ctwo.png 352878 884 1447 486
str5_ctwo.png 353225 885 448 461
str5_ctwo.png 353492 886 450 489
str5_ctwo.png 353725 887 1436 549
str5_ctwo.png 354176 888 1369 491
str5_ctwo.png 354395 889 1281 501
str5_ctwo.png 354746 890 1335 486
str5_ctwo.png 355713 891 1438 434
#7
str5_ctwo.png 265511 637 904 411
str5_ctwo.png 265695 638 495 392
str5_ctwo.png 265978 639 497 394
str5_ctwo.png 266145 640 1383 506
str5_ctwo.png 267161 641 540 385
str5_ctwo.png 267345 642 472 369
str5_ctwo.png 268011 643 1345 475
str5_ctwo.png 268245 644 1341 479
str5_ctwo.png 268661 645 1339 488
str5_ctwo.png 269045 646 797 445
str5_ctwo.png 270095 647 776 435
#8
str5_ctwo.png 320430 967 425 433
str5_ctwo.png 320713 968 430 450
str5_ctwo.png 320830 969 422 431
str5_ctwo.png 321463 970 429 438
str5_ctwo.png 321647 971 420 426
str5_ctwo.png 321863 972 416 428
str5_ctwo.png 322230 973 422 454
str5_ctwo.png 322380 974 398 439
str5_ctwo.png 322713 975 400 437
str5_ctwo.png 322897 976 409 433
str5_ctwo.png 323097 977 382 427
str5_ctwo.png 323480 978 380 426
str5_ctwo.png 323763 979 1353 509
str5_ctwo.png 324663 980 1438 451
str5_ctwo.png 324830 981 1445 473
#9
str5_ctwo.png 302049 694 1324 509
str5_ctwo.png 302366 695 1395 548
str5_ctwo.png 302766 696 1334 591
str5_ctwo.png 302982 697 512 464
str5_ctwo.png 304632 698 1210 517
str5_ctwo.png 304849 699 1355 534
#10
str5_ctwo.png 282745 872 541 454
str5_ctwo.png 282861 873 591 454
str5_ctwo.png 283079 874 1482 492
str5_ctwo.png 283196 875 1384 521
str5_ctwo.png 283463 876 1408 576
str5_ctwo.png 283713 877 1390 612
str5_ctwo.png 284472 878 560 476
str5_ctwo.png 284691 879 556 418
str5_ctwo.png 285042 880 550 359
str5_ctwo.png 285309 881 560 386
str5_ctwo.png 285643 882 1560 478
str5_ctwo.png 285743 883 1452 508
str5_ctwo.png 285911 884 1416 600
str5_ctwo.png 286111 885 1399 619
str5_ctwo.png 286395 886 1400 497
#11
str5_ctwo.png 321689 893 886 411
str5_ctwo.png 321855 894 482 367
str5_ctwo.png 322255 895 473 441
str5_ctwo.png 322389 896 1510 470
str5_ctwo.png 322539 897 1432 464
str5_ctwo.png 322856 898 1497 553
str5_ctwo.png 323056 899 1499 542
str5_ctwo.png 323206 900 1491 475
str5_ctwo.png 323656 901 1422 462
str5_ctwo.png 324073 902 1309 445
str5_ctwo.png 324273 903 1120 415
str5_ctwo.png 324689 904 999 381
str5_ctwo.png 324956 905 943 364
str5_ctwo.png 325156 906 913 376
str5_ctwo.png 325872 907 914 379
str5_ctwo.png 326022 908 913 379
str5_ctwo.png 326356 909 900 367
#12
str5_ctwo.png 330234 1022 566 426
str5_ctwo.png 330400 1023 1393 478
str5_ctwo.png 330534 1024 1344 475
str5_ctwo.png 330784 1025 1419 455
str5_ctwo.png 331034 1026 472 443
str5_ctwo.png 331150 1027 490 369
str5_ctwo.png 331451 1028 505 352
str5_ctwo.png 331919 1029 728 425
str5_ctwo.png 332185 1030 789 409
str5_ctwo.png 332352 1031 38 461
str5_ctwo.png 332669 1032 469 437
str5_ctwo.png 332952 1033 750 327
str5_ctwo.png 333219 1034 1164 427
str5_ctwo.png 333535 1035 690 406
str5_ctwo.png 333769 1036 656 429
str5_ctwo.png 334218 1037 1158 467
str5_ctwo.png 334785 1038 890 402
#13
str5_ctwo.png 309517 861 729 436
str5_ctwo.png 309684 862 493 442
str5_ctwo.png 310317 863 1305 468
str5_ctwo.png 310567 864 1425 501
str5_ctwo.png 311868 865 1317 497
str5_ctwo.png 312317 866 1353 601
str5_ctwo.png 313100 867 479 463
str5_ctwo.png 313617 868 1367 495
#14
str5_ctwo.png 394386 1135 508 455
str5_ctwo.png 394618 1136 522 373
str5_ctwo.png 395229 1137 484 368
str5_ctwo.png 395684 1138 479 378
str5_ctwo.png 396168 1139 538 503
str5_ctwo.png 396385 1140 577 551
str5_ctwo.png 396685 1141 502 368
str5_ctwo.png 396984 1142 480 393
str5_ctwo.png 397134 1143 490 368
str5_ctwo.png 397401 1144 533 472
str5_ctwo.png 397551 1145 1470 463
str5_ctwo.png 397718 1146 1392 471
str5_ctwo.png 397885 1147 489 456
str5_ctwo.png 398034 1148 556 406
str5_ctwo.png 398234 1149 501 387
str5_ctwo.png 398534 1150 510 373
str5_ctwo.png 398784 1151 532 388
str5_ctwo.png 399001 1152 527 382
str5_ctwo.png 399180 1153 506 343
#15
str5_ctwo.png 296123 981 493 519
str5_ctwo.png 296606 982 1445 562
str5_ctwo.png 296990 983 524 545
str5_ctwo.png 297090 984 502 557
str5_ctwo.png 297273 985 455 462
str5_ctwo.png 297506 986 520 492
str5_ctwo.png 297856 987 1231 501
str5_ctwo.png 298056 988 1391 543
str5_ctwo.png 298306 989 1404 541
str5_ctwo.png 298489 990 1400 640
str5_ctwo.png 298873 991 1411 622
str5_ctwo.png 299389 992 1259 597
str5_ctwo.png 299656 993 1012 515
str5_ctwo.png 299789 994 556 536
str5_ctwo.png 300489 995 1351 530
str5_ctwo.png 300639 996 1327 538
#16
str5_ctwo.png 316611 867 1143 419
str5_ctwo.png 316911 868 1432 431
str5_ctwo.png 317245 869 1449 443
str5_ctwo.png 317861 870 538 449
str5_ctwo.png 318311 871 376 442
str5_ctwo.png 318594 872 386 423
str5_ctwo.png 319044 873 510 407
str5_ctwo.png 319227 874 564 680
str5_ctwo.png 319394 875 522 654
str5_ctwo.png 319694 876 1436 564
str5_ctwo.png 320177 877 1446 458
str5_ctwo.png 320361 878 1413 431
str5_ctwo.png 320661 879 1541 561
str5_ctwo.png 320795 880 1498 545
str5_ctwo.png 321261 881 1358 596
str5_ctwo.png 321361 882 1358 573
str5_ctwo.png 321528 883 1406 599
#17
str5_ctwo.png 360863 1001 1315 472
str5_ctwo.png 361346 1002 541 404
str5_ctwo.png 361429 1003 482 374
str5_ctwo.png 361862 1004 488 395
str5_ctwo.png 362332 1005 1433 531
str5_ctwo.png 362782 1006 1389 615
str5_ctwo.png 362982 1007 1416 485
str5_ctwo.png 363249 1008 1417 471
str5_ctwo.png 363616 1009 1491 486
str5_ctwo.png 364032 1010 1478 509
str5_ctwo.png 364715 1011 1506 481
str5_ctwo.png 365116 1012 1355 460
#18
str5_ctwo.png 289358 908 536 442
str5_ctwo.png 289792 909 563 500
str5_ctwo.png 290191 910 527 418
str5_ctwo.png 290475 911 529 463
str5_ctwo.png 290675 912 1416 530
str5_ctwo.png 291058 913 1486 543
str5_ctwo.png 291391 914 557 491
str5_ctwo.png 292958 915 1472 526
str5_ctwo.png 293459 916 1484 567
#19
str5_ctwo.png 270321 968 973 440
str5_ctwo.png 270580 969 550 419
str5_ctwo.png 270729 970 575 432
str5_ctwo.png 270846 971 507 441
str5_ctwo.png 271130 972 1355 478
str5_ctwo.png 271247 973 1349 510
str5_ctwo.png 271364 974 1438 550
str5_ctwo.png 271697 975 1369 602
str5_ctwo.png 271997 976 498 449
str5_ctwo.png 272147 977 531 456
str5_ctwo.png 272397 978 1427 506
str5_ctwo.png 272514 979 1415 530
str5_ctwo.png 273248 980 544 446
str5_ctwo.png 273430 981 518 436
str5_ctwo.png 274765 982 1332 498
str5_ctwo.png 274982 983 1417 510
#20
str5_ctwo.png 275915 874 485 443
str5_ctwo.png 276632 875 1364 553
str5_ctwo.png 277365 876 448 487
str5_ctwo.png 277698 877 987 391
str5_ctwo.png 278048 878 998 483
str5_ctwo.png 278264 879 948 533
str5_ctwo.png 278998 880 496 458
str5_ctwo.png 279931 881 1422 555
str5_ctwo.png 280231 882 1491 476
str5_ctwo.png 280382 883 1472 468
str5_ctwo.png 280565 884 430 435
#21
str5_ctwo.png 287973 881 894 517
str5_ctwo.png 288523 882 415 433
str5_ctwo.png 288623 883 472 452
str5_ctwo.png 288806 884 471 423
str5_ctwo.png 289023 885 498 531
str5_ctwo.png 289123 886 496 544
str5_ctwo.png 289423 887 452 417
str5_ctwo.png 289789 888 1388 455
str5_ctwo.png 289923 889 1341 493
str5_ctwo.png 290056 890 1390 471
str5_ctwo.png 290273 891 1393 589
str5_ctwo.png 290540 892 1362 586
str5_ctwo.png 290707 893 1468 433
str5_ctwo.png 291307 894 1344 471
str5_ctwo.png 291407 895 1338 493
str5_ctwo.png 291623 896 1189 520
str5_ctwo.png 291840 897 1318 504
str5_ctwo.png 292190 898 469 503
str5_ctwo.png 292406 899 513 457
str5_ctwo.png 292889 900 482 438
#22
str5_ctwo.png 267795 823 577 449
str5_ctwo.png 267928 824 516 440
str5_ctwo.png 268244 825 491 467
str5_ctwo.png 268561 826 498 432
str5_ctwo.png 269027 827 495 422
str5_ctwo.png 269344 828 1319 527
str5_ctwo.png 269745 829 1440 517
str5_ctwo.png 270111 830 1400 432
str5_ctwo.png 270295 831 1479 477
str5_ctwo.png 270934 832 1658 543
str5_ctwo.png 271288 833 1455 563
str5_ctwo.png 271738 834 1350 551
str5_ctwo.png 271871 835 1350 561
str5_ctwo.png 271971 836 1369 492
str5_ctwo.png 272421 837 1377 488
#23
str5_ctwo.png 342835 1100 1405 494
str5_ctwo.png 342985 1101 514 448
str5_ctwo.png 343301 1102 468 417
str5_ctwo.png 343618 1103 534 461
str5_ctwo.png 343951 1104 1394 469
str5_ctwo.png 344335 1105 1406 599
str5_ctwo.png 344668 1106 1374 578
str5_ctwo.png 344885 1107 1406 600
str5_ctwo.png 345168 1108 1516 582
str5_ctwo.png 345335 1109 1499 450
str5_ctwo.png 345635 1110 1489 426
str5_ctwo.png 345835 1111 1390 436
str5_ctwo.png 346636 1112 524 410
str5_ctwo.png 346775 1113 483 431
str5_ctwo.png 347209 1114 515 464
str5_ctwo.png 347425 1115 1413 498
#24
str5_ctwo.png 264882 801 964 434
str5_ctwo.png 264971 802 868 388
str5_ctwo.png 265371 803 520 346
str5_ctwo.png 265938 804 1429 483
str5_ctwo.png 266405 805 1475 471
str5_ctwo.png 266722 806 1460 464
str5_ctwo.png 267605 807 1454 442
str5_ctwo.png 268088 808 518 386
str5_ctwo.png 268772 809 1508 496
str5_ctwo.png 269005 810 1476 465
str5_ctwo.png 269322 811 1418 488
str5_ctwo.png 269505 812 1411 546
str5_ctwo.png 269888 813 1427 438
#25
str5_ctwo.png 293045 856 1008 467
str5_ctwo.png 293361 857 1018 498
str5_ctwo.png 293578 858 1001 420
str5_ctwo.png 293778 859 987 414
str5_ctwo.png 294061 860 1019 370
str5_ctwo.png 294678 861 998 390
str5_ctwo.png 295494 862 1007 424
str5_ctwo.png 296161 863 992 445
str5_ctwo.png 296278 864 995 420
str5_ctwo.png 296594 865 1017 398
str5_ctwo.png 296778 866 988 385
str5_ctwo.png 297228 867 986 372
str5_ctwo.png 297793 868 1019 350
#26
str5_ctwo.png 329358 1049 768 438
str5_ctwo.png 329575 1050 468 443
str5_ctwo.png 329791 1051 423 519
str5_ctwo.png 330008 1052 457 517
str5_ctwo.png 330291 1053 433 481
str5_ctwo.png 330725 1054 536 455
str5_ctwo.png 331041 1055 1403 489
str5_ctwo.png 331229 1056 1458 559
str5_ctwo.png 331362 1057 1374 596
str5_ctwo.png 331629 1058 1463 545
str5_ctwo.png 331962 1059 1467 494
str5_ctwo.png 332712 1060 1462 467
str5_ctwo.png 332862 1061 1492 496
str5_ctwo.png 333179 1062 1297 566
str5_ctwo.png 333529 1063 1304 530
str5_ctwo.png 333846 1064 483 426
str5_ctwo.png 334296 1065 1413 502
#27
str5_ctwo.png 278415 885 1051 395
str5_ctwo.png 278531 886 559 427
str5_ctwo.png 278848 887 526 410
str5_ctwo.png 279231 888 537 379
str5_ctwo.png 279348 889 552 376
str5_ctwo.png 279965 890 1369 522
str5_ctwo.png 280298 891 1396 503
str5_ctwo.png 280565 892 1472 476
str5_ctwo.png 280915 893 1459 432
str5_ctwo.png 281165 894 1347 451
str5_ctwo.png 281482 895 1335 577
str5_ctwo.png 281898 896 1359 601
str5_ctwo.png 282448 897 577 404
str5_ctwo.png 282548 898 568 413
str5_ctwo.png 283065 899 1192 508
#28
str5_ctwo.png 374004 1124 974 458
str5_ctwo.png 374371 1125 482 410
str5_ctwo.png 374738 1126 458 395
str5_ctwo.png 374938 1127 493 432
str5_ctwo.png 375238 1128 435 492
str5_ctwo.png 375488 1129 543 604
str5_ctwo.png 375905 1130 473 415
str5_ctwo.png 376371 1131 1399 503
str5_ctwo.png 376654 1132 1462 476
str5_ctwo.png 377171 1133 1451 631
str5_ctwo.png 377388 1134 1483 632
str5_ctwo.png 377638 1135 1369 640
str5_ctwo.png 378138 1136 1471 627
str5_ctwo.png 378404 1137 1496 624
str5_ctwo.png 378854 1138 1520 551
#29
str5_ctwo.png 326690 962 1444 523
str5_ctwo.png 326774 963 1394 531
str5_ctwo.png 327208 964 1430 465
str5_ctwo.png 328058 965 1403 590
str5_ctwo.png 328324 966 452 436
str5_ctwo.png 328424 967 514 461
str5_ctwo.png 329307 968 1374 583
str5_ctwo.png 329574 969 1380 602
str5_ctwo.png 330374 970 1400 576
str5_ctwo.png 330741 971 1508 605
str5_ctwo.png 330824 972 1465 603
str5_ctwo.png 331141 973 1490 600
#30
str5_ctwo.png 308373 1024 1378 525
str5_ctwo.png 309457 1025 1466 524
str5_ctwo.png 310124 1026 1503 530
str5_ctwo.png 310624 1027 1395 542
str5_ctwo.png 311124 1028 534 520
str5_ctwo.png 311224 1029 523 539
str5_ctwo.png 311357 1030 494 436
str5_ctwo.png 311940 1031 1421 496
str5_ctwo.png 312057 1032 1394 499
str5_ctwo.png 312274 1033 1461 513
str5_ctwo.png 312674 1034 533 548
str5_ctwo.png 313040 1035 508 436
#31
str5_ctwo.png 299380 979 466 457
str5_ctwo.png 299646 980 458 415
str5_ctwo.png 300296 981 1398 472
str5_ctwo.png 300446 982 1377 479
str5_ctwo.png 300696 983 433 440
str5_ctwo.png 300929 984 466 457
str5_ctwo.png 301679 985 498 416
str5_ctwo.png 302130 986 470 429
str5_ctwo.png 302430 987 1385 466
str5_ctwo.png 302547 988 1360 475
str5_ctwo.png 302747 989 1454 459
str5_ctwo.png 302830 990 1455 486
str5_ctwo.png 302947 991 1443 585
str5_ctwo.png 303063 992 1440 571
str5_ctwo.png 303247 993 1363 600
str5_ctwo.png 303916 994 1356 605
#32
str5_ctwo.png 308039 1037 903 406
str5_ctwo.png 308172 1038 546 425
str5_ctwo.png 308506 1039 506 399
str5_ctwo.png 308939 1040 537 414
str5_ctwo.png 309306 1041 516 386
str5_ctwo.png 309589 1042 532 487
str5_ctwo.png 309839 1043 554 467
str5_ctwo.png 310139 1044 526 391
str5_ctwo.png 310589 1045 443 385
str5_ctwo.png 310839 1046 487 379
str5_ctwo.png 311339 1047 485 346
str5_ctwo.png 311572 1048 517 362
str5_ctwo.png 311839 1049 1453 474
str5_ctwo.png 311973 1050 1413 444
str5_ctwo.png 312106 1051 1421 471
str5_ctwo.png 312274 1052 1385 418
str5_ctwo.png 312624 1053 1459 490
#33
str5_ctwo.png 376164 956 950 467
str5_ctwo.png 376568 957 1406 401
str5_ctwo.png 377184 958 1402 377
str5_ctwo.png 377284 959 1407 534
str5_ctwo.png 377551 960 1369 536
str5_ctwo.png 377784 961 1382 404
str5_ctwo.png 378068 962 1347 394
str5_ctwo.png 378201 963 1390 421
str5_ctwo.png 378384 964 1443 375
str5_ctwo.png 378851 965 1505 470
str5_ctwo.png 379068 966 1373 503
str5_ctwo.png 379401 967 1383 468
str5_ctwo.png 379667 968 1413 402
str5_ctwo.png 380584 969 1451 447
str5_ctwo.png 380884 970 764 432
str5_ctwo.png 381051 971 478 380
#34
str5_ctwo.png 294401 855 519 454
str5_ctwo.png 294601 856 1394 481
str5_ctwo.png 294985 857 1466 534
str5_ctwo.png 295235 858 1391 600
str5_ctwo.png 295635 859 1368 553
str5_ctwo.png 295885 860 1451 453
str5_ctwo.png 296235 861 1334 531
str5_ctwo.png 296801 862 551 479
str5_ctwo.png 297051 863 604 641
str5_ctwo.png 297351 864 630 650
str5_ctwo.png 297734 865 1459 499
str5_ctwo.png 297902 866 1415 483
str5_ctwo.png 298002 867 1428 506
str5_ctwo.png 298553 868 1436 584
str5_ctwo.png 298753 869 1400 598
#35
str5_ctwo.png 292923 987 372 389
str5_ctwo.png 293039 988 426 412
str5_ctwo.png 293322 989 488 445
str5_ctwo.png 293706 990 442 451
str5_ctwo.png 293906 991 1366 484
str5_ctwo.png 294040 992 1325 486
str5_ctwo.png 294206 993 1457 465
str5_ctwo.png 294706 994 1392 454
str5_ctwo.png 295139 995 1455 463
str5_ctwo.png 295773 996 1430 469
str5_ctwo.png 296140 997 1323 486
str5_ctwo.png 296390 998 1381 634
str5_ctwo.png 296723 999 1357 483
str5_ctwo.png 297190 1000 1402 460
#36
str5_ctwo.png 313140 965 1422 486
str5_ctwo.png 313657 966 1538 454
str5_ctwo.png 314574 967 474 432
str5_ctwo.png 314808 968 545 422
str5_ctwo.png 315375 969 1399 486
str5_ctwo.png 315558 970 1401 486
str5_ctwo.png 315658 971 1393 564
str5_ctwo.png 315992 972 1419 579
str5_ctwo.png 316358 973 570 565
str5_ctwo.png 316475 974 545 560
str5_ctwo.png 316758 975 544 536
str5_ctwo.png 317491 976 545 548
str5_ctwo.png 317625 977 553 538
#37
str5_ctwo.png 289630 950 1364 456
str5_ctwo.png 289847 951 1366 443
str5_ctwo.png 290296 952 497 420
str5_ctwo.png 290497 953 502 412
str5_ctwo.png 290964 954 1279 450
str5_ctwo.png 291598 955 1200 497
str5_ctwo.png 291782 956 804 502
str5_ctwo.png 292182 957 960 444
str5_ctwo.png 292515 958 953 428
str5_ctwo.png 293602 959 1007 389
#38
str5_ctwo.png 292804 838 1357 545
str5_ctwo.png 293204 839 504 493
str5_ctwo.png 293304 840 477 486
str5_ctwo.png 293520 841 528 457
str5_ctwo.png 293670 842 1363 504
str5_ctwo.png 294071 843 1369 494
str5_ctwo.png 294304 844 1460 506
str5_ctwo.png 294637 845 1410 590
str5_ctwo.png 294887 846 1362 635
str5_ctwo.png 295320 847 1422 491
#39
str5_ctwo.png 274004 695 1235 359
str5_ctwo.png 274121 696 1144 351
str5_ctwo.png 274671 697 1330 404
str5_ctwo.png 274821 698 1382 359
str5_ctwo.png 275704 699 1547 411
str5_ctwo.png 275855 700 1426 407
str5_ctwo.png 276871 701 1280 355
str5_ctwo.png 277649 702 1328 440
str5_ctwo.png 277799 703 1294 394
str5_ctwo.png 277999 704 1340 392
str5_ctwo.png 278333 705 1358 358
str5_ctwo.png 278583 706 742 392
str5_ctwo.png 278749 707 740 409
str5_ctwo.png 279016 708 844 436
#40
str5_ctwo.png 300434 899 1089 420
str5_ctwo.png 300550 900 1434 472
str5_ctwo.png 300684 901 1371 464
str5_ctwo.png 300951 902 1417 457
str5_ctwo.png 301667 903 660 418
str5_ctwo.png 301784 904 490 407
str5_ctwo.png 302050 905 553 420
str5_ctwo.png 303001 906 1442 507
str5_ctwo.png 303118 907 1391 486
str5_ctwo.png 303434 908 1418 446
str5_ctwo.png 303934 909 1425 553
str5_ctwo.png 304251 910 1384 571
str5_ctwo.png 304517 911 1377 597
str5_ctwo.png 304851 912 1373 412
str5_ctwo.png 305349 913 1432 435
#41
str5_ctwo.png 274997 759 224 497
str5_ctwo.png 275130 760 399 485
str5_ctwo.png 275546 761 402 454
str5_ctwo.png 277896 762 1441 516
str5_ctwo.png 278013 763 1272 524
str5_ctwo.png 278147 764 1355 557
#42
str5_ctwo.png 301364 953 539 395
str5_ctwo.png 301547 954 489 361
str5_ctwo.png 301897 955 1388 455
str5_ctwo.png 302048 956 1370 479
str5_ctwo.png 302231 957 1444 447
str5_ctwo.png 302598 958 488 352
str5_ctwo.png 302681 959 533 361
str5_ctwo.png 302864 960 503 326
str5_ctwo.png 303231 961 495 295
str5_ctwo.png 303397 962 493 286
str5_ctwo.png 303564 963 470 352
str5_ctwo.png 304364 964 525 359
str5_ctwo.png 304547 965 1428 429
str5_ctwo.png 304664 966 1391 448
str5_ctwo.png 304848 967 1393 389
str5_ctwo.png 305064 968 1365 531
str5_ctwo.png 305198 969 1359 556
str5_ctwo.png 305748 970 1480 368
str5_ctwo.png 306079 971 1521 450
#43
