str6_ctwo.png 301091 1017 716 485
str6_ctwo.png 301355 1018 375 525
str6_ctwo.png 301471 1019 482 542
str6_ctwo.png 301638 1020 473 520
str6_ctwo.png 301738 1021 576 483
str6_ctwo.png 302088 1022 1454 531
str6_ctwo.png 302189 1023 1347 533
str6_ctwo.png 302272 1024 1327 528
str6_ctwo.png 303022 1025 1362 527
str6_ctwo.png 303322 1026 524 515
str6_ctwo.png 303658 1027 473 495
str6_ctwo.png 303777 1028 365 480
str6_ctwo.png 303994 1029 584 467
str6_ctwo.png 304461 1030 503 678
str6_ctwo.png 304961 1031 497 577
str6_ctwo.png 305261 1032 561 502
str6_ctwo.png 305844 1033 582 475
#1
str6_ctwo.png 355986 1220 537 430
str6_ctwo.png 356120 1221 539 449
str6_ctwo.png 356470 1222 561 558
str6_ctwo.png 356569 1223 555 539
str6_ctwo.png 356653 1224 557 558
str6_ctwo.png 356803 1225 564 453
str6_ctwo.png 357120 1226 549 463
str6_ctwo.png 357420 1227 534 484
str6_ctwo.png 357553 1228 513 550
str6_ctwo.png 357853 1229 559 516
str6_ctwo.png 358319 1230 1349 485
str6_ctwo.png 358420 1231 1293 524
str6_ctwo.png 358570 1232 1296 492
str6_ctwo.png 358787 1233 1350 588
str6_ctwo.png 359003 1234 1324 602
str6_ctwo.png 359386 1235 546 426
str6_ctwo.png 359519 1236 536 444
str6_ctwo.png 359803 1237 574 514
str6_ctwo.png 360203 1238 568 447
str6_ctwo.png 360486 1239 634 437
#2
str6_ctwo.png 294124 838 957 425
str6_ctwo.png 294291 839 524 415
str6_ctwo.png 294874 840 514 438
str6_ctwo.png 295058 841 523 438
str6_ctwo.png 295491 842 446 367
str6_ctwo.png 295841 843 551 381
str6_ctwo.png 296274 844 552 394
str6_ctwo.png 296757 845 1324 400
str6_ctwo.png 297141 846 1279 408
str6_ctwo.png 297558 847 1275 418
str6_ctwo.png 297741 848 1266 415
str6_ctwo.png 298041 849 692 469
str6_ctwo.png 298141 850 709 478
str6_ctwo.png 298608 851 1269 420
#3
str6_ctwo.png 332948 1071 1007 440
str6_ctwo.png 333232 1072 581 454
str6_ctwo.png 333616 1073 624 439
str6_ctwo.png 333766 1074 595 519
str6_ctwo.png 334032 1075 617 418
str6_ctwo.png 334599 1076 641 386
str6_ctwo.png 334782 1077 1403 473
str6_ctwo.png 334900 1078 1354 481
str6_ctwo.png 335033 1079 1338 443
str6_ctwo.png 336033 1080 1319 413
str6_ctwo.png 336466 1081 1340 408
str6_ctwo.png 336983 1082 1324 390
str6_ctwo.png 337183 1083 1359 401
str6_ctwo.png 337466 1084 1483 489
str6_ctwo.png 337700 1085 1473 521
#4
str6_ctwo.png 331744 856 935 511
str6_ctwo.png 331994 857 540 509
str6_ctwo.png 332194 858 512 517
str6_ctwo.png 332311 859 595 526
str6_ctwo.png 332577 860 578 448
str6_ctwo.png 332727 861 1296 508
str6_ctwo.png 333061 862 1399 587
str6_ctwo.png 334633 863 622 504
str6_ctwo.png 335099 864 380 524
str6_ctwo.png 335349 865 460 400
str6_ctwo.png 335650 866 581 585
#5
str6_ctwo.png 324808 839 679 381
str6_ctwo.png 326374 840 631 441
str6_ctwo.png 326740 841 714 405
str6_ctwo.png 327374 842 1305 430
str6_ctwo.png 327774 843 1364 477
str6_ctwo.png 328124 844 1345 419
str6_ctwo.png 328441 845 1424 467
str6_ctwo.png 328924 846 1359 516
str6_ctwo.png 329274 847 1303 397
str6_ctwo.png 329558 848 553 429
#6
str6_ctwo.png 358296 898 1141 518
str6_ctwo.png 358563 899 1339 516
str6_ctwo.png 358763 900 1386 532
str6_ctwo.png 359047 901 485 481
str6_ctwo.png 359413 902 545 467
str6_ctwo.png 360063 903 512 477
str6_ctwo.png 361463 904 511 489
str6_ctwo.png 361680 905 497 569
str6_ctwo.png 362197 906 517 558
str6_ctwo.png 362763 907 1389 544
#7
str6_ctwo.png 271011 649 909 455
str6_ctwo.png 271328 650 540 414
str6_ctwo.png 271544 651 455 404
str6_ctwo.png 271878 652 1275 459
str6_ctwo.png 272428 653 545 411
str6_ctwo.png 273095 654 518 432
str6_ctwo.png 273395 655 1234 475
str6_ctwo.png 273728 656 1294 489
str6_ctwo.png 274045 657 543 611
str6_ctwo.png 274445 658 817 467
str6_ctwo.png 274661 659 1231 460
str6_ctwo.png 274961 660 584 427
str6_ctwo.png 275411 661 1201 484
str6_ctwo.png 275694 662 688 461
#8
str6_ctwo.png 329047 984 455 442
str6_ctwo.png 329446 985 438 426
str6_ctwo.png 329630 986 440 436
str6_ctwo.png 329763 987 513 418
str6_ctwo.png 329947 988 1306 458
str6_ctwo.png 330363 989 1291 441
str6_ctwo.png 330781 990 1374 527
str6_ctwo.png 331001 991 482 540
str6_ctwo.png 331334 992 551 453
str6_ctwo.png 331901 993 526 397
str6_ctwo.png 332368 994 777 505
str6_ctwo.png 332584 995 779 491
str6_ctwo.png 332784 996 963 606
str6_ctwo.png 333585 997 644 469
#9
str6_ctwo.png 307666 701 1056 506
str6_ctwo.png 307882 702 1316 494
str6_ctwo.png 308282 703 546 492
str6_ctwo.png 310215 704 1277 516
str6_ctwo.png 310616 705 1302 487
str6_ctwo.png 311082 706 525 498
#10
str6_ctwo.png 288494 890 927 445
str6_ctwo.png 288806 891 610 486
str6_ctwo.png 289038 892 553 427
str6_ctwo.png 289238 893 649 437
str6_ctwo.png 289489 894 1426 490
str6_ctwo.png 289606 895 1350 497
str6_ctwo.png 289857 896 1343 479
str6_ctwo.png 290024 897 1352 469
str6_ctwo.png 290690 898 581 462
str6_ctwo.png 290808 899 639 430
str6_ctwo.png 291008 900 525 441
str6_ctwo.png 291696 901 1396 493
str6_ctwo.png 291868 902 1324 486
str6_ctwo.png 291951 903 1350 480
str6_ctwo.png 292053 904 1351 489
str6_ctwo.png 292621 905 1365 484
str6_ctwo.png 292904 906 1392 498
str6_ctwo.png 293171 907 1391 490
#11
str6_ctwo.png 327756 914 927 410
str6_ctwo.png 328029 915 463 394
str6_ctwo.png 328245 916 480 352
str6_ctwo.png 328529 917 617 383
str6_ctwo.png 328662 918 618 356
str6_ctwo.png 328879 919 1435 411
str6_ctwo.png 329029 920 1350 431
str6_ctwo.png 329446 921 1335 403
str6_ctwo.png 330329 922 1284 400
str6_ctwo.png 331379 923 1332 380
str6_ctwo.png 331612 924 1355 394
str6_ctwo.png 331879 925 1359 384
str6_ctwo.png 332079 926 1369 567
str6_ctwo.png 332345 927 1471 571
str6_ctwo.png 332496 928 1351 565
#12
str6_ctwo.png 336776 1044 1038 421
str6_ctwo.png 337052 1045 588 427
str6_ctwo.png 337335 1046 475 429
str6_ctwo.png 337619 1047 1358 473
str6_ctwo.png 337736 1048 1309 473
str6_ctwo.png 337852 1049 1311 440
str6_ctwo.png 338086 1050 525 451
str6_ctwo.png 338352 1051 494 405
str6_ctwo.png 338670 1052 622 402
str6_ctwo.png 339070 1053 1241 422
str6_ctwo.png 339488 1054 1336 448
str6_ctwo.png 339622 1055 1286 454
str6_ctwo.png 339972 1056 1344 562
str6_ctwo.png 340539 1057 559 459
str6_ctwo.png 340672 1058 601 452
str6_ctwo.png 340788 1059 457 436
str6_ctwo.png 341022 1060 407 423
str6_ctwo.png 341672 1061 1287 481
#13
str6_ctwo.png 315284 870 824 408
str6_ctwo.png 315534 871 498 487
str6_ctwo.png 316817 872 462 492
str6_ctwo.png 317334 873 561 460
str6_ctwo.png 317634 874 501 555
str6_ctwo.png 318067 875 1333 499
str6_ctwo.png 318251 876 1434 491
str6_ctwo.png 319366 877 1443 582
str6_ctwo.png 319541 878 504 453
str6_ctwo.png 319726 879 531 481
#14
str6_ctwo.png 414199 1169 621 402
str6_ctwo.png 414582 1170 542 377
str6_ctwo.png 414782 1171 548 376
str6_ctwo.png 415166 1172 1330 390
str6_ctwo.png 416533 1173 1370 387
str6_ctwo.png 417033 1174 1340 398
str6_ctwo.png 417116 1175 1345 374
str6_ctwo.png 417317 1176 1358 407
str6_ctwo.png 417750 1177 452 429
str6_ctwo.png 417950 1178 561 405
str6_ctwo.png 418133 1179 508 399
str6_ctwo.png 418400 1180 619 400
str6_ctwo.png 418833 1181 596 440
#15
str6_ctwo.png 301956 1000 548 510
str6_ctwo.png 302439 1001 678 506
str6_ctwo.png 302689 1002 1297 508
str6_ctwo.png 302889 1003 1352 494
str6_ctwo.png 303139 1004 1331 508
str6_ctwo.png 303323 1005 614 511
str6_ctwo.png 303556 1006 533 498
str6_ctwo.png 303956 1007 578 533
str6_ctwo.png 304239 1008 601 466
str6_ctwo.png 304356 1009 624 463
str6_ctwo.png 304658 1010 1297 466
str6_ctwo.png 304924 1011 478 527
str6_ctwo.png 305208 1012 571 508
str6_ctwo.png 305674 1013 528 527
str6_ctwo.png 306375 1014 661 482
str6_ctwo.png 306541 1015 1276 515
str6_ctwo.png 306741 1016 1294 507
#16
str6_ctwo.png 322161 885 977 519
str6_ctwo.png 322378 886 472 472
str6_ctwo.png 322510 887 401 529
str6_ctwo.png 322827 888 417 446
str6_ctwo.png 323160 889 590 423
str6_ctwo.png 323710 890 629 564
str6_ctwo.png 323961 891 613 555
str6_ctwo.png 324111 892 627 582
str6_ctwo.png 324261 893 1468 525
str6_ctwo.png 324644 894 1371 444
str6_ctwo.png 324827 895 1248 448
str6_ctwo.png 325010 896 1494 586
str6_ctwo.png 325245 897 1470 549
str6_ctwo.png 325445 898 607 467
str6_ctwo.png 325695 899 541 422
str6_ctwo.png 325927 900 461 399
str6_ctwo.png 326110 901 374 425
str6_ctwo.png 326744 902 521 549
#17
str6_ctwo.png 367082 1018 1327 434
str6_ctwo.png 367582 1019 490 420
str6_ctwo.png 368031 1020 499 429
str6_ctwo.png 368583 1021 1433 498
str6_ctwo.png 368887 1022 1313 447
str6_ctwo.png 369238 1023 1309 443
str6_ctwo.png 369471 1024 1311 441
str6_ctwo.png 370187 1025 556 431
str6_ctwo.png 370521 1026 592 533
str6_ctwo.png 370905 1027 584 541
#18
str6_ctwo.png 294808 918 956 506
str6_ctwo.png 295192 919 566 464
str6_ctwo.png 295726 920 605 467
str6_ctwo.png 295976 921 586 551
str6_ctwo.png 296442 922 557 575
str6_ctwo.png 296792 923 569 419
str6_ctwo.png 297026 924 599 417
str6_ctwo.png 297292 925 1342 469
str6_ctwo.png 298092 926 1308 476
str6_ctwo.png 298942 927 1364 484
str6_ctwo.png 299126 928 530 473
str6_ctwo.png 299409 929 443 452
str6_ctwo.png 299792 930 586 482
#19
str6_ctwo.png 276665 988 541 446
str6_ctwo.png 276814 989 577 447
str6_ctwo.png 277131 990 1327 466
str6_ctwo.png 277249 991 1304 495
str6_ctwo.png 277532 992 521 461
str6_ctwo.png 277698 993 553 469
str6_ctwo.png 277915 994 436 439
str6_ctwo.png 278082 995 434 433
str6_ctwo.png 278532 996 567 438
str6_ctwo.png 278899 997 595 506
str6_ctwo.png 279199 998 568 599
str6_ctwo.png 279515 999 1328 607
str6_ctwo.png 279649 1000 1326 476
str6_ctwo.png 280033 1001 1466 614
str6_ctwo.png 280333 1002 1440 571
str6_ctwo.png 280566 1003 1465 544
str6_ctwo.png 280782 1004 1292 474
str6_ctwo.png 280982 1005 604 463
str6_ctwo.png 281299 1006 524 565
#20
str6_ctwo.png 281781 888 548 467
str6_ctwo.png 282231 889 578 504
str6_ctwo.png 282547 890 1302 475
str6_ctwo.png 282864 891 1355 501
str6_ctwo.png 283281 892 599 561
str6_ctwo.png 283764 893 1325 517
str6_ctwo.png 284198 894 1076 451
str6_ctwo.png 284531 895 1376 499
str6_ctwo.png 284964 896 971 550
str6_ctwo.png 285197 897 922 516
str6_ctwo.png 285748 898 932 496
str6_ctwo.png 286214 899 1313 501
#21
str6_ctwo.png 294372 904 573 468
str6_ctwo.png 294556 905 418 436
str6_ctwo.png 294789 906 544 441
str6_ctwo.png 295389 907 600 440
str6_ctwo.png 296056 908 1331 474
str6_ctwo.png 296223 909 1295 454
str6_ctwo.png 296873 910 1372 542
str6_ctwo.png 297106 911 1460 561
str6_ctwo.png 297623 912 1337 453
str6_ctwo.png 297806 913 1334 467
str6_ctwo.png 297956 914 988 429
str6_ctwo.png 298156 915 509 415
str6_ctwo.png 298289 916 556 437
str6_ctwo.png 298722 917 613 414
#22
str6_ctwo.png 273538 840 958 429
str6_ctwo.png 273705 841 591 447
str6_ctwo.png 273905 842 471 455
str6_ctwo.png 274088 843 599 453
str6_ctwo.png 274422 844 587 433
str6_ctwo.png 274589 845 515 458
str6_ctwo.png 274873 846 590 468
str6_ctwo.png 275056 847 552 544
str6_ctwo.png 275289 848 1338 490
str6_ctwo.png 275589 849 1433 538
str6_ctwo.png 275873 850 1326 467
str6_ctwo.png 276040 851 1437 481
str6_ctwo.png 276323 852 1326 460
str6_ctwo.png 276540 853 1423 476
str6_ctwo.png 277073 854 1434 511
str6_ctwo.png 278040 855 557 473
str6_ctwo.png 278307 856 560 473
#23
str6_ctwo.png 351366 1118 409 459
str6_ctwo.png 351578 1119 600 442
str6_ctwo.png 352247 1120 1306 463
str6_ctwo.png 352487 1121 1383 539
str6_ctwo.png 352670 1122 1357 597
str6_ctwo.png 352887 1123 1463 560
str6_ctwo.png 353170 1124 1316 462
str6_ctwo.png 353753 1125 1357 447
str6_ctwo.png 353920 1126 1463 563
str6_ctwo.png 354220 1127 571 514
str6_ctwo.png 354320 1128 552 532
str6_ctwo.png 354654 1129 483 527
str6_ctwo.png 354820 1130 382 457
str6_ctwo.png 354937 1131 411 437
str6_ctwo.png 355287 1132 566 491
str6_ctwo.png 355487 1133 598 427
str6_ctwo.png 355703 1134 619 380
#24
str6_ctwo.png 271005 816 583 378
str6_ctwo.png 271155 817 453 383
str6_ctwo.png 271339 818 625 376
str6_ctwo.png 271805 819 583 398
str6_ctwo.png 272222 820 624 486
str6_ctwo.png 272705 821 585 470
str6_ctwo.png 272889 822 590 388
str6_ctwo.png 273756 823 645 374
str6_ctwo.png 273956 824 1352 424
str6_ctwo.png 274073 825 1323 407
str6_ctwo.png 274290 826 1284 449
str6_ctwo.png 274607 827 1348 404
str6_ctwo.png 274840 828 1321 399
str6_ctwo.png 275007 829 1346 418
str6_ctwo.png 275440 830 1352 427
#25
str6_ctwo.png 298361 870 982 463
str6_ctwo.png 298594 871 1020 477
str6_ctwo.png 298678 872 971 445
str6_ctwo.png 298811 873 994 426
str6_ctwo.png 299161 874 1039 469
str6_ctwo.png 299644 875 1025 461
str6_ctwo.png 300144 876 771 454
str6_ctwo.png 300361 877 1133 489
str6_ctwo.png 300994 878 1000 445
str6_ctwo.png 301411 879 1010 410
str6_ctwo.png 301527 880 991 391
str6_ctwo.png 301611 881 1016 411
str6_ctwo.png 301811 882 1018 454
str6_ctwo.png 302211 883 1043 423
str6_ctwo.png 302944 884 1025 438
str6_ctwo.png 303128 885 1053 411
#26
str6_ctwo.png 335897 1072 860 489
str6_ctwo.png 336263 1073 491 528
str6_ctwo.png 336513 1074 517 589
str6_ctwo.png 336846 1075 1364 465
str6_ctwo.png 337163 1076 1413 556
str6_ctwo.png 337480 1077 1435 610
str6_ctwo.png 337680 1078 592 446
str6_ctwo.png 338130 1079 343 503
str6_ctwo.png 338797 1080 620 609
str6_ctwo.png 338947 1081 1397 453
str6_ctwo.png 339347 1082 1378 507
str6_ctwo.png 339448 1083 1422 580
str6_ctwo.png 339732 1084 1430 626
str6_ctwo.png 339915 1085 1291 494
str6_ctwo.png 340315 1086 580 503
str6_ctwo.png 340483 1087 995 575
str6_ctwo.png 340883 1088 862 552
#27
str6_ctwo.png 284215 902 621 428
str6_ctwo.png 284582 903 509 414
str6_ctwo.png 284949 904 1444 443
str6_ctwo.png 285232 905 1265 456
str6_ctwo.png 285516 906 1241 464
str6_ctwo.png 285632 907 1262 460
str6_ctwo.png 286482 908 950 466
str6_ctwo.png 286932 909 966 466
str6_ctwo.png 287232 910 968 466
str6_ctwo.png 287415 911 912 513
str6_ctwo.png 287548 912 896 539
str6_ctwo.png 287665 913 962 483
str6_ctwo.png 287832 914 960 464
str6_ctwo.png 288298 915 947 454
str6_ctwo.png 288849 916 971 427
#28
str6_ctwo.png 381511 1144 766 417
str6_ctwo.png 381795 1145 551 410
str6_ctwo.png 382045 1146 398 417
str6_ctwo.png 382211 1147 565 452
str6_ctwo.png 382645 1148 486 416
str6_ctwo.png 382861 1149 613 422
str6_ctwo.png 383061 1150 630 423
str6_ctwo.png 383511 1151 1335 445
str6_ctwo.png 383745 1152 1359 475
str6_ctwo.png 384427 1153 1403 481
str6_ctwo.png 384596 1154 1408 589
str6_ctwo.png 384862 1155 1503 594
str6_ctwo.png 385346 1156 1361 453
str6_ctwo.png 385912 1157 534 432
str6_ctwo.png 386146 1158 426 414
str6_ctwo.png 386346 1159 615 403
#29
str6_ctwo.png 332659 977 549 487
str6_ctwo.png 333226 978 444 456
str6_ctwo.png 333559 979 602 450
str6_ctwo.png 333842 980 564 559
str6_ctwo.png 334175 981 549 530
str6_ctwo.png 334326 982 1370 503
str6_ctwo.png 334626 983 1324 472
str6_ctwo.png 335159 984 1400 574
str6_ctwo.png 335525 985 1369 610
str6_ctwo.png 335742 986 1490 620
str6_ctwo.png 335843 987 1447 622
str6_ctwo.png 336043 988 449 596
str6_ctwo.png 336142 989 509 623
str6_ctwo.png 336292 990 558 654
str6_ctwo.png 336775 991 562 529
#30
str6_ctwo.png 314224 1039 536 489
str6_ctwo.png 314557 1040 584 461
str6_ctwo.png 314924 1041 531 495
str6_ctwo.png 315241 1042 1315 526
str6_ctwo.png 315508 1043 1355 491
str6_ctwo.png 315708 1044 1299 464
str6_ctwo.png 315841 1045 557 538
str6_ctwo.png 316357 1046 546 578
str6_ctwo.png 316707 1047 592 581
str6_ctwo.png 317007 1048 612 595
str6_ctwo.png 317225 1049 615 616
str6_ctwo.png 317375 1050 566 472
str6_ctwo.png 317909 1051 1318 524
#31
str6_ctwo.png 305299 997 477 461
str6_ctwo.png 305766 998 546 459
str6_ctwo.png 306299 999 490 439
str6_ctwo.png 306416 1000 608 431
str6_ctwo.png 306666 1001 1360 456
str6_ctwo.png 306817 1002 1334 468
str6_ctwo.png 306900 1003 1306 468
str6_ctwo.png 307384 1004 1405 565
str6_ctwo.png 307667 1005 1401 558
str6_ctwo.png 307767 1006 1326 538
str6_ctwo.png 308084 1007 1381 541
str6_ctwo.png 308284 1008 501 497
str6_ctwo.png 308750 1009 522 475
str6_ctwo.png 308967 1010 553 547
str6_ctwo.png 309284 1011 567 508
str6_ctwo.png 309550 1012 586 445
str6_ctwo.png 309800 1013 548 465
#32
str6_ctwo.png 313752 1055 1020 485
str6_ctwo.png 313881 1056 963 467
str6_ctwo.png 314081 1057 1309 423
str6_ctwo.png 314347 1058 591 427
str6_ctwo.png 314563 1059 500 431
str6_ctwo.png 314748 1060 575 446
str6_ctwo.png 315181 1061 620 387
str6_ctwo.png 315448 1062 467 406
str6_ctwo.png 315698 1063 1343 442
str6_ctwo.png 315848 1064 1330 428
str6_ctwo.png 316165 1065 1308 432
str6_ctwo.png 316649 1066 1360 494
str6_ctwo.png 317132 1067 1321 551
str6_ctwo.png 317349 1068 554 491
str6_ctwo.png 317531 1069 580 511
str6_ctwo.png 318032 1070 614 400
str6_ctwo.png 318199 1071 458 400
str6_ctwo.png 318415 1072 616 423
str6_ctwo.png 318648 1073 590 455
#33
str6_ctwo.png 384137 975 975 488
str6_ctwo.png 384472 976 544 477
str6_ctwo.png 384978 977 544 388
str6_ctwo.png 385380 978 1286 340
str6_ctwo.png 385815 979 1350 480
str6_ctwo.png 386445 980 535 439
str6_ctwo.png 386608 981 556 483
str6_ctwo.png 386770 982 591 388
str6_ctwo.png 387172 983 493 352
str6_ctwo.png 387786 984 546 556
str6_ctwo.png 387925 985 539 514
str6_ctwo.png 388054 986 543 528
str6_ctwo.png 388472 987 628 422
str6_ctwo.png 388852 988 1357 431
#34
str6_ctwo.png 300036 873 544 534
str6_ctwo.png 300269 874 620 464
str6_ctwo.png 300669 875 1264 471
str6_ctwo.png 300919 876 1361 493
str6_ctwo.png 301186 877 1434 535
str6_ctwo.png 301486 878 1437 578
str6_ctwo.png 301737 879 1352 615
str6_ctwo.png 302004 880 1341 507
str6_ctwo.png 302470 881 541 481
str6_ctwo.png 302687 882 580 599
str6_ctwo.png 303253 883 631 602
str6_ctwo.png 303853 884 631 609
str6_ctwo.png 304370 885 1386 509
str6_ctwo.png 304687 886 1361 572
#35
str6_ctwo.png 300241 1007 530 448
str6_ctwo.png 300491 1008 587 432
str6_ctwo.png 300741 1009 541 442
str6_ctwo.png 301007 1010 1326 448
str6_ctwo.png 301141 1011 1283 453
str6_ctwo.png 301475 1012 1323 462
str6_ctwo.png 301641 1013 563 425
str6_ctwo.png 301974 1014 503 468
str6_ctwo.png 302258 1015 507 560
str6_ctwo.png 302591 1016 489 442
str6_ctwo.png 303141 1017 616 407
str6_ctwo.png 303541 1018 1291 467
str6_ctwo.png 303824 1019 1300 454
str6_ctwo.png 303974 1020 1343 468
str6_ctwo.png 304592 1021 1325 488
#36
str6_ctwo.png 323191 993 667 390
str6_ctwo.png 323341 994 556 415
str6_ctwo.png 323591 995 558 420
str6_ctwo.png 323808 996 556 452
str6_ctwo.png 324208 997 1397 457
str6_ctwo.png 324659 998 521 446
str6_ctwo.png 325092 999 635 394
str6_ctwo.png 325192 1000 643 377
str6_ctwo.png 325659 1001 596 403
str6_ctwo.png 326308 1002 606 418
str6_ctwo.png 326608 1003 600 422
str6_ctwo.png 326908 1004 633 430
str6_ctwo.png 327058 1005 623 434
str6_ctwo.png 327375 1006 633 439
#37
str6_ctwo.png 295919 964 927 512
str6_ctwo.png 296185 965 1286 487
str6_ctwo.png 296302 966 1285 454
str6_ctwo.png 296885 967 589 414
str6_ctwo.png 297019 968 504 429
str6_ctwo.png 297486 969 1338 446
str6_ctwo.png 297670 970 1299 440
str6_ctwo.png 297970 971 1292 432
str6_ctwo.png 298452 972 528 417
str6_ctwo.png 298653 973 539 401
str6_ctwo.png 299136 974 1295 505
str6_ctwo.png 299687 975 476 477
str6_ctwo.png 299820 976 558 459
str6_ctwo.png 300170 977 1325 478
str6_ctwo.png 300304 978 1327 496
str6_ctwo.png 300504 979 1294 430
#38
str6_ctwo.png 299854 850 609 505
str6_ctwo.png 300087 851 607 501
str6_ctwo.png 301195 852 605 514
str6_ctwo.png 301478 853 1318 516
str6_ctwo.png 302862 854 1306 515
str6_ctwo.png 303395 855 608 501
#39
str6_ctwo.png 279533 710 938 482
str6_ctwo.png 279699 711 530 411
str6_ctwo.png 279933 712 480 441
str6_ctwo.png 280115 713 529 420
str6_ctwo.png 280315 714 1407 470
str6_ctwo.png 280433 715 1325 442
str6_ctwo.png 280666 716 1313 416
str6_ctwo.png 280916 717 1340 409
str6_ctwo.png 281199 718 424 391
str6_ctwo.png 282408 719 1367 541
str6_ctwo.png 283191 720 1088 423
str6_ctwo.png 283942 721 1313 403
str6_ctwo.png 284292 722 436 369
str6_ctwo.png 284425 723 578 379
#40
str6_ctwo.png 306851 919 970 429
str6_ctwo.png 307084 920 1315 445
str6_ctwo.png 308101 921 560 437
str6_ctwo.png 308200 922 609 445
str6_ctwo.png 308835 923 564 439
str6_ctwo.png 309135 924 613 446
str6_ctwo.png 309551 925 1408 470
str6_ctwo.png 309669 926 1327 450
str6_ctwo.png 310169 927 605 453
str6_ctwo.png 310336 928 666 445
str6_ctwo.png 311637 929 1308 427
#41
str6_ctwo.png 280630 766 285 539
str6_ctwo.png 280763 767 540 513
str6_ctwo.png 281689 768 1311 518
str6_ctwo.png 283706 769 280 550
str6_ctwo.png 283822 770 453 541
str6_ctwo.png 284205 771 553 538
str6_ctwo.png 284980 772 585 543
str6_ctwo.png 285160 773 473 541
#42
str6_ctwo.png 307114 974 514 394
str6_ctwo.png 307264 975 549 404
str6_ctwo.png 307481 976 594 368
str6_ctwo.png 307664 977 576 473
str6_ctwo.png 308047 978 602 359
str6_ctwo.png 308430 979 452 348
str6_ctwo.png 308647 980 541 376
str6_ctwo.png 308830 981 558 382
str6_ctwo.png 309080 982 603 346
str6_ctwo.png 309347 983 566 466
str6_ctwo.png 309614 984 585 499
str6_ctwo.png 309980 985 434 366
str6_ctwo.png 310464 986 515 381
str6_ctwo.png 310730 987 564 379
str6_ctwo.png 311064 988 1305 391
str6_ctwo.png 311248 989 1325 429
str6_ctwo.png 311598 990 502 356
str6_ctwo.png 311830 991 423 360
#43
