str6_mask.png 102798 322 743 447
str6_mask.png 103249 323 1096 102
str6_mask.png 103483 324 1310 204
str6_mask.png 103617 325 1192 227
str6_mask.png 103801 326 1246 229
str6_mask.png 104034 327 1278 239
str6_mask.png 104234 328 1300 218
str6_mask.png 104684 329 1489 386
str6_mask.png 104917 330 1473 406
str6_mask.png 105117 331 1542 580
str6_mask.png 105634 332 1432 781
str6_mask.png 105884 333 1392 734
str6_mask.png 106084 334 1077 943
str6_mask.png 106484 335 1014 964
str6_mask.png 106784 336 761 972
str6_mask.png 106967 337 716 955
str6_mask.png 107150 338 809 960
str6_mask.png 107400 339 574 882
str6_mask.png 107550 340 494 872
str6_mask.png 107850 341 355 670
str6_mask.png 108133 342 354 605
str6_mask.png 108450 343 342 489
str6_mask.png 108766 344 426 381
str6_mask.png 108983 345 496 282
str6_mask.png 109250 346 493 261
str6_mask.png 109483 347 630 224
str6_mask.png 109616 348 748 206
str6_mask.png 109866 349 776 226
str6_mask.png 110017 350 795 216
str6_mask.png 110116 351 1003 177
str6_mask.png 110200 352 1015 165
str6_mask.png 110300 353 1045 131
str6_mask.png 111119 354 1050 282
str6_mask.png 111290 355 1031 221
str6_mask.png 111942 356 1036 219
str6_mask.png 112259 357 1033 478
str6_mask.png 112626 358 962 672
#1
str6_mask.png 133865 438 1028 427
str6_mask.png 134130 439 785 184
str6_mask.png 134346 440 708 134
str6_mask.png 134630 441 1216 182
str6_mask.png 135130 442 1411 362
str6_mask.png 135430 443 1469 568
str6_mask.png 135746 444 1390 784
str6_mask.png 135946 445 1421 818
str6_mask.png 136163 446 1061 986
str6_mask.png 136413 447 780 998
str6_mask.png 136663 448 518 874
str6_mask.png 136913 449 319 622
str6_mask.png 137029 450 377 633
str6_mask.png 137229 451 397 433
str6_mask.png 137529 452 520 249
str6_mask.png 138128 453 790 165
str6_mask.png 138413 454 1042 140
str6_mask.png 138546 455 1041 160
str6_mask.png 138663 456 1313 153
str6_mask.png 138880 457 1220 173
str6_mask.png 138963 458 1175 160
str6_mask.png 139063 459 1174 178
str6_mask.png 139396 460 1263 153
str6_mask.png 139963 461 1234 153
str6_mask.png 140296 462 1253 191
str6_mask.png 140663 463 1223 236
str6_mask.png 140846 464 1177 181
str6_mask.png 141163 465 1263 154
str6_mask.png 141413 466 1403 351
str6_mask.png 141713 467 1436 394
str6_mask.png 141980 468 1481 575
str6_mask.png 142180 469 1480 555
str6_mask.png 142396 470 1432 569
str6_mask.png 142863 471 1393 728
str6_mask.png 143163 472 1393 818
str6_mask.png 143346 473 1105 975
str6_mask.png 143663 474 775 991
#2
str6_mask.png 85604 248 729 222
str6_mask.png 85804 249 1166 85
str6_mask.png 86054 250 1227 115
str6_mask.png 86221 251 1440 286
str6_mask.png 86637 252 1201 122
str6_mask.png 87070 253 1354 656
str6_mask.png 87937 254 396 553
str6_mask.png 88203 255 383 507
str6_mask.png 88437 256 395 344
str6_mask.png 88737 257 939 9
str6_mask.png 88970 258 1211 92
str6_mask.png 89104 259 1177 91
str6_mask.png 89454 260 1369 256
str6_mask.png 89937 261 1188 97
str6_mask.png 90187 262 1190 123
str6_mask.png 90371 263 1400 313
str6_mask.png 90771 264 1491 507
str6_mask.png 91504 265 1184 865
str6_mask.png 91721 266 1358 728
str6_mask.png 92037 267 1355 687
str6_mask.png 92220 268 850 982
str6_mask.png 92587 270 434 659
str6_mask.png 92753 271 399 554
str6_mask.png 93003 272 395 562
str6_mask.png 93437 273 516 806
str6_mask.png 93987 274 407 531
str6_mask.png 94337 275 393 559
#3
str6_mask.png 124779 424 939 360
str6_mask.png 125063 425 732 189
str6_mask.png 125263 426 1008 76
str6_mask.png 125496 427 982 61
str6_mask.png 125796 428 1255 71
str6_mask.png 125996 429 984 84
str6_mask.png 126681 430 1273 59
str6_mask.png 126964 431 1478 295
str6_mask.png 127114 432 1526 481
str6_mask.png 127498 433 1487 498
str6_mask.png 127865 434 1554 495
str6_mask.png 128032 435 1422 704
str6_mask.png 128298 436 1421 670
str6_mask.png 128765 437 1162 900
str6_mask.png 129232 438 800 926
str6_mask.png 129582 439 529 863
str6_mask.png 129731 440 564 856
str6_mask.png 129881 441 563 821
str6_mask.png 130048 442 446 588
str6_mask.png 130815 443 440 392
str6_mask.png 131098 444 567 199
str6_mask.png 131514 445 845 139
str6_mask.png 131965 446 1090 98
str6_mask.png 132198 447 527 241
str6_mask.png 132681 448 448 568
str6_mask.png 133298 449 630 826
str6_mask.png 133581 450 852 924
str6_mask.png 133998 451 1513 657
str6_mask.png 134199 452 1515 503
str6_mask.png 134482 453 1435 280
str6_mask.png 134778 454 1281 174
#4
str6_mask.png 112528 252 1289 186
str6_mask.png 112745 253 1284 181
str6_mask.png 113095 254 1267 186
str6_mask.png 113928 255 502 358
str6_mask.png 114061 256 441 400
str6_mask.png 114811 257 459 700
str6_mask.png 115095 258 549 830
str6_mask.png 115495 259 797 944
str6_mask.png 115578 260 794 953
str6_mask.png 115728 261 798 969
str6_mask.png 115978 262 1106 924
str6_mask.png 116545 263 927 401
str6_mask.png 117128 264 1454 546
str6_mask.png 117429 265 1393 751
str6_mask.png 117595 266 1389 764
str6_mask.png 117678 267 1392 937
str6_mask.png 118145 268 1399 426
str6_mask.png 118512 269 1480 489
str6_mask.png 118862 270 657 197
str6_mask.png 119228 271 567 251
str6_mask.png 119495 272 443 437
str6_mask.png 120279 273 1387 744
str6_mask.png 120512 274 1471 529
str6_mask.png 120812 275 1460 544
str6_mask.png 121029 276 1489 339
str6_mask.png 121162 277 1502 373
str6_mask.png 121312 278 1410 366
str6_mask.png 121529 279 1221 913
str6_mask.png 121745 280 1034 951
str6_mask.png 121979 281 1449 628
str6_mask.png 122229 282 1394 748
#5
str6_mask.png 107073 273 956 341
str6_mask.png 108245 274 515 339
str6_mask.png 108728 275 451 532
str6_mask.png 109078 276 593 768
str6_mask.png 109444 277 547 778
str6_mask.png 109578 278 536 767
str6_mask.png 109928 279 659 782
str6_mask.png 110061 280 661 788
str6_mask.png 110211 281 677 778
str6_mask.png 110779 282 1215 71
str6_mask.png 110946 283 1268 91
str6_mask.png 111413 284 1468 224
str6_mask.png 111730 285 1462 250
str6_mask.png 111846 286 1547 447
str6_mask.png 112163 287 1518 464
str6_mask.png 112329 288 1503 480
str6_mask.png 112713 289 1382 642
str6_mask.png 112896 290 1369 666
str6_mask.png 114063 291 1088 507
str6_mask.png 114263 292 551 295
str6_mask.png 115045 293 692 117
#6
str6_mask.png 116582 307 992 537
str6_mask.png 117265 308 1490 810
str6_mask.png 117465 309 1475 818
str6_mask.png 117815 310 1385 747
str6_mask.png 118616 311 1418 363
str6_mask.png 118833 312 1265 193
str6_mask.png 118999 313 1275 188
str6_mask.png 119149 314 1017 105
str6_mask.png 119283 315 1011 84
str6_mask.png 119818 316 501 206
str6_mask.png 120235 317 427 390
str6_mask.png 120702 318 394 616
str6_mask.png 121018 319 387 619
str6_mask.png 121168 320 404 601
str6_mask.png 121518 321 531 836
str6_mask.png 122068 322 740 942
str6_mask.png 122452 323 779 976
str6_mask.png 122652 324 1075 991
str6_mask.png 122902 325 1112 982
str6_mask.png 123385 326 1250 770
str6_mask.png 123518 327 1370 788
str6_mask.png 123718 328 1418 768
str6_mask.png 124018 329 1506 493
str6_mask.png 125202 330 831 175
str6_mask.png 125435 331 758 214
str6_mask.png 125852 332 583 222
str6_mask.png 126536 333 429 337
#7
str6_mask.png 83099 195 864 187
str6_mask.png 83249 196 753 143
str6_mask.png 83465 197 479 225
str6_mask.png 83715 198 373 667
str6_mask.png 83915 199 396 671
str6_mask.png 84032 200 650 925
str6_mask.png 84248 201 1047 962
str6_mask.png 84482 202 1399 723
str6_mask.png 84715 203 1462 383
str6_mask.png 84965 204 1240 159
str6_mask.png 85265 205 763 88
str6_mask.png 85549 206 490 198
str6_mask.png 85798 207 378 595
str6_mask.png 85948 208 402 604
str6_mask.png 86181 209 633 887
str6_mask.png 86448 210 1081 971
str6_mask.png 86748 211 1398 729
str6_mask.png 86865 212 1397 708
str6_mask.png 87015 213 1443 397
str6_mask.png 87299 214 1096 141
str6_mask.png 87532 215 820 114
str6_mask.png 87965 216 909 858
str6_mask.png 88215 217 921 423
str6_mask.png 89215 218 910 406
str6_mask.png 89399 219 696 327
str6_mask.png 89583 220 517 255
str6_mask.png 89783 221 396 710
str6_mask.png 90083 222 804 946
str6_mask.png 90299 223 1199 988
str6_mask.png 90566 224 1185 948
str6_mask.png 90766 225 1413 493
str6_mask.png 91083 226 1467 499
str6_mask.png 91516 227 1403 345
str6_mask.png 91683 228 1225 142
str6_mask.png 91933 229 901 100
str6_mask.png 92150 230 631 161
str6_mask.png 92416 231 468 211
str6_mask.png 92700 232 747 181
#8
str6_mask.png 111881 359 637 172
str6_mask.png 112114 360 548 189
str6_mask.png 112247 361 360 584
str6_mask.png 112897 362 1089 924
str6_mask.png 113098 363 802 974
str6_mask.png 113264 364 549 841
str6_mask.png 113681 365 504 843
str6_mask.png 114598 366 502 853
str6_mask.png 114847 367 375 619
str6_mask.png 115097 368 380 557
str6_mask.png 115464 369 438 401
str6_mask.png 115730 370 397 444
str6_mask.png 116014 371 537 217
str6_mask.png 116297 372 801 120
str6_mask.png 116747 373 841 141
str6_mask.png 117131 374 572 173
str6_mask.png 117581 375 1075 109
str6_mask.png 117764 376 1154 111
str6_mask.png 117947 377 1328 142
str6_mask.png 118247 378 1368 157
str6_mask.png 118565 379 1474 337
str6_mask.png 118798 380 1465 337
str6_mask.png 118931 381 1449 316
str6_mask.png 119081 382 1443 280
str6_mask.png 119564 383 1190 158
str6_mask.png 119815 384 1199 198
str6_mask.png 120019 385 1530 523
str6_mask.png 120453 386 1418 724
str6_mask.png 120670 387 1464 525
str6_mask.png 121137 388 1425 308
str6_mask.png 121353 389 1393 683
#9
str6_mask.png 105339 280 1015 286
str6_mask.png 105539 281 1445 340
str6_mask.png 105872 282 1508 527
str6_mask.png 106322 283 1501 537
str6_mask.png 107006 284 1402 735
str6_mask.png 107972 285 1130 897
str6_mask.png 108322 286 650 890
str6_mask.png 108639 287 492 801
str6_mask.png 108922 288 410 605
str6_mask.png 109389 289 476 348
str6_mask.png 109605 290 513 238
str6_mask.png 109922 291 802 194
str6_mask.png 110538 292 1011 165
str6_mask.png 110672 293 1010 143
str6_mask.png 110889 294 1224 172
str6_mask.png 111609 295 1409 329
str6_mask.png 111743 296 1387 332
str6_mask.png 112259 297 1423 350
str6_mask.png 113343 298 1458 584
str6_mask.png 113626 299 1334 758
str6_mask.png 114093 300 1425 803
str6_mask.png 115009 301 1082 925
#10
str6_mask.png 89501 272 931 402
str6_mask.png 89756 273 736 214
str6_mask.png 89940 274 1232 132
str6_mask.png 90124 275 1271 158
str6_mask.png 90525 276 1216 166
str6_mask.png 90658 277 1219 182
str6_mask.png 90775 278 1219 158
str6_mask.png 90993 279 1259 163
str6_mask.png 91127 280 1276 155
str6_mask.png 91310 281 1279 170
str6_mask.png 91427 282 1240 148
str6_mask.png 91677 283 1525 509
str6_mask.png 91811 284 1508 538
str6_mask.png 92578 285 1480 631
str6_mask.png 92778 286 1511 565
str6_mask.png 93316 287 1397 745
str6_mask.png 93772 288 1209 781
str6_mask.png 93989 289 719 878
str6_mask.png 94188 290 578 870
str6_mask.png 94488 291 1158 941
str6_mask.png 94672 292 1114 958
str6_mask.png 95023 293 838 999
str6_mask.png 95405 294 445 508
str6_mask.png 95556 295 435 591
str6_mask.png 95906 296 444 643
str6_mask.png 96106 297 446 574
str6_mask.png 96422 298 414 487
str6_mask.png 96622 299 467 403
str6_mask.png 96839 300 456 549
str6_mask.png 97089 301 1206 168
str6_mask.png 97240 302 1242 152
str6_mask.png 97508 303 1270 128
str6_mask.png 97742 304 1221 132
str6_mask.png 97995 305 1261 124
str6_mask.png 98396 306 1231 168
str6_mask.png 98596 307 1254 166
str6_mask.png 98797 308 1212 130
str6_mask.png 99284 309 1246 125
#11
str6_mask.png 112360 268 824 401
str6_mask.png 112560 269 646 134
str6_mask.png 112744 270 916 90
str6_mask.png 113294 271 919 68
str6_mask.png 113460 272 945 13
str6_mask.png 113960 273 939 102
str6_mask.png 114294 274 922 93
str6_mask.png 115610 278 915 172
str6_mask.png 115777 279 913 160
str6_mask.png 116027 280 953 85
str6_mask.png 116177 281 949 86
str6_mask.png 116327 282 953 7
str6_mask.png 117060 284 1213 98
str6_mask.png 117644 285 1292 135
str6_mask.png 117945 286 986 22
str6_mask.png 118312 288 1247 110
str6_mask.png 118578 289 1205 112
str6_mask.png 118812 290 1284 88
str6_mask.png 119028 291 1286 108
str6_mask.png 119262 292 1192 106
str6_mask.png 119745 293 1161 99
str6_mask.png 119962 294 1293 104
str6_mask.png 120045 295 1293 81
str6_mask.png 120312 296 1463 312
str6_mask.png 120445 297 1421 309
str6_mask.png 120628 298 1446 270
str6_mask.png 120828 299 1487 487
str6_mask.png 121295 300 1533 500
str6_mask.png 121595 301 1580 501
str6_mask.png 121878 302 1403 746
str6_mask.png 122078 303 1360 695
#12
str6_mask.png 126376 346 809 207
str6_mask.png 126643 347 452 620
str6_mask.png 126960 348 1459 420
str6_mask.png 127061 349 1400 411
str6_mask.png 127177 350 1418 323
str6_mask.png 127427 351 1077 143
str6_mask.png 127544 352 1185 119
str6_mask.png 127811 353 1416 299
str6_mask.png 128227 354 1433 306
str6_mask.png 128544 355 283 584
str6_mask.png 128663 356 362 597
str6_mask.png 128797 357 385 563
str6_mask.png 129080 358 527 860
str6_mask.png 129280 359 488 850
str6_mask.png 129647 360 1520 578
str6_mask.png 129764 361 1464 586
str6_mask.png 129964 362 1383 741
str6_mask.png 130164 363 1361 701
str6_mask.png 130347 364 1495 536
str6_mask.png 130831 365 1452 534
str6_mask.png 131231 366 994 939
str6_mask.png 131447 367 774 927
str6_mask.png 131697 368 639 159
str6_mask.png 131797 369 713 180
str6_mask.png 131964 370 526 206
str6_mask.png 132297 371 1034 139
str6_mask.png 132647 372 1265 161
str6_mask.png 132747 373 1215 159
str6_mask.png 133064 374 859 205
str6_mask.png 133214 375 365 351
str6_mask.png 133313 376 445 380
str6_mask.png 133964 377 1139 332
str6_mask.png 134614 379 1393 437
str6_mask.png 134714 380 1337 432
str6_mask.png 134814 381 1466 520
str6_mask.png 135148 382 1366 718
str6_mask.png 135531 383 969 500
str6_mask.png 135765 384 858 335
#13
str6_mask.png 107505 335 930 214
str6_mask.png 107672 336 706 126
str6_mask.png 107939 337 1139 136
str6_mask.png 108289 338 1217 167
str6_mask.png 108789 339 1399 323
str6_mask.png 109322 340 1434 508
str6_mask.png 109589 341 1449 544
str6_mask.png 110139 342 1362 719
str6_mask.png 111189 343 1068 887
str6_mask.png 111289 344 1073 903
str6_mask.png 111805 345 784 968
str6_mask.png 112538 346 554 893
str6_mask.png 112971 347 502 854
str6_mask.png 113638 348 403 678
str6_mask.png 113971 349 385 628
str6_mask.png 114255 350 366 594
str6_mask.png 114455 351 362 446
str6_mask.png 114855 352 486 264
str6_mask.png 115488 353 510 221
str6_mask.png 115721 354 741 173
str6_mask.png 116304 355 977 131
str6_mask.png 116821 356 1246 151
str6_mask.png 117304 357 1421 302
#14
str6_mask.png 155909 451 928 75
str6_mask.png 156092 452 875 31
str6_mask.png 156292 453 1088 12
str6_mask.png 156897 454 1091 3
str6_mask.png 157050 455 1317 121
str6_mask.png 157201 456 1246 134
str6_mask.png 157468 457 1267 143
str6_mask.png 157718 458 1261 140
str6_mask.png 157885 459 1221 131
str6_mask.png 158184 460 1479 305
str6_mask.png 158434 461 1460 288
str6_mask.png 158934 462 1464 266
str6_mask.png 159184 463 1469 243
str6_mask.png 159551 464 1524 496
str6_mask.png 160184 465 1409 703
str6_mask.png 160518 466 1387 691
str6_mask.png 160684 467 1077 903
str6_mask.png 161084 468 926 918
str6_mask.png 161218 469 1062 903
str6_mask.png 161618 470 1149 922
str6_mask.png 161784 471 777 942
str6_mask.png 162068 472 501 827
str6_mask.png 162300 473 517 834
str6_mask.png 162784 474 413 595
str6_mask.png 163250 475 412 572
str6_mask.png 163550 476 432 387
str6_mask.png 164300 477 545 165
str6_mask.png 164750 478 454 204
str6_mask.png 164984 479 782 103
str6_mask.png 165217 480 801 109
str6_mask.png 165467 481 820 113
#15
str6_mask.png 110195 376 1027 448
str6_mask.png 110330 377 1088 460
str6_mask.png 110614 378 1452 500
str6_mask.png 110797 379 1216 231
str6_mask.png 111163 380 1178 184
str6_mask.png 111380 381 1237 211
str6_mask.png 111613 382 1397 474
str6_mask.png 111780 383 1467 578
str6_mask.png 112130 384 1443 599
str6_mask.png 112347 385 426 755
str6_mask.png 112496 386 392 702
str6_mask.png 112663 387 493 873
str6_mask.png 112880 388 394 685
str6_mask.png 113447 389 366 667
str6_mask.png 113563 390 515 858
str6_mask.png 113830 391 485 896
str6_mask.png 114214 392 755 230
str6_mask.png 114480 393 1211 193
str6_mask.png 114897 394 1464 586
str6_mask.png 115381 395 436 812
str6_mask.png 115531 396 492 864
str6_mask.png 115781 397 498 903
str6_mask.png 115981 398 390 695
str6_mask.png 116481 399 381 627
str6_mask.png 117048 400 410 673
str6_mask.png 117648 401 544 901
str6_mask.png 117982 402 884 927
str6_mask.png 118198 403 804 985
str6_mask.png 118398 404 1065 984
str6_mask.png 118565 405 1007 819
str6_mask.png 118915 406 1198 463
str6_mask.png 119098 407 1516 586
str6_mask.png 119249 408 1463 597
str6_mask.png 119615 409 1222 261
str6_mask.png 120015 410 1186 214
#16
str6_mask.png 132425 370 924 391
str6_mask.png 132599 371 894 68
str6_mask.png 132849 372 1097 80
str6_mask.png 132999 373 982 112
str6_mask.png 133232 374 997 122
str6_mask.png 133582 375 1252 114
str6_mask.png 133865 376 1250 117
str6_mask.png 134016 377 1256 93
str6_mask.png 134232 378 1283 100
str6_mask.png 134382 379 1288 70
str6_mask.png 134532 380 1514 248
str6_mask.png 134715 381 1518 262
str6_mask.png 134982 382 1601 505
str6_mask.png 135365 383 1480 706
str6_mask.png 135782 384 1198 950
str6_mask.png 136265 385 770 1025
str6_mask.png 136649 386 507 892
str6_mask.png 137064 387 431 664
str6_mask.png 137631 388 466 381
str6_mask.png 137864 389 547 188
str6_mask.png 138081 390 809 136
str6_mask.png 138197 391 792 141
str6_mask.png 138747 392 809 144
str6_mask.png 139581 393 1277 149
str6_mask.png 140214 394 1211 157
str6_mask.png 141197 395 824 126
str6_mask.png 141297 396 815 134
str6_mask.png 141764 397 804 141
str6_mask.png 142347 398 1201 145
#17
str6_mask.png 127619 372 813 136
str6_mask.png 127786 373 1199 158
str6_mask.png 128119 374 1429 316
str6_mask.png 128386 375 1496 523
str6_mask.png 128669 376 1464 553
str6_mask.png 128836 377 1365 719
str6_mask.png 129286 378 1488 554
str6_mask.png 129802 379 982 726
str6_mask.png 130086 380 649 872
str6_mask.png 130202 381 488 862
str6_mask.png 130502 382 414 613
str6_mask.png 130752 383 392 588
str6_mask.png 130918 384 396 584
str6_mask.png 131368 385 455 404
str6_mask.png 131735 386 512 215
str6_mask.png 132052 387 804 154
str6_mask.png 132385 388 1044 103
str6_mask.png 132818 389 1031 121
str6_mask.png 133185 390 1302 147
str6_mask.png 133502 391 1272 137
str6_mask.png 133835 392 1252 151
str6_mask.png 134452 393 1048 299
str6_mask.png 134635 394 1064 311
str6_mask.png 134819 395 917 415
str6_mask.png 135185 396 913 411
str6_mask.png 135552 397 1058 443
str6_mask.png 135702 398 1496 557
str6_mask.png 136052 399 1395 767
str6_mask.png 136885 400 1371 719
#18
str6_mask.png 91578 307 836 202
str6_mask.png 91811 308 781 194
str6_mask.png 92111 309 1044 173
str6_mask.png 92411 310 1250 165
str6_mask.png 92861 311 1479 311
str6_mask.png 93012 312 1451 324
str6_mask.png 93228 313 1478 486
str6_mask.png 93378 314 1491 534
str6_mask.png 93628 315 1388 660
str6_mask.png 93812 316 1396 737
str6_mask.png 94595 317 1397 781
str6_mask.png 94995 318 1079 917
str6_mask.png 95245 319 829 984
str6_mask.png 95528 320 1094 971
str6_mask.png 96061 321 534 865
str6_mask.png 96428 322 417 697
str6_mask.png 96711 323 413 639
str6_mask.png 97478 324 431 418
str6_mask.png 97911 325 514 259
str6_mask.png 98528 326 552 236
str6_mask.png 99061 327 529 214
str6_mask.png 99511 328 740 170
str6_mask.png 99727 329 1012 158
str6_mask.png 100444 330 1002 102
str6_mask.png 100694 331 1230 146
str6_mask.png 101011 332 1288 179
#19
str6_mask.png 81301 295 907 173
str6_mask.png 81501 296 1229 180
str6_mask.png 81852 297 1443 480
str6_mask.png 81952 298 1473 538
str6_mask.png 82152 299 1420 364
str6_mask.png 82635 300 1453 575
str6_mask.png 82819 301 1342 809
str6_mask.png 83202 302 1133 935
str6_mask.png 83552 303 1183 971
str6_mask.png 83768 304 844 976
str6_mask.png 83952 305 561 870
str6_mask.png 84202 306 422 632
str6_mask.png 84651 307 416 604
str6_mask.png 84851 308 425 442
str6_mask.png 85101 309 527 197
str6_mask.png 85334 310 890 136
str6_mask.png 85534 311 1048 123
str6_mask.png 85718 312 1372 226
str6_mask.png 85802 313 1332 267
str6_mask.png 86018 314 952 157
str6_mask.png 86168 315 765 176
str6_mask.png 86568 316 432 619
str6_mask.png 86851 317 568 897
str6_mask.png 87168 318 805 978
str6_mask.png 87434 319 1074 946
str6_mask.png 87601 320 1335 737
str6_mask.png 87918 321 1453 554
str6_mask.png 88152 322 1328 727
str6_mask.png 88402 323 1390 827
str6_mask.png 88785 324 1429 823
str6_mask.png 88952 325 1479 445
str6_mask.png 89202 326 1341 768
str6_mask.png 89385 327 1335 726
str6_mask.png 89552 328 1231 218
str6_mask.png 89868 329 1197 177
str6_mask.png 90052 330 808 145
str6_mask.png 90318 331 756 178
str6_mask.png 90652 332 1358 374
str6_mask.png 90985 333 1459 542
#20
str6_mask.png 92385 308 667 235
str6_mask.png 92585 309 1026 125
str6_mask.png 93202 310 935 458
str6_mask.png 93402 311 974 991
str6_mask.png 93768 312 848 983
str6_mask.png 94085 313 996 965
str6_mask.png 94285 314 958 194
str6_mask.png 94802 316 910 996
str6_mask.png 95018 317 803 1052
str6_mask.png 95252 318 438 592
str6_mask.png 95568 319 694 813
str6_mask.png 95968 321 852 164
str6_mask.png 96235 322 1282 186
str6_mask.png 96452 323 822 138
str6_mask.png 96702 324 757 159
str6_mask.png 96918 325 1426 348
str6_mask.png 97235 326 1495 549
str6_mask.png 97452 327 1442 513
str6_mask.png 97735 328 1496 557
str6_mask.png 97952 329 1262 218
str6_mask.png 98436 330 368 535
str6_mask.png 98568 331 409 561
str6_mask.png 98718 332 394 471
str6_mask.png 98935 333 413 663
str6_mask.png 99135 334 632 1060
str6_mask.png 99285 335 569 918
str6_mask.png 99768 336 531 268
str6_mask.png 100018 337 1034 174
str6_mask.png 100252 338 1269 151
str6_mask.png 100835 339 1432 894
str6_mask.png 101018 340 1434 743
str6_mask.png 101202 341 584 238
str6_mask.png 101453 342 762 173
str6_mask.png 101803 343 457 387
str6_mask.png 102036 344 460 616
#21
str6_mask.png 98365 320 981 516
str6_mask.png 98848 321 983 221
str6_mask.png 99015 322 1012 133
str6_mask.png 99331 323 1026 118
str6_mask.png 99415 324 1029 82
str6_mask.png 99865 325 1230 144
str6_mask.png 100166 326 1446 312
str6_mask.png 100649 327 1435 386
str6_mask.png 100799 328 1492 527
str6_mask.png 101266 329 1382 715
str6_mask.png 101499 330 1348 731
str6_mask.png 101615 331 1338 708
str6_mask.png 101849 332 1086 898
str6_mask.png 102149 333 969 909
str6_mask.png 102382 334 828 972
str6_mask.png 102565 335 752 971
str6_mask.png 103198 336 351 640
str6_mask.png 103432 337 377 604
str6_mask.png 103698 338 346 576
str6_mask.png 103932 339 377 390
str6_mask.png 104115 340 491 190
str6_mask.png 104848 341 760 125
str6_mask.png 105648 342 995 75
str6_mask.png 106265 343 767 146
str6_mask.png 106748 344 754 169
str6_mask.png 106948 345 784 188
str6_mask.png 107248 346 770 205
str6_mask.png 107548 347 774 180
str6_mask.png 108064 348 824 374
#22
str6_mask.png 82621 264 846 178
str6_mask.png 83738 265 1461 343
str6_mask.png 84339 266 1518 543
str6_mask.png 84672 267 1437 709
str6_mask.png 84822 268 1372 718
str6_mask.png 85089 269 1377 710
str6_mask.png 85422 270 1099 887
str6_mask.png 85756 271 1103 895
str6_mask.png 85989 272 834 946
str6_mask.png 86173 273 626 894
str6_mask.png 86273 274 607 892
str6_mask.png 86606 275 480 766
str6_mask.png 86805 276 418 641
str6_mask.png 87189 277 398 583
str6_mask.png 87305 278 376 523
str6_mask.png 87539 279 383 468
str6_mask.png 87772 280 427 433
str6_mask.png 88139 281 507 299
str6_mask.png 88322 282 654 246
str6_mask.png 88622 283 749 242
str6_mask.png 89105 284 843 205
str6_mask.png 89605 285 1117 212
str6_mask.png 89805 286 1190 218
str6_mask.png 90255 287 814 202
str6_mask.png 90589 288 791 210
str6_mask.png 90805 289 769 226
str6_mask.png 90972 290 568 243
str6_mask.png 91372 291 441 421
str6_mask.png 91705 292 426 441
str6_mask.png 92155 293 482 571
str6_mask.png 92389 294 778 929
#23
str6_mask.png 118027 411 941 440
str6_mask.png 118353 412 921 202
str6_mask.png 118534 413 968 159
str6_mask.png 118699 414 965 112
str6_mask.png 118918 415 738 167
str6_mask.png 119283 416 765 190
str6_mask.png 119738 417 735 214
str6_mask.png 120138 418 489 229
str6_mask.png 120505 419 393 365
str6_mask.png 120637 420 438 360
str6_mask.png 120837 421 421 414
str6_mask.png 121137 422 400 541
str6_mask.png 121371 423 406 642
str6_mask.png 121604 424 436 586
str6_mask.png 121904 425 549 826
str6_mask.png 122354 426 476 854
str6_mask.png 122521 427 810 977
str6_mask.png 122921 428 895 951
str6_mask.png 123128 429 1139 948
str6_mask.png 123384 430 1285 952
str6_mask.png 123949 431 1110 947
str6_mask.png 124296 432 1302 906
str6_mask.png 124442 433 1462 740
str6_mask.png 124754 434 1373 693
str6_mask.png 124932 435 1521 564
str6_mask.png 125165 436 1525 521
str6_mask.png 125399 437 1487 332
str6_mask.png 125682 438 1249 162
str6_mask.png 126016 439 1199 159
str6_mask.png 126549 440 1283 162
str6_mask.png 126949 441 1046 136
str6_mask.png 127266 442 976 129
str6_mask.png 127499 443 796 139
str6_mask.png 127749 444 1250 178
str6_mask.png 127915 445 1473 365
#24
str6_mask.png 81472 254 958 104
str6_mask.png 81939 255 774 133
str6_mask.png 82289 256 1210 111
str6_mask.png 82672 257 1261 125
str6_mask.png 82889 258 1398 639
str6_mask.png 83172 259 1386 676
str6_mask.png 83405 260 1485 330
str6_mask.png 83722 261 1501 517
str6_mask.png 84189 262 1409 643
str6_mask.png 84691 263 1502 552
str6_mask.png 85913 264 1466 307
str6_mask.png 86213 265 1467 303
str6_mask.png 86630 266 1474 280
str6_mask.png 86813 267 1413 753
str6_mask.png 87030 268 1177 909
str6_mask.png 87263 269 851 961
str6_mask.png 87413 270 579 877
str6_mask.png 87613 271 493 879
str6_mask.png 87829 272 411 622
str6_mask.png 88312 273 405 581
str6_mask.png 88829 274 474 365
str6_mask.png 89013 275 587 183
str6_mask.png 89529 276 818 136
str6_mask.png 89862 277 480 413
str6_mask.png 90162 278 1052 690
str6_mask.png 90396 279 1056 685
str6_mask.png 90646 280 1356 561
str6_mask.png 90913 281 1422 661
str6_mask.png 91213 282 1401 676
#25
str6_mask.png 110325 309 861 466
str6_mask.png 111075 310 859 423
str6_mask.png 111291 311 847 450
str6_mask.png 111408 312 837 428
str6_mask.png 111758 313 824 412
str6_mask.png 111991 314 842 436
str6_mask.png 112391 315 856 421
str6_mask.png 112525 316 844 413
str6_mask.png 113158 317 835 367
str6_mask.png 113375 318 814 371
str6_mask.png 113575 319 895 382
str6_mask.png 113791 320 849 359
str6_mask.png 113974 321 861 421
str6_mask.png 114091 322 893 420
str6_mask.png 114474 323 885 405
str6_mask.png 114608 324 855 400
str6_mask.png 114708 325 872 432
str6_mask.png 115160 326 874 397
str6_mask.png 115419 327 926 452
str6_mask.png 115599 328 929 404
str6_mask.png 115682 329 842 357
str6_mask.png 116168 330 843 390
str6_mask.png 116371 331 809 462
str6_mask.png 116672 332 848 409
str6_mask.png 117293 333 865 434
str6_mask.png 117404 334 880 423
str6_mask.png 117589 335 856 429
str6_mask.png 117757 336 870 429
str6_mask.png 118052 337 844 372
str6_mask.png 118312 338 868 407
str6_mask.png 118852 339 829 343
str6_mask.png 118927 340 828 355
str6_mask.png 119219 341 813 421
str6_mask.png 119555 342 856 453
str6_mask.png 119705 343 865 475
str6_mask.png 119939 344 882 457
#26
str6_mask.png 121453 381 689 809
str6_mask.png 121586 382 552 859
str6_mask.png 122453 383 889 381
str6_mask.png 122853 384 1358 136
str6_mask.png 123287 385 1121 115
str6_mask.png 123372 386 1143 137
str6_mask.png 123622 387 1164 93
str6_mask.png 123922 388 1384 290
str6_mask.png 124289 389 1418 442
str6_mask.png 124439 390 1445 563
str6_mask.png 124772 391 1433 572
str6_mask.png 125122 392 1493 598
str6_mask.png 125605 393 1386 810
str6_mask.png 125705 394 1316 778
str6_mask.png 125957 395 911 193
str6_mask.png 126733 396 998 995
str6_mask.png 127017 397 722 983
str6_mask.png 127166 398 688 963
str6_mask.png 127333 399 259 601
str6_mask.png 127432 400 310 627
str6_mask.png 127549 401 344 432
str6_mask.png 128216 402 812 145
str6_mask.png 128433 403 801 151
str6_mask.png 128883 404 1090 56
str6_mask.png 129516 406 1083 16
str6_mask.png 130116 408 676 83
str6_mask.png 130283 409 583 112
str6_mask.png 130816 410 837 159
str6_mask.png 131099 411 1354 111
#27
str6_mask.png 82002 290 897 194
str6_mask.png 82085 291 915 172
str6_mask.png 82235 292 807 179
str6_mask.png 82385 293 850 151
str6_mask.png 82868 294 613 226
str6_mask.png 83268 295 512 387
str6_mask.png 83568 296 478 581
str6_mask.png 83885 297 561 831
str6_mask.png 84185 298 602 827
str6_mask.png 84285 299 819 953
str6_mask.png 84718 300 1143 945
str6_mask.png 85102 301 1341 809
str6_mask.png 85269 302 1347 711
str6_mask.png 85485 303 1457 553
str6_mask.png 85985 304 1452 384
str6_mask.png 86419 305 1214 166
str6_mask.png 86569 306 1190 158
str6_mask.png 86669 307 938 134
str6_mask.png 87085 308 932 174
str6_mask.png 87469 309 911 577
str6_mask.png 88019 310 902 612
str6_mask.png 88589 311 923 557
str6_mask.png 88805 312 908 564
str6_mask.png 89055 313 942 589
str6_mask.png 89772 314 978 597
#28
str6_mask.png 123902 380 976 194
str6_mask.png 124152 381 753 180
str6_mask.png 124452 382 505 187
str6_mask.png 124802 383 474 177
str6_mask.png 125252 384 371 510
str6_mask.png 125452 385 426 594
str6_mask.png 125885 386 549 844
str6_mask.png 126218 387 514 845
str6_mask.png 126501 388 430 652
str6_mask.png 126835 389 1292 235
str6_mask.png 127085 390 1521 328
str6_mask.png 127235 391 1465 347
str6_mask.png 127402 392 1519 500
str6_mask.png 127652 393 1493 531
str6_mask.png 128552 394 1533 552
str6_mask.png 128869 395 1205 692
str6_mask.png 129252 396 1376 723
str6_mask.png 129585 397 1356 699
str6_mask.png 129752 398 855 383
str6_mask.png 130669 399 544 247
str6_mask.png 131052 400 743 202
str6_mask.png 131485 401 984 152
str6_mask.png 131902 402 1090 938
str6_mask.png 132202 403 832 947
str6_mask.png 132368 404 1109 905
str6_mask.png 132885 405 777 929
str6_mask.png 133135 406 575 862
str6_mask.png 133577 407 1052 575
#29
str6_mask.png 125970 399 870 260
str6_mask.png 126171 400 984 117
str6_mask.png 126471 401 1017 93
str6_mask.png 126687 402 1252 109
str6_mask.png 126954 403 1302 133
str6_mask.png 127337 404 1232 168
str6_mask.png 127621 405 1385 367
str6_mask.png 127838 406 1403 337
str6_mask.png 128038 407 1490 501
str6_mask.png 128271 408 1447 540
str6_mask.png 128671 409 1384 745
str6_mask.png 128971 410 1335 713
str6_mask.png 129571 411 1062 905
str6_mask.png 129921 412 979 938
str6_mask.png 130121 413 766 963
str6_mask.png 130354 414 1070 933
str6_mask.png 130738 415 757 958
str6_mask.png 131354 416 521 865
str6_mask.png 131537 417 479 867
str6_mask.png 131704 418 399 658
str6_mask.png 131937 419 392 597
str6_mask.png 132437 420 435 425
str6_mask.png 132954 421 527 264
str6_mask.png 133237 422 524 212
str6_mask.png 133521 423 766 217
str6_mask.png 133987 424 800 206
str6_mask.png 134237 425 1027 170
str6_mask.png 134570 426 1318 183
str6_mask.png 135137 427 1511 347
str6_mask.png 135221 428 1438 370
str6_mask.png 135371 429 1475 542
str6_mask.png 135704 430 1308 779
#30
str6_mask.png 111392 393 568 253
str6_mask.png 111575 394 617 228
str6_mask.png 111742 395 514 221
str6_mask.png 112025 396 784 181
str6_mask.png 112242 397 1048 112
str6_mask.png 112508 398 1290 153
str6_mask.png 112692 399 1259 169
str6_mask.png 112859 400 1318 198
str6_mask.png 113009 401 1447 354
str6_mask.png 113392 402 1522 537
str6_mask.png 113876 403 1447 570
str6_mask.png 114126 404 1409 775
str6_mask.png 114459 405 1344 719
str6_mask.png 114576 406 1497 564
str6_mask.png 114842 407 828 922
str6_mask.png 115076 408 543 896
str6_mask.png 115358 409 385 626
str6_mask.png 115675 410 418 611
str6_mask.png 115858 411 474 375
str6_mask.png 116025 412 526 255
str6_mask.png 116242 413 410 484
str6_mask.png 116375 414 597 901
str6_mask.png 116608 415 512 871
str6_mask.png 116758 416 780 982
str6_mask.png 117042 417 1118 954
str6_mask.png 117375 418 793 967
str6_mask.png 117658 419 826 956
str6_mask.png 117842 420 1140 955
str6_mask.png 118092 421 1223 963
str6_mask.png 118325 422 409 668
str6_mask.png 118592 423 398 471
str6_mask.png 118858 424 511 372
str6_mask.png 119075 425 542 234
str6_mask.png 119375 426 434 417
str6_mask.png 119658 427 1425 533
str6_mask.png 119875 428 1491 542
str6_mask.png 120209 429 1435 286
str6_mask.png 120375 430 1272 221
str6_mask.png 120942 431 446 481
#31
str6_mask.png 104943 374 970 408
str6_mask.png 105216 375 726 145
str6_mask.png 105433 376 436 195
str6_mask.png 105566 377 494 238
str6_mask.png 105716 378 391 451
str6_mask.png 106150 379 808 157
str6_mask.png 106350 380 776 155
str6_mask.png 106553 381 1015 86
str6_mask.png 106853 382 1296 143
str6_mask.png 107154 383 1236 136
str6_mask.png 107337 384 1493 324
str6_mask.png 107471 385 1435 356
str6_mask.png 107671 386 1497 542
str6_mask.png 108154 387 1462 554
str6_mask.png 108355 388 1363 740
str6_mask.png 108655 389 1347 688
str6_mask.png 108971 390 815 905
str6_mask.png 109305 391 525 866
str6_mask.png 109538 392 387 641
str6_mask.png 109638 393 404 625
str6_mask.png 109754 394 398 587
str6_mask.png 110221 395 412 638
str6_mask.png 110587 396 403 668
str6_mask.png 110754 397 1029 932
str6_mask.png 111271 398 783 893
str6_mask.png 111471 399 1142 937
str6_mask.png 111621 400 1269 251
str6_mask.png 111804 401 1186 155
str6_mask.png 111938 402 1162 178
str6_mask.png 112055 403 1246 167
str6_mask.png 112271 404 799 135
str6_mask.png 112521 405 739 137
str6_mask.png 112888 406 560 249
str6_mask.png 113205 407 481 243
str6_mask.png 113354 408 534 273
str6_mask.png 113471 409 414 466
str6_mask.png 113871 410 581 537
str6_mask.png 114071 411 416 637
str6_mask.png 114890 412 461 317
#32
str6_mask.png 103982 342 1006 160
str6_mask.png 104199 343 1034 66
str6_mask.png 104432 344 806 125
str6_mask.png 104582 345 792 104
str6_mask.png 104750 346 1009 150
str6_mask.png 105019 347 1035 70
str6_mask.png 105386 348 1248 157
str6_mask.png 105752 349 1279 144
str6_mask.png 105952 350 1483 286
str6_mask.png 106103 351 1440 286
str6_mask.png 106454 352 1440 330
str6_mask.png 106720 353 1509 505
str6_mask.png 107103 354 1473 521
str6_mask.png 107403 355 1415 614
str6_mask.png 107570 356 1390 715
str6_mask.png 107970 357 1381 694
str6_mask.png 108720 358 1097 882
str6_mask.png 109153 359 999 906
str6_mask.png 109353 360 814 928
str6_mask.png 109487 361 602 844
str6_mask.png 109886 362 818 926
str6_mask.png 110253 363 576 778
str6_mask.png 110436 364 448 629
str6_mask.png 110820 365 445 584
str6_mask.png 111170 366 483 374
str6_mask.png 111286 367 492 431
str6_mask.png 111486 368 518 222
str6_mask.png 111803 369 480 463
str6_mask.png 112188 370 546 163
str6_mask.png 112438 371 760 159
str6_mask.png 113240 372 534 166
str6_mask.png 113525 373 539 181
#33
str6_mask.png 141966 394 1031 368
str6_mask.png 142700 395 1546 427
str6_mask.png 142917 396 1526 457
str6_mask.png 144816 397 1512 430
str6_mask.png 145383 398 1521 417
str6_mask.png 146016 399 1514 439
str6_mask.png 147166 400 1496 356
str6_mask.png 147416 401 1278 54
str6_mask.png 147666 402 1218 58
str6_mask.png 148000 403 1332 115
str6_mask.png 148116 404 1229 86
str6_mask.png 148350 405 1268 40
str6_mask.png 148766 406 357 560
str6_mask.png 148885 407 416 491
str6_mask.png 149085 408 1332 83
str6_mask.png 149285 409 448 473
str6_mask.png 149436 410 402 482
str6_mask.png 150240 411 566 707
str6_mask.png 150473 412 1224 51
str6_mask.png 150740 413 1330 2
str6_mask.png 151506 415 1365 162
str6_mask.png 151640 416 1358 139
#34
str6_mask.png 95295 288 523 363
str6_mask.png 95395 289 473 411
str6_mask.png 95795 290 443 638
str6_mask.png 96012 291 986 905
str6_mask.png 96361 292 1318 779
str6_mask.png 96445 293 1436 777
str6_mask.png 96695 294 1481 396
str6_mask.png 97279 295 1005 185
str6_mask.png 97445 296 748 189
str6_mask.png 97645 297 758 199
str6_mask.png 99096 302 945 640
str6_mask.png 99749 303 761 916
str6_mask.png 99849 304 784 935
str6_mask.png 99999 305 590 916
str6_mask.png 100182 306 569 901
str6_mask.png 100332 307 500 884
str6_mask.png 100482 308 528 877
str6_mask.png 100665 309 828 939
str6_mask.png 101131 310 964 908
str6_mask.png 101718 311 992 917
str6_mask.png 101938 312 905 711
str6_mask.png 103405 313 935 738
str6_mask.png 103939 314 926 752
str6_mask.png 104275 315 956 809
#35
str6_mask.png 105331 356 788 152
str6_mask.png 105515 357 999 91
str6_mask.png 105731 358 1271 156
str6_mask.png 106081 359 1487 297
str6_mask.png 106265 360 1451 577
str6_mask.png 106515 361 1333 753
str6_mask.png 106815 362 936 948
str6_mask.png 107099 363 629 900
str6_mask.png 107332 364 453 854
str6_mask.png 107498 365 754 955
str6_mask.png 107748 366 1005 944
str6_mask.png 108048 367 784 969
str6_mask.png 108281 368 374 495
str6_mask.png 108515 369 359 422
str6_mask.png 108648 370 507 245
str6_mask.png 108948 371 733 169
str6_mask.png 109231 372 982 139
str6_mask.png 109464 373 770 185
str6_mask.png 109681 374 1253 175
str6_mask.png 110048 375 928 1002
str6_mask.png 110315 376 901 962
str6_mask.png 110565 377 973 951
str6_mask.png 110882 378 1160 958
str6_mask.png 111265 379 756 968
str6_mask.png 111665 380 808 958
str6_mask.png 112032 381 718 963
str6_mask.png 112465 382 799 946
str6_mask.png 113265 383 689 785
str6_mask.png 113648 384 919 703
str6_mask.png 113865 385 1231 690
str6_mask.png 114115 386 844 551
str6_mask.png 114465 387 871 124
str6_mask.png 114632 388 696 84
str6_mask.png 114882 389 703 157
#36
str6_mask.png 115692 375 985 538
str6_mask.png 116048 376 933 207
str6_mask.png 116515 377 1215 113
str6_mask.png 116715 378 1069 83
str6_mask.png 116865 379 1295 96
str6_mask.png 117232 380 1419 190
str6_mask.png 117398 381 1529 314
str6_mask.png 117498 382 1546 296
str6_mask.png 117615 383 1491 722
str6_mask.png 117965 384 1184 929
str6_mask.png 118565 385 720 951
str6_mask.png 118731 386 609 868
str6_mask.png 118964 387 419 512
str6_mask.png 119231 388 425 369
str6_mask.png 119381 389 520 215
str6_mask.png 119664 390 672 166
str6_mask.png 119848 391 741 143
str6_mask.png 120198 392 464 677
str6_mask.png 120298 393 463 649
str6_mask.png 121018 394 1298 501
str6_mask.png 121385 395 1505 538
str6_mask.png 121901 396 1455 263
str6_mask.png 122375 397 1550 532
str6_mask.png 122924 398 1255 263
str6_mask.png 123224 399 1299 95
str6_mask.png 123458 400 1056 68
str6_mask.png 123591 401 1310 96
str6_mask.png 124058 402 1310 123
str6_mask.png 124458 403 1283 250
str6_mask.png 124876 404 978 172
str6_mask.png 125143 405 789 181
str6_mask.png 125226 406 788 203
str6_mask.png 125660 407 417 382
#37
str6_mask.png 88842 312 684 236
str6_mask.png 89059 313 1213 116
str6_mask.png 90092 314 1521 386
str6_mask.png 90458 315 1071 346
str6_mask.png 90958 316 589 211
str6_mask.png 91458 317 993 105
str6_mask.png 92209 318 1394 693
str6_mask.png 92576 319 1529 485
str6_mask.png 92892 320 1147 853
str6_mask.png 93059 321 626 865
str6_mask.png 93226 322 483 842
str6_mask.png 93325 323 539 835
str6_mask.png 93642 324 1506 521
str6_mask.png 94043 325 1457 310
str6_mask.png 94359 326 1518 478
str6_mask.png 94843 327 1259 106
str6_mask.png 95193 328 1200 104
str6_mask.png 95376 329 976 56
str6_mask.png 95742 330 389 491
str6_mask.png 95842 331 388 550
str6_mask.png 96126 332 465 314
str6_mask.png 96493 333 1377 390
str6_mask.png 96793 334 1383 750
str6_mask.png 97027 335 1137 891
str6_mask.png 97143 336 1142 921
str6_mask.png 97543 337 1418 588
str6_mask.png 98227 338 1121 434
str6_mask.png 98310 339 1122 407
str6_mask.png 98477 340 869 259
#38
str6_mask.png 97002 321 935 411
str6_mask.png 97364 322 1256 457
str6_mask.png 97797 323 1056 171
str6_mask.png 98080 324 1271 169
str6_mask.png 98264 325 1479 346
str6_mask.png 98480 326 1247 198
str6_mask.png 98764 327 1239 171
str6_mask.png 98964 328 563 214
str6_mask.png 99247 329 426 450
str6_mask.png 99514 330 406 552
str6_mask.png 99797 331 457 409
str6_mask.png 100197 332 1109 953
str6_mask.png 100414 333 837 955
str6_mask.png 100897 334 811 952
str6_mask.png 101164 335 1400 732
str6_mask.png 101297 336 1502 541
str6_mask.png 101531 337 1477 535
str6_mask.png 101664 338 1519 566
str6_mask.png 101898 339 1462 574
str6_mask.png 102164 340 1430 350
str6_mask.png 102448 341 1478 555
str6_mask.png 102698 342 492 665
str6_mask.png 102898 343 412 652
str6_mask.png 103080 344 436 635
str6_mask.png 103497 345 596 813
str6_mask.png 103847 346 1407 604
str6_mask.png 104530 347 1429 595
str6_mask.png 104830 348 1511 565
str6_mask.png 106630 349 1533 559
str6_mask.png 106914 350 1476 559
#39
str6_mask.png 97268 292 1207 51
str6_mask.png 97935 293 1452 266
str6_mask.png 98185 294 1406 286
str6_mask.png 98352 295 1514 479
str6_mask.png 98518 296 1494 485
str6_mask.png 98752 297 1394 728
str6_mask.png 98902 298 1370 686
str6_mask.png 99402 299 1386 766
str6_mask.png 99535 300 1079 938
str6_mask.png 99835 301 755 940
str6_mask.png 100018 302 472 859
str6_mask.png 100201 303 411 856
str6_mask.png 100936 304 483 825
str6_mask.png 101557 305 389 553
str6_mask.png 102207 306 354 552
str6_mask.png 102424 307 441 338
str6_mask.png 102640 308 341 593
str6_mask.png 103024 309 441 241
str6_mask.png 104574 310 1133 40
str6_mask.png 105191 311 1242 31
#40
str6_mask.png 99481 320 1039 298
str6_mask.png 99747 321 1032 116
str6_mask.png 100297 322 1063 62
str6_mask.png 100564 323 1278 94
str6_mask.png 100764 324 1179 124
str6_mask.png 101131 325 1188 141
str6_mask.png 101764 326 1247 113
str6_mask.png 102064 327 1434 298
str6_mask.png 102448 328 1426 293
str6_mask.png 102814 329 1467 502
str6_mask.png 103331 330 1382 705
str6_mask.png 103948 331 1137 884
str6_mask.png 104248 332 1068 896
str6_mask.png 104598 333 828 943
str6_mask.png 105064 334 627 842
str6_mask.png 105580 335 467 735
str6_mask.png 105897 336 425 642
str6_mask.png 106314 337 432 466
str6_mask.png 106914 338 537 227
str6_mask.png 107330 339 599 175
str6_mask.png 107480 340 771 137
str6_mask.png 107630 341 774 136
str6_mask.png 107814 342 1028 65
str6_mask.png 108014 343 1035 61
str6_mask.png 108280 344 1043 56
str6_mask.png 108714 345 1041 72
str6_mask.png 108847 346 1073 70
str6_mask.png 109047 347 1294 114
str6_mask.png 109198 348 1196 116
str6_mask.png 109331 349 1181 116
#41
str6_mask.png 92273 321 1086 246
str6_mask.png 92490 322 929 221
str6_mask.png 92723 323 1062 212
str6_mask.png 92939 324 1387 216
str6_mask.png 93057 325 1225 237
str6_mask.png 93290 326 1449 346
str6_mask.png 93640 327 1318 278
str6_mask.png 93923 328 1489 371
str6_mask.png 94390 329 1431 664
str6_mask.png 94623 330 1372 711
str6_mask.png 94840 331 1114 869
str6_mask.png 95290 332 647 964
str6_mask.png 95540 333 639 959
str6_mask.png 96007 334 247 806
str6_mask.png 96106 335 434 793
str6_mask.png 96273 336 310 648
str6_mask.png 96606 337 272 606
str6_mask.png 96790 338 356 393
str6_mask.png 97056 339 436 271
str6_mask.png 97473 340 800 230
str6_mask.png 97823 341 1044 217
str6_mask.png 98339 342 1334 237
str6_mask.png 98490 343 1189 265
str6_mask.png 98723 344 1491 439
str6_mask.png 99073 345 866 910
str6_mask.png 99273 346 615 926
str6_mask.png 99556 347 495 348
str6_mask.png 99756 348 780 258
str6_mask.png 100606 349 1212 253
str6_mask.png 100973 350 1007 349
str6_mask.png 101189 351 1208 260
str6_mask.png 101323 352 1224 233
str6_mask.png 101489 353 1057 256
str6_mask.png 101739 354 925 398
#42
str6_mask.png 106030 354 1115 886
str6_mask.png 106464 355 1391 714
str6_mask.png 106597 356 1369 688
str6_mask.png 106847 357 1466 502
str6_mask.png 107114 358 1529 492
str6_mask.png 107414 359 1502 488
str6_mask.png 107814 360 1431 291
str6_mask.png 108080 361 1279 130
str6_mask.png 108314 362 1240 104
str6_mask.png 108597 363 948 32
str6_mask.png 108797 364 459 152
str6_mask.png 108930 365 512 152
str6_mask.png 109080 366 560 182
str6_mask.png 109263 367 385 376
str6_mask.png 109463 368 407 558
str6_mask.png 109830 369 404 531
str6_mask.png 110213 370 549 806
str6_mask.png 110496 371 520 795
str6_mask.png 110730 372 772 869
str6_mask.png 110913 373 573 818
str6_mask.png 111146 374 503 788
str6_mask.png 111680 375 572 807
str6_mask.png 112030 376 765 49
str6_mask.png 112296 377 1005 36
str6_mask.png 112730 378 1073 887
str6_mask.png 112980 379 786 924
str6_mask.png 113163 380 526 794
str6_mask.png 113496 381 393 553
str6_mask.png 113746 382 1400 568
str6_mask.png 113930 383 1458 481
str6_mask.png 114247 384 1397 698
str6_mask.png 114713 385 1363 656
#43
