str7_ctwo.png 306712 1035 986 578
str7_ctwo.png 306927 1036 474 573
str7_ctwo.png 307161 1037 442 537
str7_ctwo.png 307344 1038 1453 536
str7_ctwo.png 307494 1039 1345 539
str7_ctwo.png 307661 1040 1394 524
str7_ctwo.png 307911 1041 1499 534
str7_ctwo.png 308161 1042 1494 533
str7_ctwo.png 308278 1043 1447 509
str7_ctwo.png 308544 1044 475 550
str7_ctwo.png 308694 1045 440 533
str7_ctwo.png 309895 1046 1398 538
str7_ctwo.png 310511 1047 1512 515
str7_ctwo.png 310711 1048 333 571
str7_ctwo.png 310827 1049 406 576
str7_ctwo.png 311061 1050 449 475
str7_ctwo.png 311428 1051 461 439
#1
str7_ctwo.png 362486 1247 773 426
str7_ctwo.png 362753 1248 435 453
str7_ctwo.png 363036 1249 474 433
str7_ctwo.png 363119 1250 471 438
str7_ctwo.png 363269 1251 505 559
str7_ctwo.png 363419 1252 505 541
str7_ctwo.png 363603 1253 1391 506
str7_ctwo.png 363753 1254 1331 513
str7_ctwo.png 363853 1255 1399 477
str7_ctwo.png 364636 1256 1465 416
str7_ctwo.png 364936 1257 1421 429
str7_ctwo.png 365153 1258 1323 627
str7_ctwo.png 365503 1259 1367 592
str7_ctwo.png 365703 1260 1397 543
str7_ctwo.png 365886 1261 1356 469
str7_ctwo.png 366236 1262 1394 457
str7_ctwo.png 366586 1263 1443 425
str7_ctwo.png 366803 1264 1388 445
str7_ctwo.png 367003 1265 397 461
str7_ctwo.png 367136 1266 501 504
str7_ctwo.png 367269 1267 452 441
#2
str7_ctwo.png 300026 853 954 508
str7_ctwo.png 300576 854 1323 443
str7_ctwo.png 300809 855 1329 445
str7_ctwo.png 301493 856 480 401
str7_ctwo.png 302126 857 1357 515
str7_ctwo.png 302326 858 1376 382
str7_ctwo.png 302593 859 1370 397
str7_ctwo.png 303276 860 473 410
str7_ctwo.png 304075 861 492 514
str7_ctwo.png 304392 862 486 505
str7_ctwo.png 304742 863 497 602
#3
str7_ctwo.png 339633 1091 527 419
str7_ctwo.png 340266 1092 467 530
str7_ctwo.png 340483 1093 491 542
str7_ctwo.png 340716 1094 1416 447
str7_ctwo.png 340933 1095 1403 445
str7_ctwo.png 341233 1096 1463 431
str7_ctwo.png 341567 1097 1439 568
str7_ctwo.png 341733 1098 1447 548
str7_ctwo.png 341917 1099 1350 564
str7_ctwo.png 342083 1100 1376 425
str7_ctwo.png 342333 1101 1410 408
str7_ctwo.png 342584 1102 457 440
str7_ctwo.png 342733 1103 528 410
str7_ctwo.png 343050 1104 508 555
str7_ctwo.png 343450 1105 501 552
str7_ctwo.png 343766 1106 482 399
str7_ctwo.png 343933 1107 539 398
str7_ctwo.png 344133 1108 512 393
#4
str7_ctwo.png 339345 869 948 439
str7_ctwo.png 339626 870 489 492
str7_ctwo.png 339809 871 513 499
str7_ctwo.png 339909 872 522 564
str7_ctwo.png 340442 873 1383 534
str7_ctwo.png 340659 874 1408 465
str7_ctwo.png 341059 875 1372 584
str7_ctwo.png 341226 876 1375 596
str7_ctwo.png 342026 877 1394 449
str7_ctwo.png 342392 878 1389 519
str7_ctwo.png 342909 879 506 407
str7_ctwo.png 343175 880 507 560
str7_ctwo.png 343942 881 1436 471
#5
str7_ctwo.png 331490 853 569 344
str7_ctwo.png 331724 854 610 417
str7_ctwo.png 332640 855 611 346
str7_ctwo.png 332990 856 1301 482
str7_ctwo.png 333208 857 1405 446
str7_ctwo.png 333441 858 1430 404
str7_ctwo.png 333957 859 1383 411
str7_ctwo.png 334141 860 1420 508
str7_ctwo.png 334674 861 1475 540
str7_ctwo.png 334842 862 1414 543
str7_ctwo.png 335176 863 1439 490
str7_ctwo.png 335642 864 1415 409
#6
str7_ctwo.png 365881 915 1406 528
str7_ctwo.png 366214 916 1468 521
str7_ctwo.png 366331 917 1451 520
str7_ctwo.png 366464 918 1429 475
str7_ctwo.png 367097 919 437 527
str7_ctwo.png 367347 920 439 462
str7_ctwo.png 367747 921 1442 533
str7_ctwo.png 368081 922 1444 452
str7_ctwo.png 368564 923 1409 492
#7
str7_ctwo.png 277037 665 521 433
str7_ctwo.png 277287 666 1401 464
str7_ctwo.png 277720 667 532 430
str7_ctwo.png 277904 668 486 416
str7_ctwo.png 278354 669 494 547
str7_ctwo.png 278570 670 480 404
str7_ctwo.png 279304 671 489 584
str7_ctwo.png 279420 672 484 499
str7_ctwo.png 279570 673 482 389
str7_ctwo.png 280387 674 535 460
str7_ctwo.png 280587 675 894 375
str7_ctwo.png 281020 676 764 519
str7_ctwo.png 281157 677 1031 522
str7_ctwo.png 281423 678 776 497
#8
str7_ctwo.png 335256 1005 708 365
str7_ctwo.png 335389 1006 397 408
str7_ctwo.png 335722 1007 1320 464
str7_ctwo.png 335972 1008 1411 427
str7_ctwo.png 336122 1009 1414 427
str7_ctwo.png 336439 1010 1399 529
str7_ctwo.png 336722 1011 1429 426
str7_ctwo.png 336872 1012 1389 514
str7_ctwo.png 337389 1013 1388 444
str7_ctwo.png 337489 1014 1471 417
str7_ctwo.png 337655 1015 1469 406
str7_ctwo.png 337822 1016 1384 451
str7_ctwo.png 338189 1017 445 439
str7_ctwo.png 338355 1018 400 426
str7_ctwo.png 338639 1019 392 563
str7_ctwo.png 339005 1020 401 453
str7_ctwo.png 339272 1021 375 549
str7_ctwo.png 339472 1022 397 432
str7_ctwo.png 339789 1023 1346 450
str7_ctwo.png 340155 1024 1469 439
#9
str7_ctwo.png 313915 709 1348 485
str7_ctwo.png 314265 710 1398 532
str7_ctwo.png 314949 711 490 485
str7_ctwo.png 316381 712 1337 499
str7_ctwo.png 316715 713 1425 507
str7_ctwo.png 316915 714 1403 512
#10
str7_ctwo.png 294723 911 772 495
str7_ctwo.png 295007 912 513 523
str7_ctwo.png 295156 913 562 490
str7_ctwo.png 295256 914 531 449
str7_ctwo.png 295978 915 1517 478
str7_ctwo.png 296098 916 1446 431
str7_ctwo.png 296336 917 1484 461
str7_ctwo.png 296553 918 1407 477
str7_ctwo.png 297003 919 536 468
str7_ctwo.png 297254 920 1548 433
str7_ctwo.png 297356 921 1456 468
str7_ctwo.png 297540 922 1490 448
str7_ctwo.png 298056 923 1374 471
str7_ctwo.png 298273 924 1431 471
str7_ctwo.png 298806 925 544 502
str7_ctwo.png 299023 926 530 445
str7_ctwo.png 299323 927 529 561
#11
str7_ctwo.png 337337 946 385 484
str7_ctwo.png 337503 947 469 438
str7_ctwo.png 337803 948 478 356
str7_ctwo.png 338203 949 487 309
str7_ctwo.png 338520 950 517 316
str7_ctwo.png 338703 951 1462 349
str7_ctwo.png 339087 952 1411 410
str7_ctwo.png 339337 953 1409 530
str7_ctwo.png 339754 954 1337 549
str7_ctwo.png 340070 955 1380 617
str7_ctwo.png 340670 956 1410 541
str7_ctwo.png 340804 957 1407 514
str7_ctwo.png 340920 958 1409 541
str7_ctwo.png 341037 959 1410 519
str7_ctwo.png 341437 960 1422 488
str7_ctwo.png 341687 961 1406 585
str7_ctwo.png 341904 962 1410 621
#12
str7_ctwo.png 344022 1064 545 461
str7_ctwo.png 344189 1065 1331 480
str7_ctwo.png 344272 1066 1348 467
str7_ctwo.png 344408 1067 1402 442
str7_ctwo.png 346208 1068 1379 427
str7_ctwo.png 346774 1069 497 475
str7_ctwo.png 347040 1070 514 405
#13
str7_ctwo.png 320904 882 1054 417
str7_ctwo.png 321176 883 535 462
str7_ctwo.png 321343 884 489 476
str7_ctwo.png 322193 885 1349 512
str7_ctwo.png 322660 886 1454 480
str7_ctwo.png 322927 887 1465 471
str7_ctwo.png 323214 888 1370 574
str7_ctwo.png 324035 889 1347 464
str7_ctwo.png 324552 890 476 466
str7_ctwo.png 324701 891 504 486
#14
str7_ctwo.png 422367 1190 519 362
str7_ctwo.png 423035 1191 510 356
str7_ctwo.png 423402 1192 515 438
str7_ctwo.png 423819 1193 1427 413
str7_ctwo.png 424103 1194 1468 402
str7_ctwo.png 424236 1195 1474 382
str7_ctwo.png 424436 1196 1449 377
str7_ctwo.png 424769 1197 448 414
str7_ctwo.png 424902 1198 539 379
str7_ctwo.png 425136 1199 503 459
str7_ctwo.png 425703 1200 1412 395
str7_ctwo.png 426036 1201 1454 384
str7_ctwo.png 426769 1202 1450 392
str7_ctwo.png 426853 1203 1455 367
#15
str7_ctwo.png 310423 1024 1435 512
str7_ctwo.png 310507 1025 1372 522
str7_ctwo.png 310690 1026 1373 474
str7_ctwo.png 311057 1027 508 506
str7_ctwo.png 311190 1028 517 489
str7_ctwo.png 311323 1029 473 447
str7_ctwo.png 311848 1030 1438 484
str7_ctwo.png 312018 1031 1391 500
str7_ctwo.png 312201 1032 1412 491
str7_ctwo.png 312768 1033 1361 465
str7_ctwo.png 313001 1034 1368 510
str7_ctwo.png 313402 1035 1381 544
str7_ctwo.png 313786 1036 1402 508
str7_ctwo.png 314285 1037 1456 524
str7_ctwo.png 314719 1038 1385 511
#16
str7_ctwo.png 327960 904 434 470
str7_ctwo.png 328344 905 481 467
str7_ctwo.png 328961 906 1460 454
str7_ctwo.png 329211 907 448 470
str7_ctwo.png 329344 908 484 468
str7_ctwo.png 329810 909 494 452
str7_ctwo.png 330861 910 1419 433
str7_ctwo.png 331449 911 975 287
str7_ctwo.png 332082 912 924 542
str7_ctwo.png 332466 913 962 481
#17
str7_ctwo.png 372842 1032 946 408
str7_ctwo.png 373556 1033 1400 455
str7_ctwo.png 374040 1034 497 411
str7_ctwo.png 374440 1035 1463 503
str7_ctwo.png 374673 1036 1407 461
str7_ctwo.png 374757 1037 1404 429
str7_ctwo.png 374940 1038 1407 475
str7_ctwo.png 375157 1039 1338 446
str7_ctwo.png 375490 1040 1251 575
str7_ctwo.png 375707 1041 1272 588
str7_ctwo.png 375823 1042 1280 594
str7_ctwo.png 375990 1043 1398 550
str7_ctwo.png 376773 1044 1370 511
str7_ctwo.png 377740 1045 1364 461
#18
str7_ctwo.png 300925 932 512 481
str7_ctwo.png 301325 933 1411 488
str7_ctwo.png 301776 934 1409 574
str7_ctwo.png 302126 935 1459 599
str7_ctwo.png 302475 936 1431 469
str7_ctwo.png 302826 937 1412 467
str7_ctwo.png 303425 938 513 505
str7_ctwo.png 303942 939 504 564
str7_ctwo.png 304275 940 493 590
str7_ctwo.png 304975 941 508 486
#19
str7_ctwo.png 282531 1011 815 428
str7_ctwo.png 282798 1012 557 468
str7_ctwo.png 283015 1013 1367 481
str7_ctwo.png 283166 1014 1355 519
str7_ctwo.png 283283 1015 1412 500
str7_ctwo.png 283616 1016 1435 477
str7_ctwo.png 284133 1017 518 457
str7_ctwo.png 284482 1018 503 434
str7_ctwo.png 284716 1019 1341 529
str7_ctwo.png 284850 1020 1418 484
str7_ctwo.png 285117 1021 1458 503
str7_ctwo.png 285633 1022 1381 497
str7_ctwo.png 285850 1023 1445 452
str7_ctwo.png 286533 1024 1482 545
str7_ctwo.png 286683 1025 1468 651
str7_ctwo.png 286833 1026 1331 654
str7_ctwo.png 287283 1027 1369 433
#20
str7_ctwo.png 287364 902 517 479
str7_ctwo.png 287964 903 474 574
str7_ctwo.png 288197 904 1414 562
str7_ctwo.png 288414 905 1446 476
str7_ctwo.png 288847 906 1494 424
str7_ctwo.png 288998 907 1466 429
str7_ctwo.png 289231 908 1354 452
str7_ctwo.png 289715 909 1297 784
str7_ctwo.png 289898 910 1410 428
str7_ctwo.png 290381 911 1345 452
str7_ctwo.png 290948 912 1399 444
str7_ctwo.png 291131 913 519 449
str7_ctwo.png 291364 914 435 425
str7_ctwo.png 291497 915 475 449
str7_ctwo.png 291797 916 497 471
str7_ctwo.png 291981 917 492 697
#21
str7_ctwo.png 300656 920 555 474
str7_ctwo.png 300822 921 483 431
str7_ctwo.png 301072 922 451 437
str7_ctwo.png 301406 923 491 478
str7_ctwo.png 301539 924 474 553
str7_ctwo.png 301989 925 455 432
str7_ctwo.png 302289 926 1389 479
str7_ctwo.png 302440 927 1411 464
str7_ctwo.png 302723 928 1345 569
str7_ctwo.png 302906 929 1404 512
str7_ctwo.png 303173 930 1451 510
str7_ctwo.png 303340 931 1410 562
str7_ctwo.png 303573 932 1474 443
str7_ctwo.png 303873 933 1466 422
str7_ctwo.png 304290 934 1367 467
str7_ctwo.png 304490 935 1321 599
str7_ctwo.png 304939 936 1155 548
#22
str7_ctwo.png 279307 860 1022 426
str7_ctwo.png 279557 861 510 444
str7_ctwo.png 279840 862 474 494
str7_ctwo.png 280190 863 515 476
str7_ctwo.png 280490 864 487 474
str7_ctwo.png 280790 865 1332 533
str7_ctwo.png 281024 866 1430 512
str7_ctwo.png 281258 867 1433 456
str7_ctwo.png 281658 868 1446 440
str7_ctwo.png 282462 869 1341 427
str7_ctwo.png 282962 870 1334 547
str7_ctwo.png 283379 871 1448 539
str7_ctwo.png 283596 872 1495 524
str7_ctwo.png 283962 873 1487 550
#23
str7_ctwo.png 357559 1139 916 424
str7_ctwo.png 357658 1140 895 421
str7_ctwo.png 357879 1141 1392 494
str7_ctwo.png 358117 1142 1457 492
str7_ctwo.png 358355 1143 494 459
str7_ctwo.png 358678 1144 463 434
str7_ctwo.png 359512 1145 484 589
str7_ctwo.png 359778 1146 461 591
str7_ctwo.png 360395 1147 1357 579
str7_ctwo.png 360695 1148 1459 617
str7_ctwo.png 360978 1149 1439 519
str7_ctwo.png 361211 1150 1343 464
str7_ctwo.png 361562 1151 1402 551
str7_ctwo.png 361662 1152 1432 469
str7_ctwo.png 361911 1153 1483 428
str7_ctwo.png 362561 1154 1532 514
#24
str7_ctwo.png 276357 833 949 352
str7_ctwo.png 276607 834 1390 412
str7_ctwo.png 276857 835 1440 419
str7_ctwo.png 277240 836 1451 458
str7_ctwo.png 277507 837 1483 379
str7_ctwo.png 278006 838 495 401
str7_ctwo.png 278189 839 499 480
str7_ctwo.png 278423 840 515 371
str7_ctwo.png 279089 841 508 372
str7_ctwo.png 279257 842 500 466
str7_ctwo.png 279741 843 516 372
str7_ctwo.png 280074 844 1478 470
str7_ctwo.png 280225 845 1337 514
str7_ctwo.png 280408 846 1415 436
str7_ctwo.png 280808 847 469 460
str7_ctwo.png 280957 848 537 430
#25
str7_ctwo.png 303841 888 1017 491
str7_ctwo.png 304211 889 958 491
str7_ctwo.png 304361 890 872 514
str7_ctwo.png 304544 891 929 463
str7_ctwo.png 305311 892 899 490
str7_ctwo.png 305877 893 950 432
str7_ctwo.png 306277 894 900 446
str7_ctwo.png 306711 895 918 472
str7_ctwo.png 306927 896 908 474
str7_ctwo.png 307344 897 863 454
str7_ctwo.png 307477 898 874 430
str7_ctwo.png 307777 899 917 385
str7_ctwo.png 307961 900 890 496
str7_ctwo.png 308078 901 906 515
str7_ctwo.png 308395 902 958 466
str7_ctwo.png 308795 903 936 474
#26
str7_ctwo.png 342116 1092 449 508
str7_ctwo.png 342483 1093 1404 497
str7_ctwo.png 343134 1094 1470 448
str7_ctwo.png 343584 1095 1394 470
str7_ctwo.png 344168 1096 449 439
str7_ctwo.png 344718 1097 431 627
str7_ctwo.png 346104 1098 1344 580
str7_ctwo.png 346387 1099 1493 502
str7_ctwo.png 346538 1100 1376 509
#27
str7_ctwo.png 289833 919 470 495
str7_ctwo.png 289949 920 558 415
str7_ctwo.png 290333 921 562 376
str7_ctwo.png 290600 922 551 393
str7_ctwo.png 290833 923 1397 469
str7_ctwo.png 290917 924 1355 473
str7_ctwo.png 291167 925 1415 446
str7_ctwo.png 291750 926 1454 403
str7_ctwo.png 291917 927 1452 422
str7_ctwo.png 292400 928 1336 411
str7_ctwo.png 293124 929 547 419
str7_ctwo.png 293424 930 550 391
str7_ctwo.png 293690 931 1017 433
str7_ctwo.png 293857 932 1019 440
str7_ctwo.png 294324 933 1006 402
#28
str7_ctwo.png 388932 1168 997 412
str7_ctwo.png 389182 1169 489 416
str7_ctwo.png 389782 1170 480 429
str7_ctwo.png 390299 1171 1362 443
str7_ctwo.png 390465 1172 1406 458
str7_ctwo.png 390682 1173 1462 462
str7_ctwo.png 391482 1174 1549 417
str7_ctwo.png 391634 1175 1485 441
str7_ctwo.png 391801 1176 1437 451
str7_ctwo.png 392267 1177 1393 607
str7_ctwo.png 392484 1178 1435 555
str7_ctwo.png 392634 1179 1427 520
str7_ctwo.png 392901 1180 1433 460
str7_ctwo.png 393017 1181 1444 439
str7_ctwo.png 393334 1182 1375 470
str7_ctwo.png 393784 1183 1329 518
str7_ctwo.png 393917 1184 1457 589
#29
str7_ctwo.png 338492 996 1088 440
str7_ctwo.png 338842 997 518 488
str7_ctwo.png 339059 998 1465 501
str7_ctwo.png 339159 999 1417 503
str7_ctwo.png 339359 1000 1380 468
str7_ctwo.png 339593 1001 1422 462
str7_ctwo.png 339826 1002 1392 482
str7_ctwo.png 340109 1003 1387 579
str7_ctwo.png 340409 1004 1479 419
str7_ctwo.png 340743 1005 1453 418
str7_ctwo.png 341093 1006 402 489
str7_ctwo.png 341192 1007 469 517
str7_ctwo.png 341292 1008 502 473
str7_ctwo.png 341692 1009 488 602
str7_ctwo.png 342242 1010 497 610
str7_ctwo.png 342885 1011 1494 485
str7_ctwo.png 342989 1012 1437 503
str7_ctwo.png 343156 1013 1363 578
#30
str7_ctwo.png 320392 1055 1404 528
str7_ctwo.png 320875 1056 1425 493
str7_ctwo.png 321125 1057 1479 447
str7_ctwo.png 321325 1058 1475 428
str7_ctwo.png 323558 1059 1478 417
str7_ctwo.png 324058 1060 1496 431
str7_ctwo.png 324903 1061 431 408
str7_ctwo.png 325025 1062 484 415
#31
str7_ctwo.png 311467 1018 519 499
str7_ctwo.png 311700 1019 1423 481
str7_ctwo.png 311851 1020 1396 492
str7_ctwo.png 312468 1021 1387 490
str7_ctwo.png 312853 1022 1331 360
str7_ctwo.png 313136 1023 1385 478
str7_ctwo.png 313719 1024 1371 467
str7_ctwo.png 314504 1025 474 460
str7_ctwo.png 314754 1026 497 475
str7_ctwo.png 314937 1027 476 552
str7_ctwo.png 315321 1028 479 532
str7_ctwo.png 315455 1029 486 458
str7_ctwo.png 315788 1030 473 487
#32
str7_ctwo.png 319782 1077 884 447
str7_ctwo.png 319915 1078 523 469
str7_ctwo.png 320215 1079 562 445
str7_ctwo.png 320383 1080 1388 447
str7_ctwo.png 320500 1081 1362 417
str7_ctwo.png 320700 1082 1441 413
str7_ctwo.png 320917 1083 1413 429
str7_ctwo.png 321217 1084 1446 390
str7_ctwo.png 321467 1085 431 428
str7_ctwo.png 321667 1086 507 428
str7_ctwo.png 322317 1087 520 604
str7_ctwo.png 323034 1088 681 436
str7_ctwo.png 323234 1089 1329 441
str7_ctwo.png 323417 1090 1391 439
str7_ctwo.png 323568 1091 1353 422
str7_ctwo.png 324568 1092 526 467
#33
str7_ctwo.png 392260 998 1055 850
str7_ctwo.png 393254 999 1429 364
str7_ctwo.png 393487 1000 479 358
str7_ctwo.png 393754 1001 433 369
str7_ctwo.png 393971 1002 1396 393
str7_ctwo.png 394321 1003 1470 341
str7_ctwo.png 394687 1004 1366 440
str7_ctwo.png 394904 1005 1413 515
str7_ctwo.png 395537 1006 1417 321
str7_ctwo.png 395754 1007 1393 360
str7_ctwo.png 396054 1008 1475 359
str7_ctwo.png 396287 1009 1418 394
str7_ctwo.png 397154 1010 1103 412
str7_ctwo.png 397287 1011 1434 400
#34
str7_ctwo.png 306706 889 1406 476
str7_ctwo.png 306840 890 1386 497
str7_ctwo.png 307057 891 1419 457
str7_ctwo.png 307640 892 1489 425
str7_ctwo.png 307974 893 1345 492
str7_ctwo.png 308140 894 502 502
str7_ctwo.png 308306 895 541 474
str7_ctwo.png 308606 896 528 468
str7_ctwo.png 308990 897 1411 478
str7_ctwo.png 309741 898 1451 466
str7_ctwo.png 310357 899 540 463
str7_ctwo.png 310607 900 543 620
#35
str7_ctwo.png 307363 1024 646 459
str7_ctwo.png 307496 1025 476 419
str7_ctwo.png 308546 1026 447 496
str7_ctwo.png 308829 1027 1368 462
str7_ctwo.png 309030 1028 1388 453
str7_ctwo.png 309363 1029 1457 445
str7_ctwo.png 309530 1030 1386 570
str7_ctwo.png 309930 1031 450 448
str7_ctwo.png 310063 1032 490 458
str7_ctwo.png 310229 1033 456 554
str7_ctwo.png 310496 1034 458 582
str7_ctwo.png 311679 1035 471 419
#36
str7_ctwo.png 329676 1012 1013 497
str7_ctwo.png 330043 1013 1402 468
str7_ctwo.png 330276 1014 554 475
str7_ctwo.png 330726 1015 1443 496
str7_ctwo.png 330893 1016 1457 513
str7_ctwo.png 330977 1017 1473 503
str7_ctwo.png 331193 1018 1467 492
str7_ctwo.png 331743 1019 1474 468
str7_ctwo.png 332410 1020 1458 489
str7_ctwo.png 332743 1021 534 433
str7_ctwo.png 333512 1022 528 470
str7_ctwo.png 333612 1023 532 440
str7_ctwo.png 333762 1024 526 452
str7_ctwo.png 334296 1025 1360 498
#37
str7_ctwo.png 303054 984 1297 476
str7_ctwo.png 303404 985 412 490
str7_ctwo.png 303487 986 494 499
str7_ctwo.png 303687 987 465 449
str7_ctwo.png 303904 988 476 436
str7_ctwo.png 304220 989 1448 483
str7_ctwo.png 304471 990 1369 429
str7_ctwo.png 304588 991 1356 461
str7_ctwo.png 305021 992 465 461
str7_ctwo.png 305805 993 1192 500
str7_ctwo.png 306637 994 580 473
str7_ctwo.png 306888 995 589 477
str7_ctwo.png 307438 996 1397 481
#38
str7_ctwo.png 306412 858 1384 532
str7_ctwo.png 307428 859 504 483
str7_ctwo.png 307845 860 477 623
str7_ctwo.png 308511 861 471 420
str7_ctwo.png 308695 862 473 620
str7_ctwo.png 309128 863 1335 610
str7_ctwo.png 309378 864 1405 595
str7_ctwo.png 309562 865 1438 431
str7_ctwo.png 309778 866 1411 445
str7_ctwo.png 309961 867 1384 581
str7_ctwo.png 310195 868 1372 615
str7_ctwo.png 310445 869 1433 561
str7_ctwo.png 310645 870 1464 412
str7_ctwo.png 310928 871 1410 474
#39
str7_ctwo.png 285675 725 1397 377
str7_ctwo.png 286075 726 1396 349
str7_ctwo.png 286292 727 354 387
str7_ctwo.png 286709 728 1414 381
str7_ctwo.png 287542 729 505 361
str7_ctwo.png 288125 730 409 461
str7_ctwo.png 288425 731 1299 349
str7_ctwo.png 288876 732 1360 358
str7_ctwo.png 289127 733 443 375
str7_ctwo.png 289277 734 556 387
str7_ctwo.png 289577 735 908 434
str7_ctwo.png 289910 736 926 417
#40
str7_ctwo.png 313687 935 1363 411
str7_ctwo.png 314104 936 1448 389
str7_ctwo.png 314453 937 1426 426
str7_ctwo.png 315036 938 541 419
str7_ctwo.png 315270 939 470 819
str7_ctwo.png 315403 940 532 420
str7_ctwo.png 316055 941 1339 433
str7_ctwo.png 316505 942 1331 444
str7_ctwo.png 316940 943 1098 449
str7_ctwo.png 317741 944 1367 412
str7_ctwo.png 318174 945 1360 414
#41
str7_ctwo.png 285805 775 969 571
str7_ctwo.png 286155 776 500 527
str7_ctwo.png 286515 777 419 526
str7_ctwo.png 287777 778 424 540
str7_ctwo.png 289144 779 1353 556
#42
str7_ctwo.png 314080 997 503 445
str7_ctwo.png 314230 998 480 446
str7_ctwo.png 314330 999 481 356
str7_ctwo.png 314547 1000 1358 400
str7_ctwo.png 314714 1001 1394 407
str7_ctwo.png 315014 1002 1418 378
str7_ctwo.png 315298 1003 469 379
str7_ctwo.png 315414 1004 502 378
str7_ctwo.png 315630 1005 480 365
str7_ctwo.png 315847 1006 477 527
str7_ctwo.png 316914 1007 1352 579
str7_ctwo.png 317431 1008 1394 401
str7_ctwo.png 317731 1009 1363 379
str7_ctwo.png 318331 1010 1475 334
str7_ctwo.png 318581 1011 1448 350
str7_ctwo.png 318814 1012 1380 531
#43
