str7_mask.png 114244 364 1307 429
str7_mask.png 114445 365 1108 272
str7_mask.png 114628 366 873 199
str7_mask.png 114779 367 842 162
str7_mask.png 114962 368 838 140
str7_mask.png 115229 369 1057 226
str7_mask.png 115599 370 1059 253
str7_mask.png 115949 371 1294 356
str7_mask.png 116549 372 1313 395
str7_mask.png 116782 373 1337 408
str7_mask.png 117015 374 1511 557
str7_mask.png 117265 375 1521 612
str7_mask.png 117482 376 1440 778
str7_mask.png 117965 377 1456 776
str7_mask.png 118199 378 1403 792
str7_mask.png 118615 379 1230 889
str7_mask.png 118815 380 1189 937
str7_mask.png 119049 381 1063 921
str7_mask.png 119349 382 911 944
str7_mask.png 119515 383 854 901
str7_mask.png 119782 384 878 931
str7_mask.png 120215 385 640 935
str7_mask.png 120382 386 603 927
str7_mask.png 120648 387 605 882
str7_mask.png 120881 388 631 879
str7_mask.png 121015 389 951 937
str7_mask.png 121331 390 1206 930
str7_mask.png 121498 391 1282 926
str7_mask.png 121665 392 1189 924
str7_mask.png 122015 393 940 934
str7_mask.png 122265 394 603 911
str7_mask.png 122465 395 500 842
str7_mask.png 122681 396 420 779
str7_mask.png 122898 397 374 756
str7_mask.png 123315 398 325 614
str7_mask.png 123515 399 317 541
str7_mask.png 123965 400 325 523
#1
str7_mask.png 145588 479 834 426
str7_mask.png 145821 480 594 186
str7_mask.png 146088 481 844 128
str7_mask.png 146621 482 829 73
str7_mask.png 146771 483 829 64
str7_mask.png 147004 484 552 166
str7_mask.png 147104 485 637 193
str7_mask.png 147237 486 652 278
str7_mask.png 147487 487 463 319
str7_mask.png 147737 488 501 407
str7_mask.png 147870 489 350 521
str7_mask.png 148204 490 380 707
str7_mask.png 148470 491 428 754
str7_mask.png 148770 492 642 953
str7_mask.png 148920 493 635 935
str7_mask.png 149054 494 607 931
str7_mask.png 149270 495 750 925
str7_mask.png 149554 496 940 1000
str7_mask.png 149854 497 979 1034
str7_mask.png 150104 498 1181 952
str7_mask.png 150503 499 1205 966
str7_mask.png 150654 500 1416 787
str7_mask.png 150787 501 1362 792
str7_mask.png 151054 502 1400 757
str7_mask.png 151471 503 1402 812
str7_mask.png 151721 504 1408 773
str7_mask.png 151954 505 1417 736
str7_mask.png 152187 506 1366 687
str7_mask.png 152587 507 1462 553
str7_mask.png 153054 508 1501 527
str7_mask.png 153254 509 1320 349
str7_mask.png 153637 510 1271 335
str7_mask.png 154021 511 1296 404
str7_mask.png 154404 512 1278 321
str7_mask.png 154587 513 1100 182
str7_mask.png 155137 514 851 130
str7_mask.png 155437 515 858 209
#2
str7_mask.png 96537 280 749 292
str7_mask.png 96820 281 648 153
str7_mask.png 97203 282 1251 212
str7_mask.png 97337 283 1241 221
str7_mask.png 97803 284 589 135
str7_mask.png 98020 285 636 124
str7_mask.png 98770 286 1187 157
str7_mask.png 99053 287 1279 303
str7_mask.png 99320 288 1102 140
str7_mask.png 99637 289 878 82
str7_mask.png 99987 290 1272 249
str7_mask.png 100271 291 1432 487
str7_mask.png 100487 292 1310 730
str7_mask.png 100704 293 947 905
str7_mask.png 101220 294 752 849
str7_mask.png 101453 295 432 626
str7_mask.png 101587 296 666 788
str7_mask.png 101870 297 1001 269
str7_mask.png 101987 298 1291 272
str7_mask.png 102104 299 1262 290
str7_mask.png 102387 300 1264 310
str7_mask.png 102554 301 1369 705
str7_mask.png 102954 302 1430 484
str7_mask.png 103137 303 1335 667
str7_mask.png 103470 304 1445 482
str7_mask.png 103820 305 1330 656
str7_mask.png 104204 306 1379 686
str7_mask.png 104787 307 1132 863
str7_mask.png 105037 308 916 907
str7_mask.png 105304 309 1353 683
str7_mask.png 105670 310 1339 678
str7_mask.png 106270 311 443 193
str7_mask.png 106403 312 635 164
#3
str7_mask.png 137015 462 1054 364
str7_mask.png 137553 463 846 96
str7_mask.png 137787 464 854 98
str7_mask.png 138520 465 511 257
str7_mask.png 139036 466 414 438
str7_mask.png 139703 467 445 595
str7_mask.png 139970 468 462 639
str7_mask.png 140553 469 663 852
str7_mask.png 141020 470 983 895
str7_mask.png 141470 471 928 881
str7_mask.png 141686 472 1263 815
str7_mask.png 142003 473 1378 719
str7_mask.png 142237 474 1476 516
str7_mask.png 142487 475 1534 472
str7_mask.png 142970 476 1375 277
str7_mask.png 143204 477 1351 254
str7_mask.png 143387 478 1141 172
str7_mask.png 143487 479 1123 153
str7_mask.png 143820 480 909 82
str7_mask.png 144070 481 906 111
str7_mask.png 144487 482 689 108
str7_mask.png 144687 483 477 312
str7_mask.png 144937 484 410 492
str7_mask.png 145220 485 486 666
str7_mask.png 145503 486 716 857
str7_mask.png 145787 487 1052 882
str7_mask.png 146020 488 1409 660
str7_mask.png 146204 489 1462 391
str7_mask.png 146470 490 1362 282
str7_mask.png 146804 491 1059 155
str7_mask.png 147037 492 919 117
#4
str7_mask.png 124745 288 499 434
str7_mask.png 124978 289 522 385
str7_mask.png 126045 290 678 202
str7_mask.png 126378 291 884 966
str7_mask.png 126612 292 651 944
str7_mask.png 126762 293 480 771
str7_mask.png 127078 294 403 601
str7_mask.png 127328 295 934 956
str7_mask.png 127528 296 1156 962
str7_mask.png 127745 297 1403 751
str7_mask.png 128095 298 1321 384
str7_mask.png 128545 299 1084 206
str7_mask.png 128745 300 642 225
str7_mask.png 129079 301 831 200
str7_mask.png 129612 302 1307 780
str7_mask.png 129845 303 1371 774
str7_mask.png 130029 304 1454 572
str7_mask.png 130346 305 501 329
str7_mask.png 130495 306 545 372
str7_mask.png 130696 307 655 308
str7_mask.png 131029 308 1084 481
str7_mask.png 131196 309 1071 501
str7_mask.png 131279 310 1086 487
str7_mask.png 131412 311 1388 776
str7_mask.png 132129 312 670 247
str7_mask.png 132231 313 669 188
str7_mask.png 132449 314 536 353
str7_mask.png 132782 315 685 259
str7_mask.png 133198 316 1131 229
str7_mask.png 133382 317 1342 348
str7_mask.png 133615 318 1390 729
str7_mask.png 133865 319 1493 588
str7_mask.png 133999 320 1465 550
str7_mask.png 134183 321 1466 574
#5
str7_mask.png 120197 300 755 379
str7_mask.png 120480 301 506 150
str7_mask.png 120646 302 837 83
str7_mask.png 121047 303 299 193
str7_mask.png 121398 304 564 143
str7_mask.png 122566 305 1302 217
str7_mask.png 122799 306 1339 310
str7_mask.png 123549 307 1275 265
str7_mask.png 123649 308 1276 248
str7_mask.png 123949 309 1393 690
str7_mask.png 124316 310 1421 730
str7_mask.png 126269 311 960 916
str7_mask.png 126868 312 463 735
str7_mask.png 127118 313 497 699
str7_mask.png 127302 314 476 665
str7_mask.png 127602 315 419 489
str7_mask.png 128052 316 428 446
str7_mask.png 128235 317 398 452
str7_mask.png 129335 318 785 47
str7_mask.png 129602 319 743 120
str7_mask.png 129985 320 902 177
#6
str7_mask.png 132639 350 993 556
str7_mask.png 132989 351 693 239
str7_mask.png 133439 352 653 187
str7_mask.png 133605 353 665 142
str7_mask.png 133989 354 647 156
str7_mask.png 134439 355 646 173
str7_mask.png 134622 356 639 181
str7_mask.png 134755 357 644 162
str7_mask.png 135122 358 421 343
str7_mask.png 135322 359 418 347
str7_mask.png 135472 360 324 528
str7_mask.png 135922 361 382 623
str7_mask.png 136107 362 411 757
str7_mask.png 136640 363 764 950
str7_mask.png 136806 364 986 989
str7_mask.png 136923 365 1003 966
str7_mask.png 137790 366 1367 345
str7_mask.png 138474 367 1367 334
str7_mask.png 138975 368 1356 337
str7_mask.png 140224 369 869 168
str7_mask.png 141408 370 1498 551
str7_mask.png 141560 371 1425 553
str7_mask.png 141843 372 1340 374
str7_mask.png 142260 373 1356 364
#7
str7_mask.png 93833 236 868 475
str7_mask.png 94083 237 874 216
str7_mask.png 94366 238 564 272
str7_mask.png 94633 239 407 521
str7_mask.png 94916 240 832 910
str7_mask.png 95250 241 1138 907
str7_mask.png 95500 242 1377 656
str7_mask.png 95800 243 1389 426
str7_mask.png 96066 244 1043 318
str7_mask.png 96333 245 775 235
str7_mask.png 96550 246 589 230
str7_mask.png 96850 247 639 208
str7_mask.png 97966 248 664 338
str7_mask.png 98350 249 652 338
str7_mask.png 99066 250 640 420
str7_mask.png 99320 251 876 366
str7_mask.png 99737 252 699 326
str7_mask.png 100070 253 930 307
str7_mask.png 100154 254 922 182
str7_mask.png 100420 255 890 791
str7_mask.png 100670 256 892 494
str7_mask.png 102007 257 920 540
str7_mask.png 102432 258 929 584
str7_mask.png 102774 259 920 656
#8
str7_mask.png 124653 400 775 398
str7_mask.png 124920 401 608 217
str7_mask.png 125070 402 580 153
str7_mask.png 125186 403 560 177
str7_mask.png 125471 404 826 137
str7_mask.png 125688 405 1108 159
str7_mask.png 125972 406 1303 281
str7_mask.png 126105 407 1259 266
str7_mask.png 126338 408 1047 135
str7_mask.png 126705 409 1283 276
str7_mask.png 126871 410 1251 255
str7_mask.png 127155 411 1263 267
str7_mask.png 127271 412 1257 261
str7_mask.png 127655 413 1314 269
str7_mask.png 127871 414 1311 282
str7_mask.png 128021 415 1288 269
str7_mask.png 128388 416 1302 306
str7_mask.png 128905 417 1486 514
str7_mask.png 129438 418 1379 707
str7_mask.png 129971 419 1423 709
str7_mask.png 130388 420 1432 780
str7_mask.png 130705 421 1122 894
str7_mask.png 131071 422 857 940
str7_mask.png 131721 423 576 925
str7_mask.png 132004 424 550 914
str7_mask.png 132255 425 371 754
str7_mask.png 132571 426 278 513
str7_mask.png 132821 427 277 529
str7_mask.png 133138 428 403 340
str7_mask.png 133471 429 585 224
str7_mask.png 134054 430 583 218
str7_mask.png 134288 431 574 179
str7_mask.png 134521 432 832 142
#9
str7_mask.png 117278 309 894 424
str7_mask.png 117561 310 870 178
str7_mask.png 117745 311 621 206
str7_mask.png 118211 312 622 212
str7_mask.png 119195 313 456 305
str7_mask.png 119311 314 486 303
str7_mask.png 119561 315 368 523
str7_mask.png 119961 316 435 725
str7_mask.png 120377 317 643 889
str7_mask.png 120561 318 1049 898
str7_mask.png 120844 319 1175 892
str7_mask.png 121177 320 1380 749
str7_mask.png 121511 321 1488 521
str7_mask.png 121645 322 1452 519
str7_mask.png 121911 323 1458 510
str7_mask.png 122061 324 1294 333
str7_mask.png 122478 325 1120 217
str7_mask.png 123028 326 888 191
str7_mask.png 123545 327 1089 188
str7_mask.png 124628 328 1294 352
str7_mask.png 125211 329 1392 431
str7_mask.png 126344 330 1462 551
str7_mask.png 127044 331 1359 715
#10
str7_mask.png 100826 312 941 449
str7_mask.png 101031 313 936 292
str7_mask.png 101216 314 643 249
str7_mask.png 101532 315 686 178
str7_mask.png 101815 316 1363 310
str7_mask.png 101933 317 1294 332
str7_mask.png 102083 318 1318 318
str7_mask.png 102366 319 1377 771
str7_mask.png 102683 320 1418 742
str7_mask.png 102950 321 1180 915
str7_mask.png 103233 322 862 930
str7_mask.png 103466 323 611 806
str7_mask.png 103582 324 650 779
str7_mask.png 104016 325 688 179
str7_mask.png 104133 326 725 140
str7_mask.png 104285 327 689 152
str7_mask.png 104370 328 728 147
str7_mask.png 104524 329 655 185
str7_mask.png 105201 330 1384 327
str7_mask.png 105372 331 1281 261
str7_mask.png 105456 332 1277 273
str7_mask.png 105994 333 965 954
str7_mask.png 106180 334 1180 967
str7_mask.png 106465 335 670 958
str7_mask.png 106547 336 693 915
str7_mask.png 106815 337 1203 413
str7_mask.png 107049 338 1303 294
str7_mask.png 107316 339 884 207
str7_mask.png 107666 340 1118 148
str7_mask.png 107902 341 451 420
str7_mask.png 108069 342 420 499
str7_mask.png 108286 343 424 485
str7_mask.png 108436 344 474 765
str7_mask.png 108719 345 650 898
str7_mask.png 109102 346 854 928
str7_mask.png 109402 347 1127 919
str7_mask.png 109602 348 1227 952
str7_mask.png 109937 349 1212 990
str7_mask.png 110420 350 905 977
str7_mask.png 110753 351 1371 769
#11
str7_mask.png 124474 309 676 99
str7_mask.png 124674 310 795 69
str7_mask.png 125200 311 844 48
str7_mask.png 125375 312 833 40
str7_mask.png 125791 313 830 49
str7_mask.png 125875 314 822 36
str7_mask.png 126275 315 820 30
str7_mask.png 126458 316 832 93
str7_mask.png 126808 317 882 198
str7_mask.png 127375 318 1092 99
str7_mask.png 127608 319 1035 87
str7_mask.png 127708 320 1038 100
str7_mask.png 128058 321 1096 88
str7_mask.png 128525 322 1098 102
str7_mask.png 128992 323 1033 139
str7_mask.png 129308 324 1042 152
str7_mask.png 129425 325 1033 113
str7_mask.png 129691 326 1038 92
str7_mask.png 130158 327 1298 248
str7_mask.png 130558 328 1270 253
str7_mask.png 130841 329 1240 248
str7_mask.png 131541 330 1288 218
str7_mask.png 131976 331 1469 486
str7_mask.png 132343 332 1515 528
str7_mask.png 132943 333 1466 500
str7_mask.png 133310 334 1510 512
str7_mask.png 133443 335 1514 489
str7_mask.png 133726 336 1516 497
str7_mask.png 133943 337 1515 488
str7_mask.png 134026 338 1512 499
str7_mask.png 134226 339 1372 689
#12
str7_mask.png 138583 393 1076 379
str7_mask.png 138883 394 801 130
str7_mask.png 139150 395 585 263
str7_mask.png 139249 396 660 273
str7_mask.png 139417 397 496 402
str7_mask.png 139683 398 476 232
str7_mask.png 139817 399 673 174
str7_mask.png 140033 400 658 173
str7_mask.png 140183 401 1217 186
str7_mask.png 140400 402 1365 285
str7_mask.png 140600 403 1272 276
str7_mask.png 140818 404 1250 273
str7_mask.png 141101 405 1231 260
str7_mask.png 141351 406 939 831
str7_mask.png 141571 407 631 864
str7_mask.png 141805 408 1419 624
str7_mask.png 142138 409 1373 717
str7_mask.png 142455 410 1150 871
str7_mask.png 142671 411 1398 721
str7_mask.png 142921 412 1424 717
str7_mask.png 143305 413 1322 276
str7_mask.png 143521 414 767 162
str7_mask.png 143688 415 547 220
str7_mask.png 143804 416 627 229
str7_mask.png 143955 417 646 175
str7_mask.png 144138 418 1290 253
str7_mask.png 144255 419 1226 260
str7_mask.png 144355 420 1258 264
str7_mask.png 144889 421 518 219
str7_mask.png 145023 422 649 173
str7_mask.png 145356 423 409 459
str7_mask.png 145756 424 1383 569
str7_mask.png 145957 425 1446 530
str7_mask.png 146140 426 1364 715
str7_mask.png 146357 427 1003 904
str7_mask.png 146740 428 379 522
str7_mask.png 147023 429 422 716
str7_mask.png 147323 430 601 892
str7_mask.png 147790 431 1318 335
str7_mask.png 147891 432 1260 320
str7_mask.png 148258 433 1253 249
#13
str7_mask.png 118383 361 1080 428
str7_mask.png 118622 362 1028 166
str7_mask.png 118789 363 879 94
str7_mask.png 119222 364 1055 167
str7_mask.png 119538 365 1264 299
str7_mask.png 119838 366 1304 329
str7_mask.png 120137 367 1315 337
str7_mask.png 120255 368 1423 516
str7_mask.png 121055 369 1345 715
str7_mask.png 121305 370 1416 562
str7_mask.png 121572 371 1314 757
str7_mask.png 121822 372 1156 852
str7_mask.png 122522 373 872 945
str7_mask.png 123572 374 618 908
str7_mask.png 123971 375 441 773
str7_mask.png 124471 376 391 675
str7_mask.png 124855 377 354 547
str7_mask.png 125338 378 369 436
str7_mask.png 125571 379 417 362
str7_mask.png 125888 380 458 303
str7_mask.png 126071 381 604 214
str7_mask.png 126354 382 629 189
str7_mask.png 127004 383 857 156
str7_mask.png 127271 384 882 107
str7_mask.png 127804 386 900 15
str7_mask.png 128037 387 1085 123
#14
str7_mask.png 169517 486 679 114
str7_mask.png 169667 487 667 124
str7_mask.png 170050 488 449 257
str7_mask.png 170384 489 509 289
str7_mask.png 170833 490 388 455
str7_mask.png 171183 491 475 279
str7_mask.png 171367 492 420 543
str7_mask.png 171717 493 379 496
str7_mask.png 171950 494 363 459
str7_mask.png 172233 495 477 264
str7_mask.png 172517 496 475 672
str7_mask.png 172867 497 663 886
str7_mask.png 173200 498 943 925
str7_mask.png 173450 499 1221 898
str7_mask.png 173750 500 1254 925
str7_mask.png 173900 501 1424 736
str7_mask.png 174017 502 1379 705
str7_mask.png 174217 503 1418 708
str7_mask.png 174501 504 1490 486
str7_mask.png 174901 505 1499 493
str7_mask.png 175517 506 1350 271
str7_mask.png 175751 507 1285 217
str7_mask.png 175967 508 1081 116
str7_mask.png 176284 509 1094 125
str7_mask.png 176551 510 1106 112
str7_mask.png 176767 511 1071 119
str7_mask.png 177201 512 878 62
str7_mask.png 177401 513 864 28
str7_mask.png 178384 514 855 15
#15
str7_mask.png 121150 414 805 428
str7_mask.png 121508 415 978 302
str7_mask.png 121686 416 530 261
str7_mask.png 121854 417 621 293
str7_mask.png 122187 418 1256 366
str7_mask.png 122387 419 1339 388
str7_mask.png 122855 420 1348 771
str7_mask.png 123172 421 1281 417
str7_mask.png 123378 422 1233 375
str7_mask.png 123778 423 1272 418
str7_mask.png 124761 424 1255 474
str7_mask.png 124994 425 1332 709
str7_mask.png 125261 426 1327 765
str7_mask.png 125628 427 1361 804
str7_mask.png 125878 428 1290 455
str7_mask.png 126111 429 1229 387
str7_mask.png 126527 430 1260 412
str7_mask.png 126794 431 451 564
str7_mask.png 126960 432 349 563
str7_mask.png 127144 433 597 304
str7_mask.png 127410 434 337 542
str7_mask.png 127861 435 1225 371
str7_mask.png 128112 436 1355 719
str7_mask.png 128378 437 1346 746
str7_mask.png 128562 438 1474 595
str7_mask.png 128878 439 951 950
str7_mask.png 129228 440 1133 942
str7_mask.png 129428 441 649 931
str7_mask.png 129612 442 538 915
str7_mask.png 129861 443 572 918
str7_mask.png 129978 444 648 936
str7_mask.png 130128 445 749 951
str7_mask.png 130377 446 386 769
str7_mask.png 130644 447 335 536
#16
str7_mask.png 143700 401 1388 281
str7_mask.png 144351 402 1549 500
str7_mask.png 144601 403 1423 705
str7_mask.png 145001 404 1212 886
str7_mask.png 145484 405 1208 948
str7_mask.png 146018 406 881 1003
str7_mask.png 146418 407 894 1026
str7_mask.png 146568 408 859 940
str7_mask.png 147134 409 649 952
str7_mask.png 147484 410 578 951
str7_mask.png 147768 411 704 961
str7_mask.png 148217 412 891 966
str7_mask.png 148451 413 411 684
str7_mask.png 148766 414 383 523
str7_mask.png 149066 415 410 522
str7_mask.png 149250 416 425 472
str7_mask.png 149416 417 500 304
str7_mask.png 149800 418 387 494
str7_mask.png 150233 419 660 219
str7_mask.png 150533 420 678 225
str7_mask.png 151200 421 504 290
str7_mask.png 151833 422 441 760
str7_mask.png 152150 423 431 788
str7_mask.png 152450 424 786 949
str7_mask.png 153083 425 1185 932
#17
str7_mask.png 141192 408 529 111
str7_mask.png 141575 409 692 190
str7_mask.png 141991 410 1355 200
str7_mask.png 142275 411 1415 246
str7_mask.png 142641 412 1243 74
str7_mask.png 143008 413 562 530
str7_mask.png 143208 414 408 692
str7_mask.png 143458 415 891 916
str7_mask.png 143741 416 1424 770
str7_mask.png 144208 417 1499 715
str7_mask.png 144342 418 1482 552
str7_mask.png 144758 419 1333 337
str7_mask.png 145058 420 1253 269
str7_mask.png 145292 421 1255 260
str7_mask.png 145808 422 1321 315
str7_mask.png 146527 423 1015 128
str7_mask.png 146977 424 886 30
str7_mask.png 147444 425 1028 74
str7_mask.png 147777 426 980 73
str7_mask.png 148361 427 849 115
str7_mask.png 148511 428 810 77
str7_mask.png 148677 429 816 63
str7_mask.png 148877 430 802 42
str7_mask.png 149211 431 806 66
str7_mask.png 149577 432 500 64
str7_mask.png 149776 433 625 144
str7_mask.png 149993 434 474 295
str7_mask.png 150177 435 650 107
str7_mask.png 150643 436 638 107
#18
str7_mask.png 103511 341 895 221
str7_mask.png 103711 342 666 197
str7_mask.png 104027 343 979 175
str7_mask.png 104661 344 1105 198
str7_mask.png 104944 345 1318 297
str7_mask.png 105327 346 1473 496
str7_mask.png 105511 347 1469 903
str7_mask.png 105661 348 1437 582
str7_mask.png 106061 349 1353 702
str7_mask.png 106494 350 1375 737
str7_mask.png 106728 351 1379 770
str7_mask.png 106928 352 1082 884
str7_mask.png 107228 353 876 935
str7_mask.png 107744 354 924 963
str7_mask.png 108094 355 1135 930
str7_mask.png 108411 356 679 937
str7_mask.png 108711 357 467 815
str7_mask.png 109128 358 401 622
str7_mask.png 109377 359 388 558
str7_mask.png 109677 360 512 381
str7_mask.png 110110 361 537 321
str7_mask.png 110260 362 654 292
str7_mask.png 110527 363 646 231
str7_mask.png 110760 364 658 196
str7_mask.png 111077 365 958 174
str7_mask.png 111427 366 1124 176
str7_mask.png 111810 367 1250 249
str7_mask.png 112027 368 1298 295
str7_mask.png 112227 369 1454 507
str7_mask.png 112561 370 1322 378
#19
str7_mask.png 92052 337 676 211
str7_mask.png 92235 338 619 168
str7_mask.png 92435 339 438 303
str7_mask.png 92534 340 490 335
str7_mask.png 92668 341 395 533
str7_mask.png 92902 342 457 761
str7_mask.png 93118 343 638 946
str7_mask.png 93335 344 963 994
str7_mask.png 93501 345 1184 911
str7_mask.png 93718 346 1377 758
str7_mask.png 93985 347 1351 384
str7_mask.png 94335 348 1279 330
str7_mask.png 94519 349 1097 173
str7_mask.png 94902 350 879 125
str7_mask.png 95135 351 605 183
str7_mask.png 95552 352 1362 307
str7_mask.png 95636 353 1310 353
str7_mask.png 95753 354 1457 559
str7_mask.png 96086 355 1350 776
str7_mask.png 96419 356 1165 910
str7_mask.png 96702 357 628 928
str7_mask.png 96952 358 435 752
str7_mask.png 97035 359 458 769
str7_mask.png 97168 360 381 571
str7_mask.png 97602 361 459 328
str7_mask.png 97918 362 635 230
str7_mask.png 98235 363 983 165
str7_mask.png 98468 364 1114 165
str7_mask.png 98768 365 934 89
str7_mask.png 99202 366 1316 385
str7_mask.png 99785 367 1478 574
str7_mask.png 100422 368 1444 582
str7_mask.png 100706 369 1356 745
str7_mask.png 101039 370 1170 943
str7_mask.png 101472 371 648 921
str7_mask.png 101739 372 619 897
#20
str7_mask.png 102970 348 764 396
str7_mask.png 103203 349 702 206
str7_mask.png 103436 350 880 180
str7_mask.png 103803 351 1240 235
str7_mask.png 104070 352 1136 190
str7_mask.png 104270 353 886 156
str7_mask.png 104570 354 938 843
str7_mask.png 104870 355 557 481
str7_mask.png 105086 356 901 966
str7_mask.png 105186 357 905 976
str7_mask.png 105353 358 1164 870
str7_mask.png 105820 359 1369 469
str7_mask.png 106153 360 1246 311
str7_mask.png 106420 361 921 202
str7_mask.png 106803 362 708 238
str7_mask.png 106953 363 598 282
str7_mask.png 107270 364 404 556
str7_mask.png 107553 365 525 805
str7_mask.png 107753 366 903 963
str7_mask.png 108086 367 443 725
str7_mask.png 108270 368 439 423
str7_mask.png 108436 369 367 537
str7_mask.png 108786 370 541 299
str7_mask.png 109136 371 653 268
str7_mask.png 109720 372 636 182
str7_mask.png 109903 373 930 117
str7_mask.png 110203 374 921 62
str7_mask.png 110403 375 1004 185
str7_mask.png 110653 376 1371 364
str7_mask.png 112486 377 1463 510
str7_mask.png 112787 378 1015 386
#21
str7_mask.png 109515 352 978 540
str7_mask.png 110014 353 952 472
str7_mask.png 110098 354 970 465
str7_mask.png 110248 355 903 231
str7_mask.png 110398 356 906 157
str7_mask.png 110648 357 906 105
str7_mask.png 111098 358 1097 155
str7_mask.png 111515 359 1222 256
str7_mask.png 111748 360 1306 251
str7_mask.png 111915 361 1253 261
str7_mask.png 112032 362 1272 272
str7_mask.png 112299 363 1328 345
str7_mask.png 112682 364 1465 482
str7_mask.png 112949 365 1473 513
str7_mask.png 113215 366 1372 656
str7_mask.png 113515 367 1374 698
str7_mask.png 113699 368 1405 754
str7_mask.png 114215 369 1229 842
str7_mask.png 114682 370 855 944
str7_mask.png 115182 371 507 906
str7_mask.png 115381 372 397 763
str7_mask.png 115815 373 339 549
str7_mask.png 116031 374 316 496
str7_mask.png 116415 375 439 326
str7_mask.png 116715 376 461 286
str7_mask.png 116931 377 628 191
str7_mask.png 117231 378 614 216
str7_mask.png 117498 379 637 217
str7_mask.png 118748 380 801 273
str7_mask.png 119031 381 669 237
str7_mask.png 119348 382 885 390
#22
str7_mask.png 93325 296 1179 415
str7_mask.png 93605 297 986 284
str7_mask.png 93822 298 906 215
str7_mask.png 93972 299 881 197
str7_mask.png 94239 300 1093 212
str7_mask.png 94738 301 1195 259
str7_mask.png 95188 302 1282 329
str7_mask.png 95388 303 1351 379
str7_mask.png 95872 304 1495 502
str7_mask.png 96422 305 1373 689
str7_mask.png 96939 306 1195 831
str7_mask.png 97639 307 895 890
str7_mask.png 97889 308 666 870
str7_mask.png 98039 309 653 866
str7_mask.png 98172 310 671 879
str7_mask.png 98389 311 630 886
str7_mask.png 98806 312 453 749
str7_mask.png 99138 313 426 731
str7_mask.png 99538 314 373 552
str7_mask.png 99705 315 372 524
str7_mask.png 100088 316 491 391
str7_mask.png 100305 317 503 333
str7_mask.png 100805 318 632 265
str7_mask.png 101538 319 636 273
str7_mask.png 102188 320 893 169
str7_mask.png 102355 321 888 172
str7_mask.png 102771 322 1103 206
str7_mask.png 103155 323 1111 222
str7_mask.png 103338 324 1152 222
#23
str7_mask.png 129944 454 887 273
str7_mask.png 130177 455 870 173
str7_mask.png 130327 456 883 117
str7_mask.png 130511 457 642 178
str7_mask.png 130761 458 891 96
str7_mask.png 131111 459 614 258
str7_mask.png 131377 460 447 299
str7_mask.png 131510 461 497 280
str7_mask.png 131777 462 527 308
str7_mask.png 132043 463 380 499
str7_mask.png 132727 464 425 728
str7_mask.png 132993 465 386 730
str7_mask.png 133343 466 386 521
str7_mask.png 133593 467 439 697
str7_mask.png 134110 468 625 865
str7_mask.png 134660 469 689 876
str7_mask.png 134777 470 783 896
str7_mask.png 134943 471 932 905
str7_mask.png 135177 472 1022 924
str7_mask.png 135378 473 957 901
str7_mask.png 135681 474 1094 906
str7_mask.png 135828 475 1247 908
str7_mask.png 136487 476 1373 742
str7_mask.png 136673 477 1418 776
str7_mask.png 136856 478 1452 723
str7_mask.png 137623 479 1479 561
str7_mask.png 138289 480 1486 584
str7_mask.png 138723 481 1282 343
str7_mask.png 139073 482 1134 234
str7_mask.png 139323 483 1081 196
str7_mask.png 139840 484 1332 328
#24
str7_mask.png 92380 285 864 173
str7_mask.png 92863 286 1179 199
str7_mask.png 93263 287 912 113
str7_mask.png 93513 288 599 163
str7_mask.png 93929 289 687 127
str7_mask.png 94162 290 723 124
str7_mask.png 94529 291 468 251
str7_mask.png 94662 292 495 251
str7_mask.png 94912 293 389 427
str7_mask.png 95195 294 424 643
str7_mask.png 95395 295 730 828
str7_mask.png 95645 296 636 875
str7_mask.png 95795 297 459 758
str7_mask.png 96079 298 952 877
str7_mask.png 96345 299 1220 909
str7_mask.png 96596 300 1440 744
str7_mask.png 96713 301 1410 724
str7_mask.png 97229 302 1486 500
str7_mask.png 97629 303 1313 246
str7_mask.png 97796 304 1323 270
str7_mask.png 98264 305 1095 152
str7_mask.png 98367 306 1092 122
str7_mask.png 98683 307 1435 451
str7_mask.png 99350 308 1350 402
str7_mask.png 99500 309 1509 475
str7_mask.png 100236 310 1399 695
str7_mask.png 100341 311 1439 693
str7_mask.png 100825 312 1477 545
str7_mask.png 101242 313 1485 500
str7_mask.png 101709 314 1468 529
str7_mask.png 101825 315 1394 712
#25
str7_mask.png 121329 348 927 360
str7_mask.png 121624 349 817 429
str7_mask.png 121776 350 804 386
str7_mask.png 122386 351 796 441
str7_mask.png 122627 352 789 505
str7_mask.png 123020 353 778 448
str7_mask.png 123279 354 819 483
str7_mask.png 123509 355 802 446
str7_mask.png 123843 356 810 413
str7_mask.png 124477 357 783 370
str7_mask.png 124610 358 809 416
str7_mask.png 125122 359 865 477
str7_mask.png 125298 360 838 465
str7_mask.png 125648 361 785 354
str7_mask.png 125984 362 796 387
str7_mask.png 126449 363 780 392
str7_mask.png 126600 364 813 422
str7_mask.png 126713 365 792 438
str7_mask.png 126895 366 785 400
str7_mask.png 127536 367 786 413
str7_mask.png 127660 368 800 383
str7_mask.png 128222 369 778 317
str7_mask.png 128535 370 791 324
str7_mask.png 128835 371 787 336
str7_mask.png 129163 372 800 395
str7_mask.png 129529 373 784 233
str7_mask.png 130453 374 874 441
#26
str7_mask.png 133566 417 646 182
str7_mask.png 133799 418 690 199
str7_mask.png 133899 419 619 143
str7_mask.png 134133 420 667 150
str7_mask.png 134383 421 786 85
str7_mask.png 134666 422 669 125
str7_mask.png 134766 423 598 130
str7_mask.png 135216 424 1154 81
str7_mask.png 135516 425 1400 236
str7_mask.png 135783 426 1469 327
str7_mask.png 136050 427 1426 546
str7_mask.png 136567 428 1443 587
str7_mask.png 136734 429 1361 713
str7_mask.png 136967 430 1367 738
str7_mask.png 137617 431 1373 791
str7_mask.png 138051 432 1348 829
str7_mask.png 138917 433 883 1020
str7_mask.png 139367 434 532 984
str7_mask.png 139549 435 528 895
str7_mask.png 139683 436 648 959
str7_mask.png 140149 437 323 544
str7_mask.png 140499 438 364 506
str7_mask.png 141099 439 695 193
str7_mask.png 141383 440 307 352
str7_mask.png 141949 441 621 141
str7_mask.png 142466 442 693 95
str7_mask.png 142599 443 884 96
#27
str7_mask.png 93239 319 993 382
str7_mask.png 93522 320 676 215
str7_mask.png 93689 321 763 127
str7_mask.png 94055 322 600 197
str7_mask.png 94188 323 744 160
str7_mask.png 94505 324 564 292
str7_mask.png 94955 325 418 495
str7_mask.png 95538 326 372 500
str7_mask.png 95805 327 463 695
str7_mask.png 96538 328 685 873
str7_mask.png 96971 329 964 917
str7_mask.png 97271 330 950 895
str7_mask.png 97538 331 1246 908
str7_mask.png 97971 332 1503 770
str7_mask.png 98105 333 1381 800
str7_mask.png 98222 334 1393 740
str7_mask.png 98605 335 1474 577
str7_mask.png 99088 336 1349 377
str7_mask.png 99389 337 1232 313
str7_mask.png 99722 338 1073 197
str7_mask.png 100122 339 856 152
str7_mask.png 100339 340 853 155
str7_mask.png 100756 341 884 649
str7_mask.png 100906 342 887 652
str7_mask.png 101560 343 911 552
str7_mask.png 101716 344 907 576
str7_mask.png 102566 345 899 576
str7_mask.png 102999 346 900 578
#28
str7_mask.png 140794 430 903 285
str7_mask.png 141344 431 892 180
str7_mask.png 141644 432 901 305
str7_mask.png 142160 433 1256 293
str7_mask.png 142727 434 1263 304
str7_mask.png 143027 435 1434 521
str7_mask.png 143360 436 1405 710
str7_mask.png 144160 437 1369 705
str7_mask.png 144310 438 668 760
str7_mask.png 144510 439 446 722
str7_mask.png 145227 440 365 623
str7_mask.png 145393 441 385 497
str7_mask.png 145810 442 443 717
str7_mask.png 146643 443 645 886
str7_mask.png 146926 444 612 882
str7_mask.png 147243 445 945 928
str7_mask.png 147559 446 917 912
str7_mask.png 147760 447 1182 911
str7_mask.png 147943 448 1186 905
str7_mask.png 148276 449 650 229
str7_mask.png 148477 450 648 184
str7_mask.png 149227 451 654 244
str7_mask.png 149561 452 871 137
str7_mask.png 149811 453 662 172
str7_mask.png 150044 454 1113 169
str7_mask.png 150511 455 926 113
#29
str7_mask.png 137021 435 866 154
str7_mask.png 137187 436 837 136
str7_mask.png 137388 437 837 80
str7_mask.png 137821 438 1053 121
str7_mask.png 138321 439 1046 198
str7_mask.png 138937 440 1295 356
str7_mask.png 139154 441 1244 318
str7_mask.png 139304 442 1457 552
str7_mask.png 139971 443 1451 576
str7_mask.png 140204 444 1354 762
str7_mask.png 140421 445 1393 797
str7_mask.png 140688 446 1397 746
str7_mask.png 141054 447 1139 868
str7_mask.png 141271 448 1374 734
str7_mask.png 141488 449 1120 909
str7_mask.png 141871 450 1149 935
str7_mask.png 142104 451 911 949
str7_mask.png 142421 452 626 923
str7_mask.png 142671 453 906 960
str7_mask.png 142971 454 857 921
str7_mask.png 143154 455 578 921
str7_mask.png 143437 456 557 923
str7_mask.png 143604 457 699 915
str7_mask.png 143987 458 406 736
str7_mask.png 144120 459 451 756
str7_mask.png 145054 460 388 541
str7_mask.png 145320 461 353 499
str7_mask.png 145837 462 495 353
str7_mask.png 146187 463 470 297
str7_mask.png 146437 464 651 243
str7_mask.png 146720 465 653 201
#30
str7_mask.png 122392 435 705 270
str7_mask.png 122592 436 652 246
str7_mask.png 122792 437 641 191
str7_mask.png 123042 438 479 300
str7_mask.png 123309 439 910 200
str7_mask.png 123659 440 1141 197
str7_mask.png 123992 441 1322 302
str7_mask.png 124309 442 1437 471
str7_mask.png 124542 443 1334 390
str7_mask.png 124759 444 1490 498
str7_mask.png 125292 445 1366 755
str7_mask.png 125559 446 1105 912
str7_mask.png 125942 447 859 936
str7_mask.png 126259 448 601 923
str7_mask.png 126475 449 439 759
str7_mask.png 126775 450 378 555
str7_mask.png 127142 451 506 392
str7_mask.png 127325 452 1432 464
str7_mask.png 127459 453 1411 458
str7_mask.png 127659 454 1311 329
str7_mask.png 127976 455 1002 199
str7_mask.png 128259 456 629 205
str7_mask.png 128408 457 656 232
str7_mask.png 128592 458 487 340
str7_mask.png 128742 459 636 254
str7_mask.png 128942 460 655 197
str7_mask.png 129542 461 1102 902
str7_mask.png 129792 462 873 930
str7_mask.png 129992 463 1153 907
str7_mask.png 130175 464 742 922
str7_mask.png 130492 465 960 233
str7_mask.png 130758 466 1356 275
str7_mask.png 130976 467 1107 179
str7_mask.png 131359 468 441 380
str7_mask.png 131558 469 364 557
str7_mask.png 131842 470 1383 499
#31
str7_mask.png 116358 417 599 236
str7_mask.png 116525 418 654 172
str7_mask.png 116675 419 1084 139
str7_mask.png 116908 420 1374 338
str7_mask.png 117059 421 1333 356
str7_mask.png 117175 422 1282 314
str7_mask.png 117392 423 1471 540
str7_mask.png 117626 424 1361 725
str7_mask.png 117759 425 1357 749
str7_mask.png 118009 426 1428 470
str7_mask.png 118227 427 1462 509
str7_mask.png 118627 428 1090 914
str7_mask.png 118976 429 1123 890
str7_mask.png 119176 430 689 906
str7_mask.png 119343 431 689 912
str7_mask.png 119627 432 436 747
str7_mask.png 119776 433 436 707
str7_mask.png 119993 434 352 520
str7_mask.png 120193 435 457 310
str7_mask.png 120609 436 660 217
str7_mask.png 121093 437 903 151
str7_mask.png 121493 438 1138 142
str7_mask.png 121909 439 1377 323
str7_mask.png 122060 440 1337 339
str7_mask.png 122160 441 1291 338
str7_mask.png 122393 442 1331 746
str7_mask.png 122743 443 957 907
str7_mask.png 123043 444 1350 726
str7_mask.png 123410 445 803 930
str7_mask.png 123960 446 611 672
str7_mask.png 124127 447 983 382
str7_mask.png 124393 448 637 499
str7_mask.png 124560 449 411 533
str7_mask.png 125026 450 376 494
str7_mask.png 125710 451 519 249
str7_mask.png 125993 452 868 165
#32
str7_mask.png 116330 381 983 168
str7_mask.png 116497 382 921 96
str7_mask.png 116830 383 1153 113
str7_mask.png 117113 384 1113 135
str7_mask.png 117380 385 1162 137
str7_mask.png 117630 386 1124 139
str7_mask.png 117880 387 1307 257
str7_mask.png 118097 388 1384 322
str7_mask.png 118247 389 1358 307
str7_mask.png 118531 390 1324 303
str7_mask.png 118848 391 1506 502
str7_mask.png 119131 392 1469 543
str7_mask.png 119514 393 1483 527
str7_mask.png 119798 394 1466 558
str7_mask.png 119997 395 1393 719
str7_mask.png 120364 396 1417 695
str7_mask.png 120681 397 1218 815
str7_mask.png 120798 398 1178 850
str7_mask.png 121314 399 908 875
str7_mask.png 121548 400 1162 853
str7_mask.png 121998 401 922 896
str7_mask.png 122548 402 819 894
str7_mask.png 122698 403 901 874
str7_mask.png 122981 404 737 884
str7_mask.png 123181 405 623 866
str7_mask.png 123631 406 726 878
str7_mask.png 123898 407 457 723
str7_mask.png 123997 408 486 720
str7_mask.png 124264 409 446 733
str7_mask.png 124697 410 408 496
str7_mask.png 124897 411 430 546
str7_mask.png 125066 412 381 476
str7_mask.png 125884 413 373 381
str7_mask.png 126017 414 352 384
#33
str7_mask.png 159417 439 960 323
str7_mask.png 159541 440 925 308
str7_mask.png 159709 441 738 114
str7_mask.png 159861 442 606 150
str7_mask.png 159945 443 612 171
str7_mask.png 160078 444 610 130
str7_mask.png 160428 445 598 150
str7_mask.png 160761 446 1312 233
str7_mask.png 161095 447 1340 252
str7_mask.png 161512 448 1311 200
str7_mask.png 161695 449 1305 210
str7_mask.png 162178 450 1501 443
str7_mask.png 162528 451 1342 647
str7_mask.png 162762 452 1320 183
str7_mask.png 162847 453 1327 219
str7_mask.png 163013 454 1380 666
str7_mask.png 163430 455 611 138
str7_mask.png 163513 456 630 137
str7_mask.png 163630 457 596 102
str7_mask.png 163863 458 1318 225
str7_mask.png 164113 459 1403 647
str7_mask.png 164380 460 1425 714
str7_mask.png 164647 461 1393 330
str7_mask.png 164897 462 1425 671
str7_mask.png 165363 463 1387 668
str7_mask.png 165597 464 1502 435
str7_mask.png 165963 465 1317 173
str7_mask.png 166214 466 644 86
str7_mask.png 166415 467 595 105
str7_mask.png 166715 468 592 94
str7_mask.png 167415 469 765 79
str7_mask.png 167565 470 572 105
str7_mask.png 167998 471 391 212
str7_mask.png 168082 472 427 236
str7_mask.png 168332 473 586 155
str7_mask.png 168465 474 349 480
str7_mask.png 168581 475 371 382
str7_mask.png 168898 476 455 620
str7_mask.png 169114 477 376 373
str7_mask.png 169331 478 651 59
str7_mask.png 169464 479 662 23
#34
str7_mask.png 108053 322 903 459
str7_mask.png 108237 323 917 208
str7_mask.png 108453 324 915 116
str7_mask.png 109003 325 1140 204
str7_mask.png 110134 326 533 424
str7_mask.png 110470 327 1313 340
str7_mask.png 110687 328 1324 398
str7_mask.png 111037 329 1480 527
str7_mask.png 111253 330 1385 730
str7_mask.png 111808 331 933 954
str7_mask.png 111912 332 1162 925
str7_mask.png 112197 333 1211 935
str7_mask.png 112730 334 1404 770
str7_mask.png 113147 335 1429 790
str7_mask.png 113680 336 1421 822
str7_mask.png 114397 337 609 900
str7_mask.png 114547 338 439 763
str7_mask.png 114679 339 457 757
str7_mask.png 115232 340 1199 931
str7_mask.png 115819 341 1446 981
#35
str7_mask.png 116398 395 917 177
str7_mask.png 116565 396 905 115
str7_mask.png 116831 397 1107 149
str7_mask.png 117448 398 1511 543
str7_mask.png 117565 399 1449 548
str7_mask.png 117765 400 1334 717
str7_mask.png 117965 401 1076 897
str7_mask.png 118332 402 863 928
str7_mask.png 118732 403 1156 927
str7_mask.png 119280 404 1168 905
str7_mask.png 119649 405 709 928
str7_mask.png 119832 406 538 899
str7_mask.png 120032 407 576 893
str7_mask.png 120182 408 377 690
str7_mask.png 120415 409 330 521
str7_mask.png 120748 410 350 746
str7_mask.png 120965 411 483 274
str7_mask.png 121115 412 609 221
str7_mask.png 121315 413 460 348
str7_mask.png 121615 414 867 185
str7_mask.png 121898 415 876 127
str7_mask.png 122248 416 722 977
str7_mask.png 122398 417 594 923
str7_mask.png 122648 418 563 909
str7_mask.png 122832 419 706 926
str7_mask.png 123148 420 739 929
str7_mask.png 123498 421 862 916
str7_mask.png 123798 422 948 1018
str7_mask.png 124115 423 971 1004
str7_mask.png 124465 424 851 898
str7_mask.png 125665 425 848 390
str7_mask.png 125815 426 878 150
str7_mask.png 125998 427 886 106
#36
str7_mask.png 127410 414 956 472
str7_mask.png 128160 415 448 249
str7_mask.png 128593 416 618 146
str7_mask.png 128993 417 676 194
str7_mask.png 129211 418 896 154
str7_mask.png 129628 419 1097 148
str7_mask.png 129761 420 1092 173
str7_mask.png 130028 421 1302 277
str7_mask.png 130245 422 1353 273
str7_mask.png 130362 423 1405 379
str7_mask.png 130762 424 1485 544
str7_mask.png 130912 425 1414 715
str7_mask.png 131045 426 1401 737
str7_mask.png 131478 427 1436 752
str7_mask.png 131645 428 1202 910
str7_mask.png 131878 429 781 923
str7_mask.png 132378 430 446 690
str7_mask.png 132661 431 812 267
str7_mask.png 132945 432 423 401
str7_mask.png 133178 433 440 288
str7_mask.png 133911 434 723 471
str7_mask.png 135039 435 1108 574
str7_mask.png 135140 436 881 557
str7_mask.png 135407 437 861 435
str7_mask.png 135557 438 855 440
str7_mask.png 136206 439 958 419
str7_mask.png 136540 440 942 406
str7_mask.png 136725 441 931 422
str7_mask.png 136875 442 943 412
#37
str7_mask.png 100519 346 1152 336
str7_mask.png 100641 347 1144 362
str7_mask.png 100858 348 634 200
str7_mask.png 100991 349 704 204
str7_mask.png 101241 350 1308 294
str7_mask.png 101526 351 1417 703
str7_mask.png 102209 352 1490 482
str7_mask.png 102409 353 490 283
str7_mask.png 102509 354 574 262
str7_mask.png 103209 355 1087 108
str7_mask.png 103593 356 923 158
str7_mask.png 104459 357 759 171
str7_mask.png 104726 358 671 163
str7_mask.png 105110 359 1299 262
str7_mask.png 105460 360 1269 212
str7_mask.png 105660 361 1467 443
str7_mask.png 105976 362 699 885
str7_mask.png 106326 363 577 882
str7_mask.png 106493 364 398 724
str7_mask.png 106776 365 346 537
str7_mask.png 107326 366 1177 819
str7_mask.png 107493 367 923 914
str7_mask.png 107659 368 933 936
str7_mask.png 108009 369 620 432
str7_mask.png 108160 370 379 497
str7_mask.png 108726 371 925 311
str7_mask.png 108993 372 879 186
str7_mask.png 109309 373 668 202
str7_mask.png 109509 374 620 172
str7_mask.png 109776 375 1087 218
str7_mask.png 110276 376 1365 518
str7_mask.png 110410 377 1379 668
#38
str7_mask.png 110231 354 867 224
str7_mask.png 111064 355 629 260
str7_mask.png 111831 356 495 376
str7_mask.png 112547 357 373 546
str7_mask.png 112697 358 410 522
str7_mask.png 113047 359 523 764
str7_mask.png 113730 360 960 883
str7_mask.png 113913 361 935 926
str7_mask.png 114180 362 1396 755
str7_mask.png 114447 363 1410 377
str7_mask.png 114863 364 1421 363
str7_mask.png 115163 365 1157 193
str7_mask.png 116130 366 1373 355
str7_mask.png 116430 367 1508 574
str7_mask.png 116580 368 1461 579
str7_mask.png 116747 369 1369 750
str7_mask.png 118197 370 1357 752
str7_mask.png 118497 371 918 843
#39
str7_mask.png 105837 313 956 495
str7_mask.png 106341 314 1079 93
str7_mask.png 106491 315 1285 210
str7_mask.png 106608 316 1238 212
str7_mask.png 106974 317 991 72
str7_mask.png 107693 318 1374 759
str7_mask.png 107980 319 1421 710
str7_mask.png 108130 320 1057 906
str7_mask.png 108313 321 890 932
str7_mask.png 108746 322 536 884
str7_mask.png 109096 323 407 737
str7_mask.png 109579 324 341 423
str7_mask.png 109696 325 337 447
str7_mask.png 110413 326 663 182
str7_mask.png 110846 327 637 212
str7_mask.png 111296 328 672 126
str7_mask.png 111513 329 664 145
str7_mask.png 111929 330 1171 145
str7_mask.png 112029 331 1410 317
str7_mask.png 112330 332 1252 214
str7_mask.png 113013 333 215 466
str7_mask.png 113332 334 371 433
str7_mask.png 113615 335 352 471
str7_mask.png 113715 336 367 454
str7_mask.png 113999 337 369 453
str7_mask.png 114749 338 355 436
str7_mask.png 114965 339 361 452
str7_mask.png 115182 340 364 461
str7_mask.png 115765 341 392 688
#40
str7_mask.png 110970 354 940 484
str7_mask.png 111731 355 922 490
str7_mask.png 112348 356 645 177
str7_mask.png 112614 357 947 101
str7_mask.png 112697 358 930 123
str7_mask.png 113014 359 933 81
str7_mask.png 113247 360 948 75
str7_mask.png 113631 361 1140 81
str7_mask.png 114047 362 1180 79
str7_mask.png 114847 363 1397 308
str7_mask.png 114981 364 1297 288
str7_mask.png 115498 365 1486 486
str7_mask.png 116015 366 1478 532
str7_mask.png 116398 367 1358 731
str7_mask.png 116831 368 1341 703
str7_mask.png 117448 369 1211 822
str7_mask.png 117681 370 1154 859
str7_mask.png 118198 371 949 896
str7_mask.png 118398 372 855 893
str7_mask.png 119065 373 551 883
str7_mask.png 119197 374 620 878
str7_mask.png 119531 375 477 689
str7_mask.png 120081 376 416 527
str7_mask.png 120464 377 501 255
str7_mask.png 120914 378 679 167
#41
str7_mask.png 102773 356 929 261
str7_mask.png 103139 357 1153 254
str7_mask.png 103706 358 963 237
str7_mask.png 104142 359 1158 255
str7_mask.png 104275 360 1151 269
str7_mask.png 104709 361 1282 374
str7_mask.png 105359 362 1503 541
str7_mask.png 105742 363 1398 658
str7_mask.png 105975 364 1381 730
str7_mask.png 106259 365 1417 774
str7_mask.png 106592 366 1417 776
str7_mask.png 106742 367 1097 886
str7_mask.png 107209 368 766 938
str7_mask.png 107708 369 635 886
str7_mask.png 107858 370 521 882
str7_mask.png 108475 371 334 797
str7_mask.png 108691 372 303 757
str7_mask.png 108975 373 226 639
str7_mask.png 109175 374 222 548
str7_mask.png 109891 375 322 398
str7_mask.png 110158 376 457 332
str7_mask.png 110375 377 571 291
str7_mask.png 110725 378 405 326
str7_mask.png 110991 379 583 285
str7_mask.png 111391 380 869 264
#42
str7_mask.png 117797 392 815 153
str7_mask.png 117897 393 650 157
str7_mask.png 118080 394 596 145
str7_mask.png 118279 395 641 146
str7_mask.png 118646 396 457 339
str7_mask.png 118930 397 361 440
str7_mask.png 119946 398 460 221
str7_mask.png 120179 399 640 137
str7_mask.png 120329 400 908 51
str7_mask.png 120646 401 1270 214
str7_mask.png 120813 402 1240 220
str7_mask.png 120897 403 1316 283
str7_mask.png 121180 404 1253 220
str7_mask.png 122030 405 1026 51
str7_mask.png 122313 406 843 22
str7_mask.png 122530 407 592 127
str7_mask.png 122730 408 636 135
str7_mask.png 123063 409 653 810
str7_mask.png 123329 410 606 849
str7_mask.png 123546 411 767 858
str7_mask.png 123813 412 433 710
str7_mask.png 124346 413 429 680
str7_mask.png 124946 414 1126 876
str7_mask.png 125146 415 1194 926
str7_mask.png 125463 416 1163 901
str7_mask.png 125846 417 909 895
str7_mask.png 126179 418 886 839
str7_mask.png 126546 419 901 88
str7_mask.png 126779 420 908 15
#43
