str8_mask.png 126642 408 1024 562
str8_mask.png 126999 409 1011 267
str8_mask.png 127165 410 923 169
str8_mask.png 127866 411 1149 220
str8_mask.png 128100 412 1392 250
str8_mask.png 128283 413 1356 322
str8_mask.png 128434 414 1307 341
str8_mask.png 128767 415 1496 514
str8_mask.png 129034 416 1556 564
str8_mask.png 129217 417 1408 755
str8_mask.png 129551 418 1376 731
str8_mask.png 129834 419 1225 885
str8_mask.png 130250 420 1099 918
str8_mask.png 130384 421 941 941
str8_mask.png 130884 422 656 943
str8_mask.png 131050 423 753 954
str8_mask.png 131283 424 652 878
str8_mask.png 131433 425 543 809
str8_mask.png 131735 426 520 703
str8_mask.png 131952 427 487 596
str8_mask.png 132736 428 386 607
str8_mask.png 133053 429 384 588
str8_mask.png 133187 430 480 416
str8_mask.png 133537 431 440 404
str8_mask.png 133920 432 570 870
str8_mask.png 134054 433 586 807
str8_mask.png 134337 434 825 945
str8_mask.png 134537 435 803 927
str8_mask.png 134704 436 1020 941
str8_mask.png 135287 437 761 935
str8_mask.png 135487 438 808 906
str8_mask.png 135637 439 575 774
str8_mask.png 135887 440 498 439
str8_mask.png 136037 441 483 368
str8_mask.png 136270 442 713 230
str8_mask.png 136520 443 713 166
#1
str8_mask.png 158271 521 491 448
str8_mask.png 158454 522 728 191
str8_mask.png 158704 523 724 124
str8_mask.png 159170 524 1037 139
str8_mask.png 159437 525 1109 195
str8_mask.png 159653 526 1417 234
str8_mask.png 159771 527 1330 276
str8_mask.png 159904 528 1348 315
str8_mask.png 160104 529 1450 468
str8_mask.png 160387 530 1532 533
str8_mask.png 160637 531 1397 688
str8_mask.png 160871 532 1327 759
str8_mask.png 161154 533 1305 772
str8_mask.png 161471 534 1368 761
str8_mask.png 161621 535 1182 891
str8_mask.png 161920 536 1213 965
str8_mask.png 162237 537 934 962
str8_mask.png 162554 538 681 982
str8_mask.png 162904 539 764 903
str8_mask.png 163204 540 538 818
str8_mask.png 163537 541 610 823
str8_mask.png 163737 542 411 568
str8_mask.png 163886 543 458 561
str8_mask.png 164120 544 496 559
str8_mask.png 164403 545 545 596
str8_mask.png 164687 546 490 398
str8_mask.png 165020 547 462 354
str8_mask.png 165387 548 432 364
str8_mask.png 165853 549 695 234
str8_mask.png 166070 550 715 175
str8_mask.png 166270 551 725 100
str8_mask.png 166503 552 739 77
str8_mask.png 166853 553 896 66
str8_mask.png 167153 554 1147 117
str8_mask.png 167386 555 1421 232
str8_mask.png 167520 556 1339 280
str8_mask.png 167620 557 1284 314
#2
str8_mask.png 108818 322 825 345
str8_mask.png 109137 323 648 282
str8_mask.png 109287 324 713 102
str8_mask.png 109987 325 1347 216
str8_mask.png 110187 326 1289 252
str8_mask.png 110404 327 1280 247
str8_mask.png 110904 328 1271 252
str8_mask.png 111121 329 1348 230
str8_mask.png 111254 330 1356 229
str8_mask.png 111554 331 1299 234
str8_mask.png 111887 332 1276 263
str8_mask.png 112137 333 1007 98
str8_mask.png 112337 334 836 65
str8_mask.png 112504 335 688 81
str8_mask.png 112870 336 491 547
str8_mask.png 113053 337 449 506
str8_mask.png 113453 338 512 507
str8_mask.png 113786 339 1000 904
str8_mask.png 113987 340 748 868
str8_mask.png 114337 341 986 884
str8_mask.png 114570 342 1400 635
str8_mask.png 114687 343 1376 635
str8_mask.png 115153 344 1338 678
str8_mask.png 115630 345 1461 422
str8_mask.png 116099 346 1353 651
str8_mask.png 116299 347 1345 643
str8_mask.png 116582 348 1341 667
str8_mask.png 116882 349 1338 665
str8_mask.png 117382 350 820 894
str8_mask.png 118432 351 446 515
#3
str8_mask.png 148521 498 895 327
str8_mask.png 149205 499 925 126
str8_mask.png 149421 500 1109 95
str8_mask.png 149838 501 1390 175
str8_mask.png 150188 502 1345 225
str8_mask.png 150438 503 1518 407
str8_mask.png 150871 504 1481 566
str8_mask.png 151088 505 1408 653
str8_mask.png 151421 506 1374 686
str8_mask.png 151621 507 1215 820
str8_mask.png 152004 508 1009 883
str8_mask.png 152354 509 786 859
str8_mask.png 152771 510 576 761
str8_mask.png 152887 511 627 758
str8_mask.png 153204 512 600 738
str8_mask.png 153404 513 498 540
str8_mask.png 153520 514 505 519
str8_mask.png 153637 515 530 513
str8_mask.png 153854 516 499 333
str8_mask.png 154154 517 507 292
str8_mask.png 154754 518 903 108
str8_mask.png 154870 519 927 68
str8_mask.png 155488 520 1356 179
str8_mask.png 155588 521 1512 423
str8_mask.png 155905 522 1465 646
str8_mask.png 156305 523 907 875
str8_mask.png 156421 524 1025 897
str8_mask.png 156588 525 1206 858
str8_mask.png 157021 526 507 469
str8_mask.png 157238 527 576 274
str8_mask.png 157388 528 803 102
str8_mask.png 158138 529 1497 410
#4
str8_mask.png 137237 325 763 226
str8_mask.png 137570 326 735 216
str8_mask.png 137770 327 874 930
str8_mask.png 138053 328 776 929
str8_mask.png 138453 329 1370 249
str8_mask.png 139303 330 510 513
str8_mask.png 139570 331 534 560
str8_mask.png 139753 332 603 815
str8_mask.png 140003 333 1238 894
str8_mask.png 140237 334 1403 785
str8_mask.png 140487 335 1510 570
str8_mask.png 141506 336 1122 115
str8_mask.png 142055 337 1198 942
str8_mask.png 142239 338 1204 887
str8_mask.png 142389 339 997 968
str8_mask.png 142772 340 1220 954
str8_mask.png 143089 341 1008 950
str8_mask.png 143272 342 989 935
str8_mask.png 143439 343 769 947
str8_mask.png 143672 344 565 821
str8_mask.png 143872 345 470 489
str8_mask.png 144088 346 528 367
str8_mask.png 144188 347 530 388
str8_mask.png 144338 348 715 236
str8_mask.png 144505 349 736 139
str8_mask.png 144772 350 1471 455
str8_mask.png 145655 351 1399 734
str8_mask.png 145823 352 1332 747
str8_mask.png 145907 353 1359 760
str8_mask.png 146124 354 539 791
str8_mask.png 146340 355 536 785
str8_mask.png 146607 356 453 676
str8_mask.png 146773 357 503 621
#5
str8_mask.png 133902 333 700 925
str8_mask.png 134002 334 683 949
str8_mask.png 134236 335 605 979
str8_mask.png 134968 336 890 873
str8_mask.png 135385 337 1083 880
str8_mask.png 135602 338 844 866
str8_mask.png 135802 339 848 867
str8_mask.png 135968 340 1111 901
str8_mask.png 136201 341 1093 900
str8_mask.png 136685 342 1300 766
str8_mask.png 137052 343 1395 708
str8_mask.png 137469 344 1434 545
str8_mask.png 137669 345 1418 371
str8_mask.png 137885 346 1359 268
str8_mask.png 138202 347 1312 256
str8_mask.png 138569 348 1365 268
str8_mask.png 139069 349 637 224
str8_mask.png 139535 350 680 11
str8_mask.png 139651 351 794 37
str8_mask.png 140051 352 827 74
str8_mask.png 140468 353 852 55
str8_mask.png 140668 354 566 400
str8_mask.png 141444 355 650 648
str8_mask.png 141751 356 702 719
str8_mask.png 141951 357 897 853
str8_mask.png 142368 358 809 911
str8_mask.png 142584 359 1091 920
str8_mask.png 143118 360 1058 934
#6
str8_mask.png 148102 387 990 545
str8_mask.png 148519 388 943 859
str8_mask.png 148685 389 990 972
str8_mask.png 148852 390 964 960
str8_mask.png 149352 391 1005 955
str8_mask.png 149852 392 776 972
str8_mask.png 150235 393 404 665
str8_mask.png 150535 394 387 641
str8_mask.png 150935 395 460 492
str8_mask.png 151119 396 468 384
str8_mask.png 151668 397 707 208
str8_mask.png 152402 398 730 167
str8_mask.png 152585 399 728 178
str8_mask.png 152869 400 663 199
str8_mask.png 154085 401 1523 462
str8_mask.png 155270 402 1520 450
str8_mask.png 155420 403 1487 450
str8_mask.png 155687 404 1409 687
str8_mask.png 156520 405 1378 692
str8_mask.png 156838 406 1358 710
str8_mask.png 157388 407 1005 974
str8_mask.png 157588 408 1011 977
str8_mask.png 157738 409 769 910
#7
str8_mask.png 104481 263 859 253
str8_mask.png 104931 264 939 370
str8_mask.png 105423 265 938 379
str8_mask.png 106083 266 943 332
str8_mask.png 106606 267 972 329
str8_mask.png 107091 268 881 203
str8_mask.png 107291 269 684 101
str8_mask.png 107624 270 556 717
str8_mask.png 107874 271 856 882
str8_mask.png 108108 272 1225 707
str8_mask.png 108646 273 913 396
str8_mask.png 109501 274 897 278
str8_mask.png 110667 275 905 606
str8_mask.png 112951 276 861 426
str8_mask.png 113601 277 921 442
#8
str8_mask.png 136704 441 916 477
str8_mask.png 137204 442 654 105
str8_mask.png 137338 443 665 114
str8_mask.png 137638 444 837 93
str8_mask.png 137954 445 821 67
str8_mask.png 138321 446 1082 126
str8_mask.png 138821 447 835 102
str8_mask.png 139204 448 1077 144
str8_mask.png 139504 449 1355 233
str8_mask.png 139754 450 1314 265
str8_mask.png 140288 451 1488 495
str8_mask.png 140637 452 1384 695
str8_mask.png 141287 453 1357 714
str8_mask.png 141604 454 1405 697
str8_mask.png 141854 455 1160 913
str8_mask.png 142104 456 1200 917
str8_mask.png 143374 457 947 948
str8_mask.png 144140 458 699 966
str8_mask.png 144457 459 536 857
str8_mask.png 144824 460 723 974
str8_mask.png 145224 461 500 805
str8_mask.png 145507 462 397 556
str8_mask.png 145624 463 404 558
str8_mask.png 146207 464 471 333
str8_mask.png 146324 465 463 327
str8_mask.png 146590 466 386 334
#9
str8_mask.png 129545 336 877 194
str8_mask.png 129879 337 678 165
str8_mask.png 130379 338 455 417
str8_mask.png 130595 339 464 573
str8_mask.png 130928 340 666 795
str8_mask.png 131245 341 754 900
str8_mask.png 131495 342 1011 925
str8_mask.png 131811 343 1212 883
str8_mask.png 133295 344 1382 724
str8_mask.png 133628 345 1444 578
str8_mask.png 133762 346 1417 588
str8_mask.png 133862 347 1466 524
str8_mask.png 134828 348 1479 498
str8_mask.png 135578 349 1332 314
str8_mask.png 136162 350 1148 260
str8_mask.png 136945 351 1132 225
str8_mask.png 137512 352 1302 297
str8_mask.png 138078 353 1070 217
str8_mask.png 138962 354 850 203
#10
str8_mask.png 112112 356 920 462
str8_mask.png 112190 357 917 450
str8_mask.png 112441 358 627 275
str8_mask.png 112774 359 760 156
str8_mask.png 113212 360 684 664
str8_mask.png 113382 361 536 591
str8_mask.png 113582 362 533 563
str8_mask.png 113932 363 571 730
str8_mask.png 114115 364 608 793
str8_mask.png 114416 365 804 929
str8_mask.png 114732 366 1010 967
str8_mask.png 115015 367 796 980
str8_mask.png 115266 368 752 998
str8_mask.png 115599 369 734 1023
str8_mask.png 115782 370 1021 1007
str8_mask.png 116099 371 1298 906
str8_mask.png 116233 372 1286 867
str8_mask.png 116333 373 1235 878
str8_mask.png 116833 374 1417 769
str8_mask.png 117033 375 1489 570
str8_mask.png 117217 376 1471 677
str8_mask.png 117517 377 1396 716
str8_mask.png 117934 378 1462 722
str8_mask.png 118017 379 1471 696
str8_mask.png 118667 380 1485 748
str8_mask.png 119134 381 1394 753
str8_mask.png 119717 382 1374 290
str8_mask.png 119919 383 1114 186
str8_mask.png 120419 384 705 132
str8_mask.png 120586 385 764 142
str8_mask.png 121054 386 1482 696
str8_mask.png 121288 387 1396 705
str8_mask.png 121455 388 1516 507
#11
str8_mask.png 135781 344 854 395
str8_mask.png 136023 345 689 160
str8_mask.png 136439 346 1044 118
str8_mask.png 137077 347 820 75
str8_mask.png 137299 348 793 33
str8_mask.png 137866 349 788 48
str8_mask.png 138183 350 763 30
str8_mask.png 138433 351 799 21
str8_mask.png 138933 352 819 34
str8_mask.png 139250 353 1036 82
str8_mask.png 139483 354 1040 99
str8_mask.png 139666 355 1017 135
str8_mask.png 139800 356 997 123
str8_mask.png 140116 357 1047 99
str8_mask.png 140450 358 1112 133
str8_mask.png 140633 359 1040 154
str8_mask.png 140783 360 1059 175
str8_mask.png 140983 361 1046 194
str8_mask.png 141233 362 1018 179
str8_mask.png 141383 363 1006 124
str8_mask.png 141716 364 1026 81
str8_mask.png 141916 365 1328 231
str8_mask.png 142383 366 1468 438
str8_mask.png 142700 367 1520 481
str8_mask.png 143000 368 1547 474
str8_mask.png 143383 369 1463 410
str8_mask.png 143616 370 1554 498
str8_mask.png 144200 371 1406 661
str8_mask.png 144450 372 1342 720
str8_mask.png 144783 373 1383 669
str8_mask.png 145116 374 1176 875
str8_mask.png 145366 375 1177 895
str8_mask.png 145683 376 1187 831
#12
str8_mask.png 150558 438 749 116
str8_mask.png 151074 439 452 407
str8_mask.png 151358 440 458 523
str8_mask.png 151575 441 1413 340
str8_mask.png 151759 442 1307 246
str8_mask.png 151959 443 852 104
str8_mask.png 152176 444 855 109
str8_mask.png 152693 446 597 213
str8_mask.png 152776 447 683 222
str8_mask.png 152943 448 662 392
str8_mask.png 153159 449 441 525
str8_mask.png 153459 450 1474 459
str8_mask.png 153560 451 1405 461
str8_mask.png 153794 452 1087 842
str8_mask.png 154227 453 897 354
str8_mask.png 154479 454 729 216
str8_mask.png 154846 455 477 438
str8_mask.png 154928 456 544 451
str8_mask.png 155063 457 485 528
str8_mask.png 155479 458 746 176
str8_mask.png 155746 459 1164 176
str8_mask.png 159026 462 1213 839
str8_mask.png 159195 463 646 665
str8_mask.png 159395 464 456 527
str8_mask.png 159494 465 508 520
str8_mask.png 159694 466 1179 554
#13
str8_mask.png 130993 392 965 406
str8_mask.png 131218 393 884 151
str8_mask.png 131418 394 1030 127
str8_mask.png 131685 395 1074 140
str8_mask.png 131935 396 1151 163
str8_mask.png 132051 397 1317 270
str8_mask.png 132585 398 1436 481
str8_mask.png 133334 399 1387 683
str8_mask.png 134068 400 1269 749
str8_mask.png 134568 401 1168 873
str8_mask.png 134818 402 947 874
str8_mask.png 135118 403 849 942
str8_mask.png 135318 404 729 966
str8_mask.png 135818 405 577 831
str8_mask.png 136251 406 506 744
str8_mask.png 136351 407 454 587
str8_mask.png 137067 408 505 580
str8_mask.png 137467 409 435 557
str8_mask.png 138067 410 466 361
str8_mask.png 138634 411 620 211
str8_mask.png 138817 412 674 140
str8_mask.png 139300 413 690 110
str8_mask.png 139484 414 859 88
str8_mask.png 140384 415 899 116
str8_mask.png 140550 416 1089 147
str8_mask.png 140867 417 1346 240
str8_mask.png 141012 418 1320 255
#14
str8_mask.png 183039 521 690 97
str8_mask.png 183456 522 875 71
str8_mask.png 183556 523 872 30
str8_mask.png 183789 524 832 14
str8_mask.png 184356 526 1147 90
str8_mask.png 184572 527 1090 85
str8_mask.png 184822 528 1348 209
str8_mask.png 185322 529 1322 223
str8_mask.png 185539 530 1479 438
str8_mask.png 185822 531 1545 445
str8_mask.png 186139 532 1410 679
str8_mask.png 186456 533 1392 694
str8_mask.png 186989 534 1204 851
str8_mask.png 187438 535 1227 842
str8_mask.png 187588 536 1001 916
str8_mask.png 187889 537 966 905
str8_mask.png 188089 538 741 921
str8_mask.png 188589 539 528 788
str8_mask.png 188722 540 581 779
str8_mask.png 188988 541 459 590
str8_mask.png 189138 542 464 546
str8_mask.png 189371 543 506 534
str8_mask.png 190022 544 524 295
str8_mask.png 190438 545 469 297
str8_mask.png 190788 546 742 73
str8_mask.png 191038 547 900 62
str8_mask.png 191488 548 1383 256
str8_mask.png 191805 549 1333 258
str8_mask.png 191972 550 1508 468
#15
str8_mask.png 132328 452 1161 444
str8_mask.png 132394 453 1169 436
str8_mask.png 132711 454 1097 476
str8_mask.png 132894 455 965 256
str8_mask.png 133061 456 711 222
str8_mask.png 133961 457 1358 293
str8_mask.png 134078 458 1303 327
str8_mask.png 134361 459 1320 371
str8_mask.png 134562 460 1471 540
str8_mask.png 134995 461 1098 851
str8_mask.png 135178 462 940 928
str8_mask.png 135662 463 713 960
str8_mask.png 135945 464 466 719
str8_mask.png 136127 465 425 580
str8_mask.png 136578 466 655 301
str8_mask.png 136844 467 712 276
str8_mask.png 137044 468 720 212
str8_mask.png 137545 469 1366 318
str8_mask.png 137678 470 1307 356
str8_mask.png 137962 471 1438 529
str8_mask.png 138295 472 1293 370
str8_mask.png 138712 473 1006 920
str8_mask.png 138928 474 962 937
str8_mask.png 139428 475 653 562
str8_mask.png 139562 476 446 584
str8_mask.png 139794 477 728 209
str8_mask.png 140194 478 878 168
str8_mask.png 140477 479 1226 341
str8_mask.png 140778 480 1103 353
str8_mask.png 140961 481 986 509
str8_mask.png 141211 482 672 807
str8_mask.png 141378 483 526 841
str8_mask.png 141561 484 425 602
str8_mask.png 141778 485 493 593
str8_mask.png 142244 486 1186 897
#16
str8_mask.png 154223 428 983 116
str8_mask.png 154877 429 1014 165
str8_mask.png 155360 430 1144 171
str8_mask.png 155960 431 1250 142
str8_mask.png 156110 432 1432 239
str8_mask.png 156945 433 1550 397
str8_mask.png 157228 434 1478 679
str8_mask.png 157345 435 1478 718
str8_mask.png 157528 436 1415 750
str8_mask.png 157828 437 1237 882
str8_mask.png 158211 438 1226 899
str8_mask.png 158528 439 965 966
str8_mask.png 158678 440 970 955
str8_mask.png 158828 441 975 978
str8_mask.png 158978 442 968 973
str8_mask.png 159978 443 705 1015
str8_mask.png 160345 444 540 847
str8_mask.png 161094 445 594 778
str8_mask.png 161695 446 625 780
str8_mask.png 162060 447 491 806
str8_mask.png 162310 448 454 546
str8_mask.png 162660 449 438 531
str8_mask.png 162993 450 525 324
str8_mask.png 163293 451 506 344
str8_mask.png 163544 452 716 124
#17
str8_mask.png 153047 444 752 56
str8_mask.png 153347 445 1443 233
str8_mask.png 153714 446 989 819
str8_mask.png 153847 447 919 902
str8_mask.png 154064 448 702 922
str8_mask.png 154497 449 445 571
str8_mask.png 154713 450 519 587
str8_mask.png 154947 451 504 321
str8_mask.png 155230 452 1544 493
str8_mask.png 155381 453 1461 488
str8_mask.png 155581 454 1360 720
str8_mask.png 156064 455 1331 747
str8_mask.png 156713 456 1377 728
str8_mask.png 157144 457 1374 737
str8_mask.png 157400 458 1348 751
str8_mask.png 157800 459 1368 615
str8_mask.png 158000 460 1385 468
str8_mask.png 158200 461 1358 268
str8_mask.png 158517 462 1097 156
str8_mask.png 159067 463 549 38
str8_mask.png 159866 464 446 365
str8_mask.png 160050 465 407 582
str8_mask.png 160266 466 501 552
str8_mask.png 160433 467 492 583
str8_mask.png 160583 468 492 561
str8_mask.png 160883 469 442 559
str8_mask.png 161349 470 529 563
str8_mask.png 161983 471 497 556
str8_mask.png 162399 472 526 579
#18
str8_mask.png 115094 377 864 202
str8_mask.png 115244 378 731 174
str8_mask.png 115811 379 694 134
str8_mask.png 115944 380 721 138
str8_mask.png 116111 381 1258 221
str8_mask.png 116327 382 1041 163
str8_mask.png 116511 383 899 139
str8_mask.png 116761 384 1369 313
str8_mask.png 117060 385 1325 306
str8_mask.png 117210 386 1106 199
str8_mask.png 117494 387 1362 336
str8_mask.png 117694 388 1311 307
str8_mask.png 117927 389 1376 312
str8_mask.png 118127 390 1388 648
str8_mask.png 118360 391 1070 888
str8_mask.png 118660 392 1355 777
str8_mask.png 118927 393 1375 732
str8_mask.png 119160 394 982 938
str8_mask.png 119427 395 803 926
str8_mask.png 119744 396 958 950
str8_mask.png 119910 397 720 998
str8_mask.png 120260 398 567 850
str8_mask.png 120460 399 470 621
str8_mask.png 120910 400 470 589
str8_mask.png 121177 401 495 339
str8_mask.png 121460 402 721 247
str8_mask.png 121894 403 804 184
str8_mask.png 122177 404 948 176
str8_mask.png 122343 405 1108 193
str8_mask.png 122560 406 737 151
str8_mask.png 122827 407 513 269
str8_mask.png 122994 408 520 318
str8_mask.png 123294 409 462 336
str8_mask.png 123493 410 464 528
str8_mask.png 123693 411 500 567
str8_mask.png 123926 412 512 588
str8_mask.png 124326 413 649 784
str8_mask.png 124576 414 624 812
#19
str8_mask.png 104677 382 772 160
str8_mask.png 104911 383 720 150
str8_mask.png 105211 384 1343 305
str8_mask.png 105578 385 1481 490
str8_mask.png 105995 386 1392 698
str8_mask.png 106345 387 1028 934
str8_mask.png 106611 388 861 920
str8_mask.png 106778 389 1321 776
str8_mask.png 107078 390 1197 890
str8_mask.png 107428 391 955 936
str8_mask.png 107745 392 744 959
str8_mask.png 108178 393 558 816
str8_mask.png 108395 394 445 556
str8_mask.png 108478 395 470 561
str8_mask.png 108778 396 531 587
str8_mask.png 109261 397 505 367
str8_mask.png 109694 398 734 127
str8_mask.png 110011 399 904 109
str8_mask.png 110444 400 1368 254
str8_mask.png 110545 401 1326 290
str8_mask.png 111045 402 1465 511
str8_mask.png 111495 403 527 591
str8_mask.png 112127 404 768 927
str8_mask.png 112527 405 975 952
str8_mask.png 112811 406 1180 925
str8_mask.png 113061 407 1357 765
str8_mask.png 113345 408 1476 512
str8_mask.png 113528 409 1354 311
str8_mask.png 113878 410 1105 198
str8_mask.png 114128 411 875 142
str8_mask.png 114411 412 830 97
#20
str8_mask.png 113870 381 767 151
str8_mask.png 114353 382 918 165
str8_mask.png 114720 383 1305 309
str8_mask.png 114953 384 1091 164
str8_mask.png 115303 385 894 113
str8_mask.png 115637 386 1388 338
str8_mask.png 116170 387 1219 785
str8_mask.png 116420 388 947 900
str8_mask.png 116703 389 603 774
str8_mask.png 117170 390 455 466
str8_mask.png 117403 391 495 554
str8_mask.png 119770 392 1036 294
str8_mask.png 120270 393 1340 283
str8_mask.png 120570 394 1296 318
str8_mask.png 120853 395 1493 531
str8_mask.png 121620 396 928 162
str8_mask.png 122053 397 696 137
str8_mask.png 122903 398 963 897
str8_mask.png 123336 399 1318 752
#21
str8_mask.png 121064 387 999 514
str8_mask.png 121248 388 916 384
str8_mask.png 121464 389 901 154
str8_mask.png 121781 390 883 92
str8_mask.png 122381 391 1109 141
str8_mask.png 122648 392 1136 115
str8_mask.png 123299 393 1305 243
str8_mask.png 123649 394 1436 366
str8_mask.png 123899 395 1473 432
str8_mask.png 124199 396 1472 453
str8_mask.png 124432 397 1377 620
str8_mask.png 124682 398 1377 667
str8_mask.png 124898 399 1358 695
str8_mask.png 125182 400 1343 726
str8_mask.png 125415 401 1194 849
str8_mask.png 125765 402 1175 894
str8_mask.png 126032 403 944 914
str8_mask.png 126732 404 703 969
str8_mask.png 127065 405 718 942
str8_mask.png 127431 406 532 798
str8_mask.png 127615 407 418 615
str8_mask.png 128031 408 418 557
str8_mask.png 128281 409 487 354
str8_mask.png 128614 410 609 243
str8_mask.png 128798 411 699 152
str8_mask.png 129064 412 711 112
str8_mask.png 129464 413 885 78
str8_mask.png 130498 414 1021 126
#22
str8_mask.png 104471 327 948 219
str8_mask.png 104605 328 857 184
str8_mask.png 104938 329 921 197
str8_mask.png 105188 330 1099 214
str8_mask.png 105505 331 1203 232
str8_mask.png 105638 332 1327 292
str8_mask.png 105855 333 1366 324
str8_mask.png 106172 334 1472 461
str8_mask.png 106556 335 1503 510
str8_mask.png 106940 336 1396 691
str8_mask.png 107073 337 1373 713
str8_mask.png 107273 338 1217 860
str8_mask.png 107690 339 1006 882
str8_mask.png 107973 340 809 884
str8_mask.png 108156 341 800 885
str8_mask.png 108289 342 738 854
str8_mask.png 108540 343 577 822
str8_mask.png 109089 344 476 595
str8_mask.png 109472 345 481 599
str8_mask.png 109639 346 441 554
str8_mask.png 109872 347 479 377
str8_mask.png 110172 348 602 282
str8_mask.png 110489 349 704 178
str8_mask.png 110906 350 698 212
str8_mask.png 111156 351 711 161
str8_mask.png 111389 352 865 161
str8_mask.png 111806 353 1117 211
str8_mask.png 112056 354 1313 312
str8_mask.png 112206 355 1368 340
str8_mask.png 112406 356 1356 320
str8_mask.png 112540 357 1384 327
str8_mask.png 113140 358 1524 440
str8_mask.png 113507 359 1410 626
str8_mask.png 113690 360 1347 690
#23
str8_mask.png 143612 495 903 290
str8_mask.png 143794 496 873 173
str8_mask.png 143994 497 872 118
str8_mask.png 144461 498 792 134
str8_mask.png 144627 499 702 137
str8_mask.png 145027 500 691 117
str8_mask.png 145261 501 488 287
str8_mask.png 145444 502 433 320
str8_mask.png 145577 503 481 327
str8_mask.png 145860 504 500 562
str8_mask.png 146460 505 591 752
str8_mask.png 146610 506 614 727
str8_mask.png 146743 507 460 574
str8_mask.png 147127 508 545 553
str8_mask.png 147393 509 649 783
str8_mask.png 147677 510 811 876
str8_mask.png 148311 511 903 854
str8_mask.png 148584 512 897 825
str8_mask.png 148877 513 820 897
str8_mask.png 149133 514 1073 929
str8_mask.png 149370 515 1086 909
str8_mask.png 149753 516 1041 937
str8_mask.png 150246 517 1122 924
str8_mask.png 150465 518 1309 878
str8_mask.png 150611 519 1448 718
str8_mask.png 150886 520 1480 552
str8_mask.png 151032 521 1514 514
str8_mask.png 151272 522 1397 292
str8_mask.png 151506 523 1343 289
str8_mask.png 151722 524 1142 174
str8_mask.png 152006 525 1069 201
str8_mask.png 152589 526 1129 205
str8_mask.png 152872 527 1063 162
str8_mask.png 153139 528 1351 276
#24
str8_mask.png 103442 319 710 91
str8_mask.png 103892 320 879 83
str8_mask.png 104059 321 1244 640
str8_mask.png 104209 322 1138 806
str8_mask.png 104442 323 1359 154
str8_mask.png 104659 324 1386 183
str8_mask.png 104809 325 1322 209
str8_mask.png 105425 326 1406 242
str8_mask.png 105875 327 1499 432
str8_mask.png 106142 328 1530 472
str8_mask.png 106542 329 1416 678
str8_mask.png 106775 330 1366 705
str8_mask.png 107225 331 1133 865
str8_mask.png 107558 332 989 890
str8_mask.png 108175 333 1008 908
str8_mask.png 108342 334 813 847
str8_mask.png 108592 335 1020 212
str8_mask.png 108825 336 1095 191
str8_mask.png 109725 337 883 282
str8_mask.png 109892 338 772 205
str8_mask.png 110058 339 694 192
str8_mask.png 110441 340 534 308
str8_mask.png 110558 341 567 306
str8_mask.png 110824 342 492 491
str8_mask.png 110941 343 519 528
str8_mask.png 111274 344 584 732
str8_mask.png 111691 345 653 758
str8_mask.png 112157 346 874 843
str8_mask.png 112724 347 887 262
#25
str8_mask.png 131260 375 1017 481
str8_mask.png 131600 376 1015 491
str8_mask.png 132033 377 1026 461
str8_mask.png 132400 378 1056 447
str8_mask.png 132516 379 1042 485
str8_mask.png 133150 380 1047 473
str8_mask.png 133500 381 1040 439
str8_mask.png 134033 382 1064 433
str8_mask.png 134250 383 1060 458
str8_mask.png 134666 384 1081 433
str8_mask.png 134816 385 1079 417
str8_mask.png 135283 386 1059 433
str8_mask.png 135499 387 1086 403
str8_mask.png 135666 388 1090 399
str8_mask.png 135833 389 1079 443
str8_mask.png 136083 390 1078 482
str8_mask.png 136333 391 1066 515
str8_mask.png 136916 392 1054 500
str8_mask.png 137283 393 1028 525
str8_mask.png 137666 394 1022 501
str8_mask.png 138917 395 949 395
str8_mask.png 139202 396 923 427
str8_mask.png 139419 397 932 435
str8_mask.png 139804 398 939 431
str8_mask.png 139987 399 932 457
str8_mask.png 140354 400 931 415
str8_mask.png 140604 401 917 459
#26
str8_mask.png 144845 446 801 731
str8_mask.png 145111 447 1020 937
str8_mask.png 145311 448 1060 917
str8_mask.png 145461 449 1037 967
str8_mask.png 145628 450 1032 971
str8_mask.png 145995 451 1046 1030
str8_mask.png 146261 452 1325 979
str8_mask.png 146611 453 1446 816
str8_mask.png 146795 454 1040 943
str8_mask.png 146961 455 1082 950
str8_mask.png 147128 456 998 948
str8_mask.png 147411 457 1609 604
str8_mask.png 147596 458 1411 480
str8_mask.png 147846 459 1502 519
str8_mask.png 148046 460 1269 241
str8_mask.png 148363 461 1039 143
str8_mask.png 148615 462 934 112
str8_mask.png 148758 463 737 82
str8_mask.png 149423 464 685 121
str8_mask.png 149640 465 612 85
str8_mask.png 150473 466 505 566
str8_mask.png 150823 467 415 577
str8_mask.png 151206 468 347 610
str8_mask.png 151356 469 432 586
str8_mask.png 151473 470 442 563
str8_mask.png 151923 471 507 557
str8_mask.png 152423 472 756 1004
str8_mask.png 152723 473 844 928
str8_mask.png 152989 474 1021 958
str8_mask.png 153306 475 1262 929
str8_mask.png 153573 476 1120 150
str8_mask.png 153823 477 931 183
str8_mask.png 154190 478 762 254
str8_mask.png 154440 479 406 420
#27
str8_mask.png 104966 350 785 100
str8_mask.png 105149 351 639 106
str8_mask.png 105282 352 809 80
str8_mask.png 105382 353 744 159
str8_mask.png 105732 354 590 305
str8_mask.png 106032 355 493 520
str8_mask.png 106382 356 588 742
str8_mask.png 106799 357 797 890
str8_mask.png 107265 358 1027 913
str8_mask.png 107582 359 1037 894
str8_mask.png 107949 360 1214 889
str8_mask.png 108333 361 1311 790
str8_mask.png 108716 362 1345 683
str8_mask.png 108832 363 1461 493
str8_mask.png 109232 364 1361 307
str8_mask.png 110133 365 915 148
str8_mask.png 110349 366 819 146
str8_mask.png 110899 367 851 257
str8_mask.png 111182 368 871 320
str8_mask.png 111366 369 937 566
str8_mask.png 111816 370 980 555
str8_mask.png 111916 371 956 556
str8_mask.png 112083 372 947 561
str8_mask.png 112566 373 948 567
str8_mask.png 112833 374 935 544
str8_mask.png 113700 375 942 514
str8_mask.png 114233 376 958 502
#28
str8_mask.png 156056 469 771 218
str8_mask.png 156239 470 724 152
str8_mask.png 156689 471 871 133
str8_mask.png 156956 472 717 158
str8_mask.png 157289 473 722 192
str8_mask.png 157739 474 1012 905
str8_mask.png 157989 475 816 880
str8_mask.png 158706 476 1465 396
str8_mask.png 158989 477 1416 322
str8_mask.png 159339 478 1562 484
str8_mask.png 159556 479 1516 512
str8_mask.png 159640 480 1543 544
str8_mask.png 159923 481 1415 698
str8_mask.png 160173 482 1409 703
str8_mask.png 160356 483 1365 731
str8_mask.png 160773 484 1339 755
str8_mask.png 161323 485 701 158
str8_mask.png 161523 486 675 130
str8_mask.png 161940 487 675 192
str8_mask.png 162206 488 836 147
str8_mask.png 162573 489 469 289
str8_mask.png 163040 490 472 296
str8_mask.png 163140 491 443 318
str8_mask.png 163423 492 1072 199
str8_mask.png 163856 493 1129 169
str8_mask.png 164488 494 430 485
str8_mask.png 164606 495 465 525
str8_mask.png 165140 496 488 553
str8_mask.png 165506 497 540 564
#29
str8_mask.png 148881 469 867 181
str8_mask.png 149097 470 888 110
str8_mask.png 149498 471 738 162
str8_mask.png 149698 472 1113 147
str8_mask.png 150181 473 1292 262
str8_mask.png 150465 474 1278 300
str8_mask.png 150915 475 1333 293
str8_mask.png 151665 476 1450 453
str8_mask.png 152031 477 1412 460
str8_mask.png 152548 478 1451 496
str8_mask.png 152881 479 1359 699
str8_mask.png 153264 480 1335 747
str8_mask.png 153548 481 1159 866
str8_mask.png 154181 482 955 952
str8_mask.png 154648 483 958 911
str8_mask.png 154915 484 935 916
str8_mask.png 155431 485 725 949
str8_mask.png 155848 486 806 897
str8_mask.png 156181 487 532 800
str8_mask.png 156264 488 564 807
str8_mask.png 156614 489 452 586
str8_mask.png 157064 490 504 575
str8_mask.png 157314 491 468 578
str8_mask.png 157697 492 448 572
str8_mask.png 158064 493 510 360
#30
str8_mask.png 133626 475 666 273
str8_mask.png 133859 476 799 184
str8_mask.png 134042 477 710 169
str8_mask.png 134342 478 952 170
str8_mask.png 134509 479 953 191
str8_mask.png 134676 480 1164 273
str8_mask.png 134826 481 1346 270
str8_mask.png 134976 482 1326 289
str8_mask.png 135276 483 1450 505
str8_mask.png 135559 484 1356 726
str8_mask.png 135759 485 1097 892
str8_mask.png 135959 486 782 924
str8_mask.png 136176 487 420 658
str8_mask.png 136409 488 476 589
str8_mask.png 136559 489 467 367
str8_mask.png 136859 490 755 186
str8_mask.png 137176 491 696 174
str8_mask.png 137726 492 531 489
str8_mask.png 137976 493 465 619
str8_mask.png 138242 494 415 588
str8_mask.png 138376 495 489 574
str8_mask.png 138742 496 616 806
str8_mask.png 138942 497 803 882
str8_mask.png 139209 498 713 961
str8_mask.png 139525 499 739 948
str8_mask.png 139642 500 969 928
str8_mask.png 140142 501 1183 908
str8_mask.png 140442 502 1206 897
str8_mask.png 140692 503 1397 734
str8_mask.png 140943 504 1344 750
str8_mask.png 141176 505 1430 388
str8_mask.png 141409 506 1363 339
str8_mask.png 141709 507 1307 316
str8_mask.png 142009 508 1380 233
str8_mask.png 142376 509 1474 467
str8_mask.png 142576 510 1322 312
str8_mask.png 142993 511 1486 499
str8_mask.png 143259 512 1527 533
#31
str8_mask.png 127161 456 918 409
str8_mask.png 127494 457 621 240
str8_mask.png 127661 458 666 120
str8_mask.png 127927 459 848 91
str8_mask.png 128211 460 1128 131
str8_mask.png 128394 461 1331 247
str8_mask.png 128661 462 1302 285
str8_mask.png 129294 463 1358 271
str8_mask.png 129560 464 1471 447
str8_mask.png 129794 465 1324 290
str8_mask.png 129977 466 1461 516
str8_mask.png 130227 467 1358 726
str8_mask.png 130594 468 1358 689
str8_mask.png 131027 469 1098 901
str8_mask.png 131177 470 957 887
str8_mask.png 132060 471 567 812
str8_mask.png 132310 472 399 495
str8_mask.png 132410 473 431 505
str8_mask.png 132677 474 477 524
str8_mask.png 132977 475 494 323
str8_mask.png 133394 476 567 284
str8_mask.png 133794 477 523 315
str8_mask.png 134077 478 765 153
str8_mask.png 134327 479 934 95
str8_mask.png 134610 480 1138 125
str8_mask.png 135310 481 1399 218
str8_mask.png 135444 482 1341 253
str8_mask.png 135594 483 1092 175
str8_mask.png 135794 484 720 127
str8_mask.png 136111 485 666 132
str8_mask.png 136411 486 883 120
str8_mask.png 136827 487 545 686
str8_mask.png 137011 488 425 572
#32
str8_mask.png 127870 421 950 396
str8_mask.png 128103 422 868 180
str8_mask.png 128370 423 726 145
str8_mask.png 128706 424 922 98
str8_mask.png 129357 425 899 72
str8_mask.png 129657 426 1025 103
str8_mask.png 129924 427 1156 125
str8_mask.png 130140 428 1140 160
str8_mask.png 130424 429 1401 277
str8_mask.png 130541 430 1367 262
str8_mask.png 130624 431 1326 257
str8_mask.png 130858 432 1471 397
str8_mask.png 131108 433 1508 477
str8_mask.png 131358 434 1405 694
str8_mask.png 131558 435 1404 717
str8_mask.png 131694 436 1375 730
str8_mask.png 132132 437 1176 864
str8_mask.png 132220 438 1174 837
str8_mask.png 132326 439 1204 831
str8_mask.png 132546 440 1009 884
str8_mask.png 132929 441 884 892
str8_mask.png 133213 442 999 893
str8_mask.png 133429 443 975 898
str8_mask.png 133712 444 882 892
str8_mask.png 134063 445 964 935
str8_mask.png 134396 446 979 959
str8_mask.png 134696 447 748 928
str8_mask.png 134996 448 519 651
str8_mask.png 135195 449 524 553
str8_mask.png 135596 450 556 577
str8_mask.png 135812 451 645 797
str8_mask.png 136296 452 659 204
str8_mask.png 136429 453 675 212
str8_mask.png 136696 454 733 129
str8_mask.png 136862 455 541 328
str8_mask.png 137284 456 531 326
str8_mask.png 137454 457 708 216
str8_mask.png 137542 458 661 266
str8_mask.png 137715 459 652 275
#33
str8_mask.png 173946 488 1014 853
str8_mask.png 175515 489 986 844
str8_mask.png 175948 490 493 435
str8_mask.png 176415 491 496 467
str8_mask.png 176631 492 456 444
str8_mask.png 178098 493 1117 867
str8_mask.png 178448 494 1405 637
str8_mask.png 179215 495 867 7
str8_mask.png 179498 496 773 48
str8_mask.png 179615 497 733 40
str8_mask.png 180149 498 702 5
str8_mask.png 180834 500 927 4
str8_mask.png 181086 501 1369 659
str8_mask.png 181387 502 1407 677
str8_mask.png 182037 503 1412 660
#34
str8_mask.png 125485 355 943 525
str8_mask.png 125818 356 830 189
str8_mask.png 126318 357 726 141
str8_mask.png 126851 358 894 126
str8_mask.png 127134 359 1134 166
str8_mask.png 127468 360 1381 207
str8_mask.png 127718 361 1362 311
str8_mask.png 128018 362 1479 459
str8_mask.png 128302 363 1472 563
str8_mask.png 128518 364 1400 718
str8_mask.png 128952 365 1238 870
str8_mask.png 129335 366 1217 893
str8_mask.png 129585 367 1021 924
str8_mask.png 129885 368 782 957
str8_mask.png 130085 369 770 956
str8_mask.png 130285 370 602 827
str8_mask.png 130768 371 458 530
str8_mask.png 131334 372 536 553
str8_mask.png 132303 373 920 196
str8_mask.png 132519 374 1169 191
str8_mask.png 132786 375 1187 498
str8_mask.png 133086 376 1330 796
str8_mask.png 133369 377 829 1014
str8_mask.png 135348 379 928 719
#35
str8_mask.png 127448 431 854 150
str8_mask.png 127681 432 850 118
str8_mask.png 127931 433 702 120
str8_mask.png 128231 434 1164 129
str8_mask.png 128448 435 1392 262
str8_mask.png 128682 436 1072 170
str8_mask.png 129182 437 1022 95
str8_mask.png 129417 438 1310 273
str8_mask.png 129933 439 1448 415
str8_mask.png 130267 440 1311 255
str8_mask.png 130666 441 1304 732
str8_mask.png 130950 442 1202 805
str8_mask.png 131316 443 919 897
str8_mask.png 131583 444 1391 721
str8_mask.png 131966 445 517 847
str8_mask.png 132116 446 548 854
str8_mask.png 132233 447 445 590
str8_mask.png 132583 448 351 571
str8_mask.png 132866 449 485 576
str8_mask.png 133666 450 514 579
str8_mask.png 133885 451 538 315
str8_mask.png 134301 452 445 323
str8_mask.png 134568 453 689 218
str8_mask.png 134768 454 709 126
str8_mask.png 135018 455 873 123
str8_mask.png 135334 456 841 121
str8_mask.png 135934 457 1116 154
str8_mask.png 136218 458 1067 161
str8_mask.png 136434 459 1365 289
str8_mask.png 136668 460 737 880
str8_mask.png 137002 461 511 780
str8_mask.png 137101 462 546 800
#36
str8_mask.png 139326 447 973 507
str8_mask.png 140233 448 481 446
str8_mask.png 140367 449 472 418
str8_mask.png 140950 450 698 151
str8_mask.png 141567 451 851 113
str8_mask.png 142050 452 1158 154
str8_mask.png 142333 453 1166 144
str8_mask.png 142700 454 1447 282
str8_mask.png 143067 455 1509 510
str8_mask.png 143234 456 1391 238
str8_mask.png 143417 457 1386 273
str8_mask.png 143584 458 1235 886
str8_mask.png 143884 459 867 923
str8_mask.png 144267 460 600 778
str8_mask.png 144366 461 568 774
str8_mask.png 144816 462 1126 870
str8_mask.png 145500 463 1422 650
str8_mask.png 145684 464 1425 657
str8_mask.png 145967 465 1426 654
str8_mask.png 146450 466 1427 651
str8_mask.png 146867 467 1406 666
str8_mask.png 147084 468 1422 631
str8_mask.png 147517 469 1410 660
str8_mask.png 147767 470 1406 657
str8_mask.png 147883 471 1422 629
str8_mask.png 148033 472 1429 621
str8_mask.png 148317 473 1434 625
str8_mask.png 148533 474 1421 654
str8_mask.png 148983 475 1436 623
#37
str8_mask.png 114926 390 798 95
str8_mask.png 115010 391 744 74
str8_mask.png 115360 392 1312 137
str8_mask.png 115543 393 1312 151
str8_mask.png 115777 394 1318 162
str8_mask.png 115960 395 1319 155
str8_mask.png 116460 396 1003 150
str8_mask.png 117744 399 943 187
str8_mask.png 118994 400 1440 514
str8_mask.png 119161 401 1388 668
str8_mask.png 119361 402 1152 825
str8_mask.png 119627 403 977 903
str8_mask.png 119827 404 688 952
str8_mask.png 120027 405 944 953
str8_mask.png 120194 406 386 609
str8_mask.png 120293 407 453 620
str8_mask.png 120777 408 1239 483
str8_mask.png 121077 409 1347 261
str8_mask.png 121377 410 713 124
str8_mask.png 121677 411 596 197
str8_mask.png 121777 412 672 204
str8_mask.png 121877 413 678 163
str8_mask.png 122244 414 698 159
str8_mask.png 122494 415 510 306
str8_mask.png 122710 416 930 143
str8_mask.png 122844 417 915 156
str8_mask.png 123227 418 1327 533
str8_mask.png 123327 419 1346 694
str8_mask.png 123578 420 1101 855
str8_mask.png 123778 421 881 921
str8_mask.png 123927 422 714 943
str8_mask.png 124277 423 465 777
str8_mask.png 124360 424 517 774
#38
str8_mask.png 122914 376 864 189
str8_mask.png 123247 377 1076 183
str8_mask.png 123447 378 1137 186
str8_mask.png 123631 379 1343 270
str8_mask.png 123931 380 1448 492
str8_mask.png 124097 381 1389 762
str8_mask.png 124447 382 1350 772
str8_mask.png 124681 383 1089 939
str8_mask.png 124814 384 979 936
str8_mask.png 124981 385 777 939
str8_mask.png 125181 386 594 817
str8_mask.png 125397 387 450 566
str8_mask.png 125581 388 526 330
str8_mask.png 125830 389 524 551
str8_mask.png 126247 390 535 284
str8_mask.png 126430 391 486 338
str8_mask.png 126613 392 525 573
str8_mask.png 127063 393 1502 515
str8_mask.png 127181 394 1493 476
str8_mask.png 127564 395 944 964
str8_mask.png 127916 396 755 950
str8_mask.png 128232 397 713 994
str8_mask.png 128516 398 1005 262
str8_mask.png 128632 399 1095 153
str8_mask.png 128866 400 880 112
str8_mask.png 129032 401 702 129
str8_mask.png 129232 402 760 114
str8_mask.png 129382 403 697 117
str8_mask.png 129749 404 690 177
str8_mask.png 129999 405 1288 249
str8_mask.png 130182 406 1337 276
str8_mask.png 130449 407 1297 312
str8_mask.png 130666 408 1098 186
str8_mask.png 130915 409 1058 211
str8_mask.png 131132 410 1449 615
str8_mask.png 131299 411 1388 730
str8_mask.png 131515 412 1340 752
str8_mask.png 131732 413 1334 773
str8_mask.png 131916 414 1084 676
str8_mask.png 132499 415 833 639
str8_mask.png 132631 416 589 741
#39
str8_mask.png 116779 343 1141 377
str8_mask.png 117415 344 745 104
str8_mask.png 117948 345 1188 136
str8_mask.png 118416 346 1309 215
str8_mask.png 118616 347 1262 191
str8_mask.png 118882 348 1296 197
str8_mask.png 119232 349 1500 448
str8_mask.png 119332 350 1393 700
str8_mask.png 119532 351 1127 853
str8_mask.png 119699 352 1388 684
str8_mask.png 119915 353 1038 858
str8_mask.png 120082 354 963 899
str8_mask.png 120332 355 927 884
str8_mask.png 120466 356 713 922
str8_mask.png 121673 357 463 308
str8_mask.png 121873 358 739 132
str8_mask.png 122040 359 471 259
str8_mask.png 122256 360 456 297
str8_mask.png 122656 361 574 282
str8_mask.png 123957 362 1295 189
str8_mask.png 124157 363 1135 598
str8_mask.png 124290 364 963 899
str8_mask.png 124807 365 939 898
str8_mask.png 125173 366 720 905
str8_mask.png 125607 367 977 886
str8_mask.png 125873 368 1009 888
str8_mask.png 126423 369 949 911
#40
str8_mask.png 122762 385 1040 397
str8_mask.png 122815 386 1011 413
str8_mask.png 123067 387 947 144
str8_mask.png 123220 388 947 152
str8_mask.png 123503 389 786 160
str8_mask.png 123720 390 1159 161
str8_mask.png 124070 391 943 76
str8_mask.png 124236 392 794 105
str8_mask.png 124736 393 769 87
str8_mask.png 125120 394 929 446
str8_mask.png 125903 395 974 518
str8_mask.png 126169 396 566 543
str8_mask.png 126403 397 517 566
str8_mask.png 126686 398 614 798
str8_mask.png 126919 399 641 772
str8_mask.png 127153 400 839 691
str8_mask.png 127453 401 727 813
str8_mask.png 127586 402 822 880
str8_mask.png 127953 403 1003 912
str8_mask.png 128453 404 1018 901
str8_mask.png 128803 405 1254 826
str8_mask.png 129353 406 1251 823
str8_mask.png 129636 407 1484 501
str8_mask.png 129853 408 1461 421
str8_mask.png 130437 409 1418 626
str8_mask.png 131020 410 1153 630
str8_mask.png 131504 411 1051 508
str8_mask.png 131904 412 1372 629
str8_mask.png 132570 413 1365 658
#41
str8_mask.png 113308 382 826 245
str8_mask.png 113541 383 947 213
str8_mask.png 113758 384 1143 228
str8_mask.png 114341 385 1198 231
str8_mask.png 114792 386 1295 296
str8_mask.png 114992 387 1311 318
str8_mask.png 115408 388 1505 456
str8_mask.png 115925 389 1501 461
str8_mask.png 116075 390 1442 655
str8_mask.png 116375 391 1372 702
str8_mask.png 116658 392 1176 839
str8_mask.png 117275 393 903 919
str8_mask.png 117842 394 831 930
str8_mask.png 118108 395 587 938
str8_mask.png 118358 396 744 923
str8_mask.png 118641 397 683 894
str8_mask.png 118975 398 525 819
str8_mask.png 119241 399 428 693
str8_mask.png 119608 400 369 550
str8_mask.png 119941 401 373 413
str8_mask.png 120425 402 533 302
str8_mask.png 120741 403 685 241
str8_mask.png 120908 404 885 212
str8_mask.png 121191 405 891 218
str8_mask.png 121608 406 1096 228
str8_mask.png 121758 407 1092 244
str8_mask.png 121925 408 975 273
str8_mask.png 122724 409 1106 266
#42
str8_mask.png 128979 424 726 115
str8_mask.png 129263 425 700 68
str8_mask.png 129679 426 951 832
str8_mask.png 129796 427 945 853
str8_mask.png 129913 428 994 866
str8_mask.png 130296 429 963 883
str8_mask.png 130946 430 974 927
str8_mask.png 131129 431 760 910
str8_mask.png 131429 432 695 937
str8_mask.png 131696 433 579 787
str8_mask.png 132213 434 836 853
str8_mask.png 132379 435 1372 652
str8_mask.png 132513 436 1343 664
str8_mask.png 132630 437 1349 705
str8_mask.png 132946 438 1487 431
str8_mask.png 133213 439 1518 480
str8_mask.png 133480 440 1343 216
str8_mask.png 133730 441 1307 239
str8_mask.png 133896 442 1092 95
str8_mask.png 134213 443 903 37
str8_mask.png 134463 444 839 55
str8_mask.png 134663 445 454 319
str8_mask.png 134813 446 426 532
str8_mask.png 134963 447 491 496
str8_mask.png 135396 448 508 490
str8_mask.png 136446 449 564 749
str8_mask.png 136713 450 643 742
str8_mask.png 136929 451 515 486
str8_mask.png 137229 452 1458 375
str8_mask.png 137363 453 1390 399
str8_mask.png 137463 454 1451 410
str8_mask.png 137696 455 1510 446
str8_mask.png 138046 456 1441 406
#43
