str8_ctwo.png 312883 1056 1269 475
str8_ctwo.png 313178 1057 573 546
str8_ctwo.png 313394 1058 434 578
str8_ctwo.png 314831 1060 1438 513
str8_ctwo.png 315016 1061 1383 556
str8_ctwo.png 315933 1062 1344 544
str8_ctwo.png 316249 1063 1315 533
str8_ctwo.png 316649 1064 1122 543
str8_ctwo.png 316799 1065 700 593
str8_ctwo.png 317839 1066 802 570
#1
str8_ctwo.png 369119 1274 807 412
str8_ctwo.png 369386 1275 515 473
str8_ctwo.png 369752 1276 467 528
str8_ctwo.png 370019 1277 390 542
str8_ctwo.png 370252 1278 352 550
str8_ctwo.png 370469 1279 544 547
str8_ctwo.png 370786 1280 575 516
str8_ctwo.png 371086 1281 1333 532
str8_ctwo.png 371303 1282 1340 459
str8_ctwo.png 371653 1283 1422 597
str8_ctwo.png 372019 1284 1358 459
str8_ctwo.png 372236 1285 1318 444
str8_ctwo.png 372802 1286 435 522
str8_ctwo.png 373119 1287 352 541
str8_ctwo.png 373469 1288 550 563
str8_ctwo.png 373752 1289 1352 555
str8_ctwo.png 373986 1290 1330 479
#2
str8_ctwo.png 306309 864 541 427
str8_ctwo.png 306493 865 537 433
str8_ctwo.png 307126 866 526 432
str8_ctwo.png 307226 867 547 450
str8_ctwo.png 307575 868 540 450
str8_ctwo.png 307792 869 1321 419
str8_ctwo.png 308009 870 1308 433
str8_ctwo.png 308259 871 1307 444
str8_ctwo.png 308459 872 523 450
str8_ctwo.png 309525 873 622 562
str8_ctwo.png 310302 874 802 498
#3
str8_ctwo.png 346350 1117 618 434
str8_ctwo.png 346583 1118 579 451
str8_ctwo.png 346800 1119 474 495
str8_ctwo.png 347083 1120 619 487
str8_ctwo.png 347433 1121 609 473
str8_ctwo.png 347703 1122 1408 456
str8_ctwo.png 347821 1123 1379 440
str8_ctwo.png 348071 1124 1373 459
str8_ctwo.png 348221 1125 1568 493
str8_ctwo.png 348555 1126 1338 453
str8_ctwo.png 348788 1127 567 503
str8_ctwo.png 349071 1128 469 520
str8_ctwo.png 349288 1129 505 486
str8_ctwo.png 350271 1130 643 416
str8_ctwo.png 350521 1131 627 449
str8_ctwo.png 350871 1132 656 514
#4
str8_ctwo.png 348074 888 978 543
str8_ctwo.png 348290 889 571 537
str8_ctwo.png 348456 890 591 536
str8_ctwo.png 348840 891 1387 499
str8_ctwo.png 349173 892 1494 604
str8_ctwo.png 349827 893 612 482
str8_ctwo.png 350276 894 491 508
str8_ctwo.png 350593 895 507 556
str8_ctwo.png 350793 896 620 554
str8_ctwo.png 351577 897 1368 434
str8_ctwo.png 351760 898 1353 629
str8_ctwo.png 352010 899 1353 630
str8_ctwo.png 352227 900 1478 574
str8_ctwo.png 352560 901 635 530
str8_ctwo.png 352994 902 531 527
#5
str8_ctwo.png 337126 869 783 384
str8_ctwo.png 337309 870 474 440
str8_ctwo.png 337458 871 646 428
str8_ctwo.png 338092 872 604 426
str8_ctwo.png 338225 873 585 450
str8_ctwo.png 339708 874 658 447
str8_ctwo.png 339825 875 609 484
str8_ctwo.png 340025 876 1480 468
str8_ctwo.png 340176 877 1345 479
str8_ctwo.png 340492 878 1402 465
str8_ctwo.png 340776 879 1424 424
str8_ctwo.png 341226 880 1601 527
str8_ctwo.png 341609 881 1398 505
str8_ctwo.png 341759 882 1413 380
str8_ctwo.png 341842 883 1407 402
#6
str8_ctwo.png 373981 933 1362 472
str8_ctwo.png 374098 934 1346 504
str8_ctwo.png 374315 935 1401 469
str8_ctwo.png 374765 936 527 504
str8_ctwo.png 375381 937 1427 495
str8_ctwo.png 375698 938 1376 458
str8_ctwo.png 376715 939 1407 449
str8_ctwo.png 377033 940 1378 433
str8_ctwo.png 377717 941 1404 415
str8_ctwo.png 378034 942 1358 485
str8_ctwo.png 378550 943 1331 443
#7
str8_ctwo.png 282673 680 605 461
str8_ctwo.png 282973 681 534 490
str8_ctwo.png 283590 682 590 463
str8_ctwo.png 283856 683 422 535
str8_ctwo.png 284107 684 483 506
str8_ctwo.png 284473 685 615 550
str8_ctwo.png 284823 686 598 447
str8_ctwo.png 285139 687 1296 476
str8_ctwo.png 285356 688 1355 463
str8_ctwo.png 285990 689 578 439
str8_ctwo.png 286094 690 604 485
str8_ctwo.png 286445 691 559 483
str8_ctwo.png 286712 692 436 524
str8_ctwo.png 287012 693 539 520
#8
str8_ctwo.png 343124 1031 830 414
str8_ctwo.png 343406 1032 483 492
str8_ctwo.png 343823 1033 508 472
str8_ctwo.png 344006 1034 1370 463
str8_ctwo.png 344356 1035 1337 505
str8_ctwo.png 344673 1036 1357 444
str8_ctwo.png 345123 1037 1317 525
str8_ctwo.png 345558 1038 502 462
str8_ctwo.png 345825 1039 466 518
str8_ctwo.png 346258 1040 509 494
str8_ctwo.png 346908 1041 457 513
str8_ctwo.png 347075 1042 519 486
str8_ctwo.png 347441 1043 522 472
str8_ctwo.png 347958 1044 512 441
#9
str8_ctwo.png 319832 716 1371 489
str8_ctwo.png 320215 717 521 509
str8_ctwo.png 322732 718 1323 497
str8_ctwo.png 323398 719 594 505
str8_ctwo.png 323948 720 460 540
#10
str8_ctwo.png 301113 930 950 468
str8_ctwo.png 301406 931 647 498
str8_ctwo.png 301706 932 579 515
str8_ctwo.png 302006 933 551 513
str8_ctwo.png 302189 934 629 494
str8_ctwo.png 302506 935 612 473
str8_ctwo.png 302889 936 481 543
str8_ctwo.png 303206 937 587 502
str8_ctwo.png 303811 938 1462 513
str8_ctwo.png 303931 939 1378 508
str8_ctwo.png 304085 940 1414 488
str8_ctwo.png 305179 941 1411 537
str8_ctwo.png 305332 942 1440 480
str8_ctwo.png 305499 943 1573 617
str8_ctwo.png 305866 944 531 555
str8_ctwo.png 306101 945 539 513
#11
str8_ctwo.png 342988 966 755 391
str8_ctwo.png 343254 967 518 445
str8_ctwo.png 343370 968 516 430
str8_ctwo.png 343470 969 378 525
str8_ctwo.png 343620 970 487 455
str8_ctwo.png 343920 971 635 479
str8_ctwo.png 344303 972 588 391
str8_ctwo.png 345305 973 514 476
str8_ctwo.png 345489 974 607 471
str8_ctwo.png 345890 975 590 409
str8_ctwo.png 346123 976 470 459
str8_ctwo.png 346257 977 441 473
str8_ctwo.png 346374 978 505 417
str8_ctwo.png 346524 979 1508 415
str8_ctwo.png 346675 980 1390 458
str8_ctwo.png 346975 981 1352 423
str8_ctwo.png 347374 982 1539 567
str8_ctwo.png 347941 983 660 393
#12
str8_ctwo.png 351273 1072 901 442
str8_ctwo.png 354390 1073 904 445
str8_ctwo.png 354657 1074 1353 470
str8_ctwo.png 354958 1075 1346 472
str8_ctwo.png 355292 1076 632 493
str8_ctwo.png 355409 1077 579 500
#13
str8_ctwo.png 326668 894 1113 427
str8_ctwo.png 326868 895 593 480
str8_ctwo.png 327651 896 526 507
str8_ctwo.png 328201 897 582 537
str8_ctwo.png 328618 898 518 536
str8_ctwo.png 329184 899 573 540
str8_ctwo.png 329418 900 1355 482
str8_ctwo.png 329568 901 1322 477
str8_ctwo.png 330118 902 1381 507
str8_ctwo.png 331051 903 519 544
str8_ctwo.png 331651 904 393 565
#14
str8_ctwo.png 429616 1211 948 485
str8_ctwo.png 429766 1212 520 430
str8_ctwo.png 429915 1213 591 420
str8_ctwo.png 430582 1214 619 402
str8_ctwo.png 431165 1215 578 428
str8_ctwo.png 431615 1216 617 409
str8_ctwo.png 432115 1217 590 407
str8_ctwo.png 432432 1218 602 432
str8_ctwo.png 432932 1219 1411 376
str8_ctwo.png 433166 1220 1344 381
str8_ctwo.png 433615 1221 601 420
str8_ctwo.png 433948 1222 559 427
#15
str8_ctwo.png 316402 1043 520 525
str8_ctwo.png 316535 1044 557 540
str8_ctwo.png 316701 1045 524 558
str8_ctwo.png 317035 1046 586 560
str8_ctwo.png 317318 1047 617 546
str8_ctwo.png 317501 1048 607 586
str8_ctwo.png 317835 1049 1382 518
str8_ctwo.png 317986 1050 1335 532
str8_ctwo.png 318386 1051 1381 516
str8_ctwo.png 319369 1052 623 535
str8_ctwo.png 319569 1053 535 541
str8_ctwo.png 320602 1054 1328 519
str8_ctwo.png 320802 1055 1335 519
#16
str8_ctwo.png 333382 914 958 509
str8_ctwo.png 334015 915 253 600
str8_ctwo.png 334148 916 411 554
str8_ctwo.png 334448 917 438 547
str8_ctwo.png 334965 918 409 585
str8_ctwo.png 335098 919 435 582
str8_ctwo.png 335348 920 611 523
str8_ctwo.png 335698 921 647 565
str8_ctwo.png 336015 922 634 568
str8_ctwo.png 336248 923 624 448
str8_ctwo.png 336464 924 481 487
str8_ctwo.png 336581 925 507 496
str8_ctwo.png 336781 926 512 507
str8_ctwo.png 337081 927 1372 488
str8_ctwo.png 337365 928 1427 422
str8_ctwo.png 337565 929 1428 447
#17
str8_ctwo.png 379290 1049 542 483
str8_ctwo.png 379456 1050 554 500
str8_ctwo.png 379556 1051 447 515
str8_ctwo.png 380007 1052 494 503
str8_ctwo.png 380207 1053 1278 483
str8_ctwo.png 380440 1054 1332 500
str8_ctwo.png 380923 1055 1464 506
str8_ctwo.png 381223 1056 1531 602
str8_ctwo.png 381590 1057 1352 552
str8_ctwo.png 381873 1058 1334 447
str8_ctwo.png 382223 1059 1439 470
str8_ctwo.png 382657 1060 1531 535
str8_ctwo.png 382973 1061 1394 540
#18
str8_ctwo.png 307409 948 563 518
str8_ctwo.png 307709 949 586 518
str8_ctwo.png 310493 950 1257 494
str8_ctwo.png 310659 951 1381 489
str8_ctwo.png 311243 952 1523 507
str8_ctwo.png 311376 953 1499 500
str8_ctwo.png 312027 954 1512 490
#19
str8_ctwo.png 288750 1032 612 483
str8_ctwo.png 289000 1033 511 526
str8_ctwo.png 289133 1034 528 544
str8_ctwo.png 289316 1035 606 526
str8_ctwo.png 289616 1036 1318 453
str8_ctwo.png 289733 1037 1292 474
str8_ctwo.png 289900 1038 1351 478
str8_ctwo.png 290050 1039 588 496
str8_ctwo.png 290467 1040 477 510
str8_ctwo.png 290600 1041 508 525
str8_ctwo.png 291133 1042 575 539
str8_ctwo.png 291483 1043 625 537
str8_ctwo.png 291583 1044 641 503
str8_ctwo.png 292117 1045 612 508
str8_ctwo.png 292433 1046 547 531
str8_ctwo.png 292983 1047 1315 474
str8_ctwo.png 293183 1048 1391 465
str8_ctwo.png 293467 1049 645 493
#20
str8_ctwo.png 293080 921 578 488
str8_ctwo.png 293514 922 1297 510
str8_ctwo.png 293714 923 1349 455
str8_ctwo.png 294414 924 1411 696
str8_ctwo.png 294581 925 1414 639
str8_ctwo.png 294814 926 1590 604
str8_ctwo.png 295064 927 1599 560
str8_ctwo.png 295298 928 1574 506
str8_ctwo.png 295531 929 1409 450
str8_ctwo.png 295898 930 1334 445
str8_ctwo.png 296148 931 475 484
str8_ctwo.png 296365 932 569 485
str8_ctwo.png 296581 933 556 475
str8_ctwo.png 296898 934 436 573
str8_ctwo.png 297097 935 396 637
str8_ctwo.png 297280 936 378 590
str8_ctwo.png 297764 937 550 554
str8_ctwo.png 298064 938 589 496
#21
str8_ctwo.png 307006 942 557 503
str8_ctwo.png 307206 943 457 505
str8_ctwo.png 307489 944 527 509
str8_ctwo.png 307622 945 532 494
str8_ctwo.png 307839 946 586 476
str8_ctwo.png 308839 947 1355 454
str8_ctwo.png 309506 948 1356 465
str8_ctwo.png 309806 949 571 476
str8_ctwo.png 309989 950 481 518
str8_ctwo.png 310355 951 572 515
str8_ctwo.png 310756 952 538 511
str8_ctwo.png 311055 953 580 479
#22
str8_ctwo.png 285646 876 612 445
str8_ctwo.png 285796 877 582 487
str8_ctwo.png 286046 878 540 513
str8_ctwo.png 286313 879 575 551
str8_ctwo.png 286463 880 572 512
str8_ctwo.png 286862 881 1323 497
str8_ctwo.png 287329 882 1569 530
str8_ctwo.png 287496 883 1605 515
str8_ctwo.png 287746 884 1602 497
str8_ctwo.png 287979 885 615 549
str8_ctwo.png 288247 886 583 524
str8_ctwo.png 289081 887 548 485
str8_ctwo.png 289480 888 454 503
str8_ctwo.png 289731 889 572 520
str8_ctwo.png 289947 890 595 551
str8_ctwo.png 290114 891 427 543
str8_ctwo.png 290247 892 429 561
#23
str8_ctwo.png 364365 1160 904 437
str8_ctwo.png 364702 1161 573 506
str8_ctwo.png 364935 1162 486 535
str8_ctwo.png 365218 1163 578 490
str8_ctwo.png 365468 1164 1353 472
str8_ctwo.png 365735 1165 539 516
str8_ctwo.png 365952 1166 575 483
str8_ctwo.png 366168 1167 1368 461
str8_ctwo.png 366768 1168 1486 504
str8_ctwo.png 367202 1169 586 497
str8_ctwo.png 367485 1170 564 484
str8_ctwo.png 367752 1171 439 544
str8_ctwo.png 367985 1172 552 533
str8_ctwo.png 368335 1173 581 572
str8_ctwo.png 368635 1174 588 489
str8_ctwo.png 369335 1175 447 500
#24
str8_ctwo.png 281882 850 984 480
str8_ctwo.png 282232 851 1445 467
str8_ctwo.png 282350 852 1413 458
str8_ctwo.png 282500 853 1372 435
str8_ctwo.png 282733 854 513 466
str8_ctwo.png 283016 855 623 446
str8_ctwo.png 283366 856 533 477
str8_ctwo.png 283716 857 503 445
str8_ctwo.png 283866 858 605 439
str8_ctwo.png 284116 859 1383 426
str8_ctwo.png 284233 860 1344 412
str8_ctwo.png 284949 861 1415 448
str8_ctwo.png 285416 862 1363 415
str8_ctwo.png 285699 863 477 427
str8_ctwo.png 285899 864 596 430
str8_ctwo.png 286416 865 1364 399
str8_ctwo.png 286799 866 1367 398
#25
str8_ctwo.png 309645 906 984 505
str8_ctwo.png 309766 907 995 457
str8_ctwo.png 309899 908 1062 486
str8_ctwo.png 310116 909 1073 536
str8_ctwo.png 310200 910 1086 516
str8_ctwo.png 310333 911 1064 502
str8_ctwo.png 310483 912 1047 452
str8_ctwo.png 310983 913 1056 424
str8_ctwo.png 311200 914 1084 432
str8_ctwo.png 311683 915 1023 412
str8_ctwo.png 311850 916 1032 434
str8_ctwo.png 312033 917 1018 457
str8_ctwo.png 312266 918 1017 437
str8_ctwo.png 312383 919 999 409
str8_ctwo.png 312700 920 1032 420
str8_ctwo.png 312866 921 1019 468
str8_ctwo.png 313133 922 1023 449
str8_ctwo.png 313466 923 1003 423
str8_ctwo.png 313783 924 1042 390
str8_ctwo.png 314166 925 1033 413
str8_ctwo.png 314250 926 1037 392
#26
str8_ctwo.png 350355 1110 512 462
str8_ctwo.png 351021 1111 504 533
str8_ctwo.png 351321 1112 342 579
str8_ctwo.png 351487 1113 470 542
str8_ctwo.png 351637 1114 398 557
str8_ctwo.png 351870 1115 548 552
str8_ctwo.png 353187 1116 1425 430
str8_ctwo.png 353321 1117 1286 457
str8_ctwo.png 353522 1118 1467 574
str8_ctwo.png 353871 1119 1307 490
str8_ctwo.png 354121 1120 497 510
str8_ctwo.png 354655 1121 519 473
str8_ctwo.png 355088 1122 545 464
#27
str8_ctwo.png 295490 936 588 493
str8_ctwo.png 295824 937 553 495
str8_ctwo.png 296407 938 651 439
str8_ctwo.png 296607 939 521 507
str8_ctwo.png 296924 940 427 547
str8_ctwo.png 297107 941 1484 478
str8_ctwo.png 297258 942 1364 500
str8_ctwo.png 297691 943 1329 477
str8_ctwo.png 298658 944 533 526
str8_ctwo.png 298807 945 634 496
str8_ctwo.png 299141 946 665 481
str8_ctwo.png 299341 947 638 483
str8_ctwo.png 299674 948 1420 423
str8_ctwo.png 299791 949 1279 443
str8_ctwo.png 300141 950 1286 451
#28
str8_ctwo.png 397454 1195 584 462
str8_ctwo.png 397837 1196 1381 475
str8_ctwo.png 398587 1197 1524 478
str8_ctwo.png 399107 1198 475 491
str8_ctwo.png 399324 1199 558 483
str8_ctwo.png 399807 1200 552 486
str8_ctwo.png 399990 1201 480 505
str8_ctwo.png 400606 1202 541 483
str8_ctwo.png 401342 1203 1304 459
str8_ctwo.png 401709 1204 593 477
#29
str8_ctwo.png 344423 1016 538 479
str8_ctwo.png 344522 1017 579 509
str8_ctwo.png 344689 1018 484 545
str8_ctwo.png 345039 1019 587 528
str8_ctwo.png 345322 1020 598 500
str8_ctwo.png 345689 1021 621 567
str8_ctwo.png 346022 1022 1375 525
str8_ctwo.png 346239 1023 1391 460
str8_ctwo.png 346839 1024 536 578
str8_ctwo.png 347074 1025 571 582
str8_ctwo.png 347391 1026 615 598
str8_ctwo.png 347757 1027 599 506
str8_ctwo.png 348074 1028 569 497
str8_ctwo.png 348341 1029 484 539
str8_ctwo.png 348791 1030 453 567
str8_ctwo.png 349024 1031 364 602
#30
str8_ctwo.png 326458 1067 542 541
str8_ctwo.png 326892 1068 1322 495
str8_ctwo.png 327411 1069 461 433
str8_ctwo.png 327599 1070 597 518
str8_ctwo.png 328316 1071 490 571
str8_ctwo.png 328534 1072 1364 543
str8_ctwo.png 328852 1073 1385 456
str8_ctwo.png 329752 1074 1292 466
str8_ctwo.png 330451 1075 1351 452
#31
str8_ctwo.png 320232 1042 935 508
str8_ctwo.png 320582 1043 1376 463
str8_ctwo.png 320898 1044 1345 454
str8_ctwo.png 321415 1045 1316 439
str8_ctwo.png 322065 1046 567 484
str8_ctwo.png 322300 1047 550 475
str8_ctwo.png 322466 1048 494 495
str8_ctwo.png 322582 1049 515 506
str8_ctwo.png 323033 1050 415 533
str8_ctwo.png 323533 1051 577 490
str8_ctwo.png 324216 1052 487 512
str8_ctwo.png 324816 1053 578 461
str8_ctwo.png 325116 1054 1331 446
str8_ctwo.png 325266 1055 1311 446
#32
str8_ctwo.png 325923 1097 593 504
str8_ctwo.png 326256 1098 1300 465
str8_ctwo.png 326473 1099 1361 452
str8_ctwo.png 326874 1100 1343 394
str8_ctwo.png 327074 1101 626 457
str8_ctwo.png 327291 1102 599 482
str8_ctwo.png 327724 1103 604 456
str8_ctwo.png 328325 1104 1413 429
str8_ctwo.png 328475 1105 1376 413
str8_ctwo.png 328776 1106 1358 427
str8_ctwo.png 329376 1107 570 467
str8_ctwo.png 329577 1108 606 476
str8_ctwo.png 329996 1109 571 497
str8_ctwo.png 330329 1110 609 438
#33
str8_ctwo.png 399055 1016 525 454
str8_ctwo.png 399356 1017 539 467
str8_ctwo.png 399956 1018 528 448
str8_ctwo.png 400140 1019 1394 390
str8_ctwo.png 400622 1020 543 409
str8_ctwo.png 401106 1021 639 484
str8_ctwo.png 401406 1022 614 398
str8_ctwo.png 401856 1023 625 532
str8_ctwo.png 402056 1024 562 341
str8_ctwo.png 402156 1025 590 371
str8_ctwo.png 402806 1026 515 419
str8_ctwo.png 403472 1027 450 416
str8_ctwo.png 403772 1028 635 459
#34
str8_ctwo.png 312368 905 608 505
str8_ctwo.png 312918 906 1386 488
str8_ctwo.png 313402 907 1126 505
str8_ctwo.png 314369 908 1067 502
str8_ctwo.png 314702 909 1045 501
str8_ctwo.png 314785 910 1048 481
str8_ctwo.png 314969 911 1055 495
str8_ctwo.png 315402 912 1060 498
str8_ctwo.png 316168 913 567 525
str8_ctwo.png 316368 914 636 545
str8_ctwo.png 316768 915 643 545
#35
str8_ctwo.png 314680 1043 515 484
str8_ctwo.png 314796 1044 546 494
str8_ctwo.png 314996 1045 573 486
str8_ctwo.png 315379 1046 1364 483
str8_ctwo.png 315729 1047 1355 433
str8_ctwo.png 316029 1048 1468 446
str8_ctwo.png 316146 1049 1404 444
str8_ctwo.png 316530 1050 1329 436
str8_ctwo.png 316813 1051 1360 543
str8_ctwo.png 317013 1052 1241 542
str8_ctwo.png 317263 1053 1306 508
str8_ctwo.png 317563 1054 501 489
str8_ctwo.png 317712 1055 538 501
str8_ctwo.png 317896 1056 581 492
str8_ctwo.png 319379 1057 543 553
#36
str8_ctwo.png 336550 1031 994 497
str8_ctwo.png 336750 1032 570 477
str8_ctwo.png 336900 1033 553 481
str8_ctwo.png 337384 1034 1332 505
str8_ctwo.png 337517 1035 1476 506
str8_ctwo.png 337867 1036 731 456
str8_ctwo.png 337967 1037 646 472
str8_ctwo.png 338083 1038 624 469
str8_ctwo.png 338767 1039 629 476
str8_ctwo.png 339167 1040 624 496
str8_ctwo.png 339383 1041 1384 490
str8_ctwo.png 339884 1042 1432 473
str8_ctwo.png 340000 1043 1435 468
str8_ctwo.png 340250 1044 609 522
str8_ctwo.png 340967 1045 614 520
str8_ctwo.png 341367 1046 562 476
#37
str8_ctwo.png 309988 1003 916 530
str8_ctwo.png 310272 1004 1234 487
str8_ctwo.png 310472 1005 1329 499
str8_ctwo.png 310871 1006 536 514
str8_ctwo.png 311088 1007 541 506
str8_ctwo.png 311504 1008 535 492
str8_ctwo.png 311704 1009 623 501
str8_ctwo.png 311971 1010 587 489
str8_ctwo.png 312422 1011 486 525
str8_ctwo.png 312538 1012 567 518
str8_ctwo.png 313355 1013 556 479
str8_ctwo.png 313556 1014 562 489
str8_ctwo.png 313706 1015 575 457
str8_ctwo.png 313856 1016 568 482
str8_ctwo.png 314106 1017 504 499
str8_ctwo.png 314456 1018 1083 488
str8_ctwo.png 314739 1019 749 468
#38
str8_ctwo.png 312728 875 646 482
str8_ctwo.png 312945 876 583 532
str8_ctwo.png 313061 877 519 544
str8_ctwo.png 313528 878 1303 515
str8_ctwo.png 313745 879 1379 500
str8_ctwo.png 314478 880 656 533
str8_ctwo.png 314695 881 517 532
str8_ctwo.png 314878 882 490 518
str8_ctwo.png 315278 883 570 507
str8_ctwo.png 315744 884 1204 515
#39
str8_ctwo.png 290760 738 587 446
str8_ctwo.png 291427 739 1359 378
str8_ctwo.png 291810 740 444 435
str8_ctwo.png 292260 741 1474 345
str8_ctwo.png 292394 742 1342 329
str8_ctwo.png 292594 743 1294 353
str8_ctwo.png 293929 744 516 420
str8_ctwo.png 294456 745 476 402
str8_ctwo.png 295461 746 607 413
#40
str8_ctwo.png 319311 951 942 446
str8_ctwo.png 319741 952 623 465
str8_ctwo.png 319857 953 621 485
str8_ctwo.png 320774 954 1416 457
str8_ctwo.png 320891 955 1331 439
str8_ctwo.png 321358 956 1350 402
str8_ctwo.png 322091 957 611 497
str8_ctwo.png 323891 958 621 469
str8_ctwo.png 324175 959 1379 462
str8_ctwo.png 324292 960 1301 443
#41
str8_ctwo.png 291677 782 448 562
str8_ctwo.png 291944 783 484 565
str8_ctwo.png 292177 784 500 536
str8_ctwo.png 292577 785 544 546
str8_ctwo.png 293151 786 1489 556
str8_ctwo.png 293303 787 1345 538
str8_ctwo.png 293469 788 1387 488
str8_ctwo.png 293752 789 1323 488
str8_ctwo.png 294119 790 1368 510
str8_ctwo.png 294219 791 1372 490
str8_ctwo.png 294819 792 363 524
str8_ctwo.png 294969 793 519 512
str8_ctwo.png 295235 794 402 550
str8_ctwo.png 295552 795 529 508
str8_ctwo.png 296118 796 677 498
#42
str8_ctwo.png 319848 1015 958 494
str8_ctwo.png 320064 1016 552 455
str8_ctwo.png 320214 1017 584 471
str8_ctwo.png 320380 1018 528 447
str8_ctwo.png 320614 1019 502 455
str8_ctwo.png 320880 1020 399 486
str8_ctwo.png 321214 1021 591 463
str8_ctwo.png 321414 1022 1362 404
str8_ctwo.png 321564 1023 1323 423
str8_ctwo.png 321664 1024 1383 433
str8_ctwo.png 322014 1025 521 448
str8_ctwo.png 322147 1026 546 445
str8_ctwo.png 322547 1027 583 458
str8_ctwo.png 322863 1028 415 493
str8_ctwo.png 323297 1029 368 515
str8_ctwo.png 323597 1030 337 535
str8_ctwo.png 324163 1031 529 469
str8_ctwo.png 324397 1032 589 434
str8_ctwo.png 324730 1033 584 398
#43
