str9_ctwo.png 318816 1070 670 494
str9_ctwo.png 318949 1071 418 587
str9_ctwo.png 319148 1072 401 558
str9_ctwo.png 319532 1073 1458 534
str9_ctwo.png 319616 1074 1392 522
str9_ctwo.png 319916 1075 1393 488
str9_ctwo.png 320382 1076 427 520
str9_ctwo.png 320636 1077 535 603
str9_ctwo.png 320870 1078 790 606
str9_ctwo.png 321403 1079 907 570
str9_ctwo.png 321603 1080 886 543
str9_ctwo.png 322019 1081 882 518
str9_ctwo.png 322470 1082 581 605
str9_ctwo.png 322886 1083 526 567
str9_ctwo.png 323619 1084 879 594
#1
str9_ctwo.png 376532 1295 532 515
str9_ctwo.png 376715 1296 579 538
str9_ctwo.png 376849 1297 547 525
str9_ctwo.png 376999 1298 386 471
str9_ctwo.png 377215 1299 399 485
str9_ctwo.png 377365 1300 346 479
str9_ctwo.png 377498 1301 339 461
str9_ctwo.png 377665 1302 633 537
str9_ctwo.png 377982 1303 1385 531
str9_ctwo.png 378099 1304 1330 448
str9_ctwo.png 378566 1305 1361 476
str9_ctwo.png 378799 1306 1344 547
str9_ctwo.png 379016 1307 1325 432
str9_ctwo.png 379465 1308 505 537
str9_ctwo.png 379598 1309 586 584
str9_ctwo.png 379965 1310 1361 589
str9_ctwo.png 380182 1311 1430 614
str9_ctwo.png 380416 1312 1333 458
str9_ctwo.png 380666 1313 388 528
str9_ctwo.png 380832 1314 452 529
str9_ctwo.png 381015 1315 516 530
#2
str9_ctwo.png 312360 878 947 449
str9_ctwo.png 312543 879 541 479
str9_ctwo.png 312827 880 467 441
str9_ctwo.png 312993 881 1049 383
str9_ctwo.png 313176 882 1316 375
str9_ctwo.png 313577 883 524 441
str9_ctwo.png 313993 884 444 431
str9_ctwo.png 314460 885 403 411
str9_ctwo.png 315027 886 1342 417
str9_ctwo.png 315210 887 1328 370
str9_ctwo.png 316145 888 489 441
str9_ctwo.png 316344 889 506 439
str9_ctwo.png 316511 890 164 504
str9_ctwo.png 316861 891 517 425
#3
str9_ctwo.png 352896 1141 878 405
str9_ctwo.png 353171 1142 561 453
str9_ctwo.png 353488 1143 428 441
str9_ctwo.png 353987 1144 428 415
str9_ctwo.png 354154 1145 597 456
str9_ctwo.png 354371 1146 582 465
str9_ctwo.png 354654 1147 612 463
str9_ctwo.png 354854 1148 670 547
str9_ctwo.png 355187 1149 602 461
str9_ctwo.png 355804 1150 425 429
str9_ctwo.png 356104 1151 614 474
str9_ctwo.png 356321 1152 413 424
str9_ctwo.png 356587 1153 1417 453
str9_ctwo.png 356805 1154 1365 443
str9_ctwo.png 356921 1155 1389 419
str9_ctwo.png 357054 1156 1407 513
str9_ctwo.png 357288 1157 1490 576
#4
str9_ctwo.png 354340 907 967 528
str9_ctwo.png 354643 908 542 546
str9_ctwo.png 354776 909 541 536
str9_ctwo.png 354927 910 544 555
str9_ctwo.png 355060 911 417 490
str9_ctwo.png 355660 912 1388 499
str9_ctwo.png 355994 913 1435 585
str9_ctwo.png 356110 914 1381 506
str9_ctwo.png 356293 915 1379 387
str9_ctwo.png 356393 916 1379 426
str9_ctwo.png 356693 917 501 484
str9_ctwo.png 356843 918 522 500
str9_ctwo.png 357027 919 404 482
str9_ctwo.png 357227 920 404 479
str9_ctwo.png 357527 921 567 522
str9_ctwo.png 357744 922 1415 486
str9_ctwo.png 358144 923 1391 498
str9_ctwo.png 358761 924 1227 786
#5
str9_ctwo.png 343443 889 1058 434
str9_ctwo.png 344042 890 583 452
str9_ctwo.png 344309 891 332 432
str9_ctwo.png 344542 892 353 438
str9_ctwo.png 345143 893 438 468
str9_ctwo.png 345827 894 1392 430
str9_ctwo.png 346243 895 1382 450
str9_ctwo.png 346627 896 1411 402
str9_ctwo.png 346876 897 1358 367
str9_ctwo.png 347227 898 1457 489
str9_ctwo.png 347494 899 1416 487
str9_ctwo.png 347694 900 1390 359
str9_ctwo.png 347944 901 523 495
#6
str9_ctwo.png 381453 949 951 565
str9_ctwo.png 381620 950 481 518
str9_ctwo.png 382120 951 435 527
str9_ctwo.png 382353 952 1420 504
str9_ctwo.png 382870 953 1376 460
str9_ctwo.png 384686 954 514 544
str9_ctwo.png 385035 955 519 560
#7
str9_ctwo.png 288428 696 527 467
str9_ctwo.png 288662 697 404 454
str9_ctwo.png 288861 698 562 515
str9_ctwo.png 289428 699 1364 470
str9_ctwo.png 289812 700 1339 453
str9_ctwo.png 290345 701 1362 514
str9_ctwo.png 291045 702 822 655
str9_ctwo.png 291583 703 954 531
str9_ctwo.png 292019 704 761 536
str9_ctwo.png 292588 705 831 514
#8
str9_ctwo.png 351375 1054 864 464
str9_ctwo.png 351558 1055 445 492
str9_ctwo.png 351958 1056 346 493
str9_ctwo.png 352308 1057 308 479
str9_ctwo.png 352575 1058 475 538
str9_ctwo.png 352825 1059 1319 447
str9_ctwo.png 353091 1060 1394 458
str9_ctwo.png 353325 1061 1367 397
str9_ctwo.png 353625 1062 1399 485
str9_ctwo.png 353958 1063 507 499
str9_ctwo.png 354241 1064 317 454
str9_ctwo.png 354641 1065 485 493
str9_ctwo.png 354941 1066 1392 420
str9_ctwo.png 355208 1067 1361 391
str9_ctwo.png 355541 1068 1387 509
str9_ctwo.png 355925 1069 1375 463
#9
str9_ctwo.png 325748 725 1331 471
str9_ctwo.png 325981 726 1405 509
str9_ctwo.png 326115 727 1378 527
str9_ctwo.png 326431 728 564 537
str9_ctwo.png 326865 729 464 526
str9_ctwo.png 326981 730 484 549
str9_ctwo.png 327364 731 507 531
str9_ctwo.png 327914 732 419 525
str9_ctwo.png 329231 733 542 519
#10
str9_ctwo.png 307397 949 875 475
str9_ctwo.png 307585 950 812 534
str9_ctwo.png 307718 951 611 592
str9_ctwo.png 308172 952 479 527
str9_ctwo.png 308273 953 578 521
str9_ctwo.png 308641 954 451 521
str9_ctwo.png 309484 955 1374 453
str9_ctwo.png 309718 956 1397 546
str9_ctwo.png 310255 957 1360 430
str9_ctwo.png 310529 958 1372 450
str9_ctwo.png 311102 959 1399 516
str9_ctwo.png 311221 960 1394 464
str9_ctwo.png 311612 961 533 527
str9_ctwo.png 311798 962 499 539
str9_ctwo.png 311966 963 497 528
str9_ctwo.png 312150 964 601 550
#11
str9_ctwo.png 350744 990 538 460
str9_ctwo.png 351077 991 440 411
str9_ctwo.png 351344 992 584 414
str9_ctwo.png 351710 993 435 414
str9_ctwo.png 351960 994 360 361
str9_ctwo.png 352412 995 445 412
str9_ctwo.png 352516 996 556 443
str9_ctwo.png 352986 997 1347 369
str9_ctwo.png 353286 998 1441 508
str9_ctwo.png 353669 999 1405 458
str9_ctwo.png 354052 1000 580 451
str9_ctwo.png 354302 1001 498 421
str9_ctwo.png 354618 1002 416 390
str9_ctwo.png 354885 1003 575 432
str9_ctwo.png 355352 1004 592 461
#12
str9_ctwo.png 370535 1084 1010 416
str9_ctwo.png 371246 1085 1382 462
str9_ctwo.png 371399 1086 1349 394
str9_ctwo.png 371784 1087 472 507
str9_ctwo.png 371953 1088 524 503
str9_ctwo.png 372136 1089 423 484
str9_ctwo.png 372803 1090 409 483
str9_ctwo.png 373206 1091 407 478
str9_ctwo.png 373306 1092 398 451
str9_ctwo.png 373706 1093 1427 411
str9_ctwo.png 373790 1094 1355 403
str9_ctwo.png 374173 1095 688 437
str9_ctwo.png 374390 1096 390 475
str9_ctwo.png 374506 1097 465 473
str9_ctwo.png 374890 1098 1387 420
str9_ctwo.png 375024 1099 1297 413
str9_ctwo.png 375491 1100 1325 403
#13
str9_ctwo.png 332451 907 1066 432
str9_ctwo.png 332684 908 593 495
str9_ctwo.png 332834 909 477 526
str9_ctwo.png 333434 910 516 537
str9_ctwo.png 333967 911 1380 482
str9_ctwo.png 334101 912 1346 478
str9_ctwo.png 334518 913 1369 561
str9_ctwo.png 335251 914 1337 467
str9_ctwo.png 335451 915 1312 432
str9_ctwo.png 335751 916 513 475
str9_ctwo.png 335968 917 336 496
str9_ctwo.png 336751 918 494 555
str9_ctwo.png 337085 919 521 543
#14
str9_ctwo.png 439939 1237 523 466
str9_ctwo.png 440223 1238 530 428
str9_ctwo.png 440904 1239 506 369
str9_ctwo.png 441226 1240 510 389
str9_ctwo.png 441410 1241 440 385
str9_ctwo.png 441910 1242 1419 413
str9_ctwo.png 442127 1243 1380 368
str9_ctwo.png 442377 1244 1370 339
str9_ctwo.png 442543 1245 1374 344
str9_ctwo.png 442760 1246 498 458
str9_ctwo.png 443043 1247 596 454
str9_ctwo.png 443777 1248 1381 388
str9_ctwo.png 444227 1249 1360 354
#15
str9_ctwo.png 321785 1057 951 542
str9_ctwo.png 322051 1058 542 570
str9_ctwo.png 322470 1059 470 553
str9_ctwo.png 322724 1060 410 526
str9_ctwo.png 322907 1061 1342 487
str9_ctwo.png 323124 1062 1352 532
str9_ctwo.png 323491 1063 421 542
str9_ctwo.png 323741 1064 464 540
str9_ctwo.png 324108 1065 545 554
str9_ctwo.png 324374 1066 537 585
str9_ctwo.png 324782 1067 584 583
str9_ctwo.png 325082 1068 1367 482
str9_ctwo.png 325200 1069 1325 496
str9_ctwo.png 325450 1070 1371 517
str9_ctwo.png 326000 1071 487 489
str9_ctwo.png 326217 1072 505 524
str9_ctwo.png 326350 1073 1328 421
str9_ctwo.png 326534 1074 1345 457
#16
str9_ctwo.png 338926 931 1016 520
str9_ctwo.png 339231 932 489 522
str9_ctwo.png 340149 933 430 473
str9_ctwo.png 340566 934 457 569
str9_ctwo.png 340799 935 582 530
str9_ctwo.png 341082 936 507 510
str9_ctwo.png 341699 937 436 459
str9_ctwo.png 342149 938 434 473
str9_ctwo.png 343017 939 1412 435
str9_ctwo.png 343250 940 1402 346
str9_ctwo.png 343667 941 1398 337
#17
str9_ctwo.png 385573 1066 426 501
str9_ctwo.png 385806 1067 432 468
str9_ctwo.png 386506 1068 1441 413
str9_ctwo.png 386673 1069 1309 419
str9_ctwo.png 386806 1070 1387 511
str9_ctwo.png 387140 1071 397 519
str9_ctwo.png 387272 1072 495 499
str9_ctwo.png 387489 1073 589 547
str9_ctwo.png 387656 1074 595 544
str9_ctwo.png 387739 1075 592 532
str9_ctwo.png 387889 1076 599 522
str9_ctwo.png 387989 1077 602 528
str9_ctwo.png 388356 1078 585 513
str9_ctwo.png 388656 1079 592 516
str9_ctwo.png 389156 1080 582 530
str9_ctwo.png 389322 1081 584 508
str9_ctwo.png 389806 1082 502 463
str9_ctwo.png 390006 1083 553 498
#18
str9_ctwo.png 314006 958 862 491
str9_ctwo.png 314260 959 533 514
str9_ctwo.png 314493 960 410 510
str9_ctwo.png 314659 961 541 551
str9_ctwo.png 314909 962 529 570
str9_ctwo.png 315276 963 428 523
str9_ctwo.png 315742 964 1368 501
str9_ctwo.png 316442 965 1423 542
str9_ctwo.png 316595 966 1390 558
str9_ctwo.png 317745 967 569 556
str9_ctwo.png 318078 968 454 536
str9_ctwo.png 318945 969 531 537
#19
str9_ctwo.png 294750 1053 602 535
str9_ctwo.png 295083 1054 1338 429
str9_ctwo.png 295267 1055 1366 456
str9_ctwo.png 295550 1056 1440 595
str9_ctwo.png 295900 1057 1362 424
str9_ctwo.png 296234 1058 1329 417
str9_ctwo.png 296617 1059 1400 535
str9_ctwo.png 296817 1060 1443 637
str9_ctwo.png 297284 1061 604 551
str9_ctwo.png 297550 1062 447 508
str9_ctwo.png 297700 1063 462 526
str9_ctwo.png 297967 1064 564 549
str9_ctwo.png 298383 1065 431 498
str9_ctwo.png 298717 1066 340 486
str9_ctwo.png 299033 1067 509 548
str9_ctwo.png 299283 1068 569 546
#20
str9_ctwo.png 299030 940 545 536
str9_ctwo.png 299314 941 419 516
str9_ctwo.png 299664 942 1430 467
str9_ctwo.png 299881 943 1357 448
str9_ctwo.png 300664 944 432 513
str9_ctwo.png 300830 945 444 518
str9_ctwo.png 301330 946 569 567
str9_ctwo.png 301830 947 1364 507
str9_ctwo.png 302064 948 484 564
str9_ctwo.png 302264 949 571 545
str9_ctwo.png 302564 950 1445 550
str9_ctwo.png 302964 951 1462 623
str9_ctwo.png 303363 952 1358 421
str9_ctwo.png 303814 953 566 452
#21
str9_ctwo.png 312405 956 950 529
str9_ctwo.png 313039 957 485 515
str9_ctwo.png 313255 958 417 496
str9_ctwo.png 313455 959 386 488
str9_ctwo.png 313839 960 521 503
str9_ctwo.png 314289 961 1099 484
str9_ctwo.png 314489 962 1314 514
str9_ctwo.png 314623 963 1350 433
str9_ctwo.png 315056 964 1407 525
str9_ctwo.png 315306 965 1422 579
str9_ctwo.png 315589 966 1343 427
str9_ctwo.png 316323 967 1221 426
str9_ctwo.png 316639 968 341 519
str9_ctwo.png 316789 969 367 490
str9_ctwo.png 316989 970 376 517
str9_ctwo.png 317372 971 541 484
#22
str9_ctwo.png 291181 895 944 422
str9_ctwo.png 291431 896 531 487
str9_ctwo.png 291697 897 546 497
str9_ctwo.png 291830 898 428 493
str9_ctwo.png 292030 899 1386 505
str9_ctwo.png 292298 900 1412 534
str9_ctwo.png 292548 901 1458 557
str9_ctwo.png 292864 902 1372 437
str9_ctwo.png 293098 903 1366 449
str9_ctwo.png 293348 904 559 539
str9_ctwo.png 293514 905 401 528
str9_ctwo.png 293647 906 408 501
str9_ctwo.png 293931 907 371 469
str9_ctwo.png 294264 908 564 523
str9_ctwo.png 294614 909 584 520
str9_ctwo.png 294831 910 582 508
str9_ctwo.png 295064 911 593 518
str9_ctwo.png 295164 912 630 542
str9_ctwo.png 295398 913 601 528
str9_ctwo.png 295831 914 411 502
#23
str9_ctwo.png 373268 1187 540 554
str9_ctwo.png 373652 1188 380 513
str9_ctwo.png 373801 1189 417 500
str9_ctwo.png 373968 1190 559 524
str9_ctwo.png 374551 1191 1374 477
str9_ctwo.png 374751 1192 1413 471
str9_ctwo.png 374951 1193 1469 596
str9_ctwo.png 375252 1194 1476 624
str9_ctwo.png 375352 1195 1485 603
str9_ctwo.png 375518 1196 1376 450
str9_ctwo.png 375935 1197 1352 418
str9_ctwo.png 376118 1198 504 486
str9_ctwo.png 376202 1199 480 508
str9_ctwo.png 376385 1200 388 499
str9_ctwo.png 376534 1201 422 484
str9_ctwo.png 376668 1202 569 532
str9_ctwo.png 377051 1203 408 487
str9_ctwo.png 377468 1204 574 529
#24
str9_ctwo.png 288453 868 572 452
str9_ctwo.png 288724 869 554 455
str9_ctwo.png 289457 870 1340 437
str9_ctwo.png 289558 871 1311 399
str9_ctwo.png 289691 872 1377 416
str9_ctwo.png 290074 873 1418 492
str9_ctwo.png 290424 874 1417 490
str9_ctwo.png 290574 875 1350 406
str9_ctwo.png 291124 876 436 443
str9_ctwo.png 291341 877 570 452
str9_ctwo.png 291741 878 1373 412
str9_ctwo.png 292158 879 1366 429
str9_ctwo.png 292324 880 1375 432
#25
str9_ctwo.png 314916 929 1006 487
str9_ctwo.png 315216 930 1003 522
str9_ctwo.png 315416 931 994 466
str9_ctwo.png 315799 932 998 434
str9_ctwo.png 316049 933 1048 432
str9_ctwo.png 316699 934 1106 471
str9_ctwo.png 317049 935 1085 483
str9_ctwo.png 317483 936 1060 402
str9_ctwo.png 317783 937 1073 511
str9_ctwo.png 318297 938 1104 579
str9_ctwo.png 319129 939 1079 543
str9_ctwo.png 319449 940 1069 450
str9_ctwo.png 319551 941 1073 563
str9_ctwo.png 319718 942 1085 455
str9_ctwo.png 319835 943 1098 565
#26
str9_ctwo.png 356855 1130 785 589
str9_ctwo.png 357038 1131 525 546
str9_ctwo.png 357538 1132 434 512
str9_ctwo.png 357738 1133 492 530
str9_ctwo.png 358138 1134 456 590
str9_ctwo.png 358371 1135 1416 438
str9_ctwo.png 358539 1136 1287 446
str9_ctwo.png 358689 1137 1352 555
str9_ctwo.png 358939 1138 1415 620
str9_ctwo.png 359339 1139 1321 433
str9_ctwo.png 359972 1140 1371 572
str9_ctwo.png 360239 1141 494 519
str9_ctwo.png 360438 1142 479 548
str9_ctwo.png 360639 1143 437 530
str9_ctwo.png 360855 1144 551 543
str9_ctwo.png 361322 1145 1393 567
str9_ctwo.png 361589 1146 1356 457
#27
str9_ctwo.png 301508 953 592 499
str9_ctwo.png 301708 954 494 473
str9_ctwo.png 301991 955 1434 429
str9_ctwo.png 302192 956 1314 412
str9_ctwo.png 302375 957 1324 425
str9_ctwo.png 302708 958 1344 426
str9_ctwo.png 302908 959 1371 524
str9_ctwo.png 303491 960 621 500
str9_ctwo.png 303858 961 497 475
str9_ctwo.png 304225 962 378 503
str9_ctwo.png 304758 963 1381 474
str9_ctwo.png 305692 964 1367 484
#28
str9_ctwo.png 404511 1211 980 540
str9_ctwo.png 404788 1212 586 518
str9_ctwo.png 405055 1213 431 470
str9_ctwo.png 405238 1214 553 521
str9_ctwo.png 405538 1215 577 573
str9_ctwo.png 405688 1216 447 490
str9_ctwo.png 406187 1217 1429 464
str9_ctwo.png 409107 1218 544 481
str9_ctwo.png 409390 1219 425 470
str9_ctwo.png 409553 1220 565 510
#29
str9_ctwo.png 350257 1034 507 529
str9_ctwo.png 350608 1035 404 511
str9_ctwo.png 350941 1036 574 556
str9_ctwo.png 351408 1037 550 539
str9_ctwo.png 351841 1038 1447 498
str9_ctwo.png 351941 1039 1390 509
str9_ctwo.png 352208 1040 1332 438
str9_ctwo.png 352658 1041 1375 548
str9_ctwo.png 353075 1042 1449 629
str9_ctwo.png 353475 1043 1345 425
str9_ctwo.png 354358 1044 424 486
str9_ctwo.png 354457 1045 483 519
str9_ctwo.png 354657 1046 402 498
#30
str9_ctwo.png 334768 1090 513 537
str9_ctwo.png 335201 1091 1350 478
str9_ctwo.png 335535 1092 548 478
str9_ctwo.png 335684 1093 566 547
str9_ctwo.png 335801 1094 420 512
str9_ctwo.png 336321 1095 1316 476
str9_ctwo.png 336554 1096 440 404
str9_ctwo.png 337501 1097 526 517
str9_ctwo.png 338131 1098 488 535
str9_ctwo.png 338674 1099 1384 514
str9_ctwo.png 339498 1100 538 566
#31
str9_ctwo.png 326583 1059 794 493
str9_ctwo.png 326750 1060 498 517
str9_ctwo.png 327000 1061 407 484
str9_ctwo.png 327183 1062 554 512
str9_ctwo.png 327500 1063 421 486
str9_ctwo.png 328066 1064 563 534
str9_ctwo.png 328383 1065 561 520
str9_ctwo.png 328568 1066 407 471
str9_ctwo.png 328868 1067 376 463
str9_ctwo.png 329134 1068 437 478
str9_ctwo.png 329501 1069 1350 436
str9_ctwo.png 329652 1070 1329 439
str9_ctwo.png 330256 1071 1394 491
str9_ctwo.png 330429 1072 1347 423
str9_ctwo.png 330663 1073 1316 401
str9_ctwo.png 330963 1074 1344 445
str9_ctwo.png 331213 1075 426 498
str9_ctwo.png 331429 1076 452 513
#32
str9_ctwo.png 331629 1113 918 468
str9_ctwo.png 331879 1114 581 526
str9_ctwo.png 332062 1115 479 495
str9_ctwo.png 332229 1116 563 520
str9_ctwo.png 332546 1117 583 536
str9_ctwo.png 332879 1118 605 527
str9_ctwo.png 333079 1119 1353 429
str9_ctwo.png 333246 1120 1365 415
str9_ctwo.png 333813 1121 550 496
str9_ctwo.png 334247 1122 1407 441
str9_ctwo.png 334381 1123 1378 413
str9_ctwo.png 334548 1124 1358 398
str9_ctwo.png 334748 1125 1408 518
str9_ctwo.png 335231 1126 1356 395
str9_ctwo.png 335798 1127 508 473
str9_ctwo.png 335931 1128 561 516
str9_ctwo.png 336231 1129 438 479
str9_ctwo.png 336498 1130 569 506
#33
str9_ctwo.png 405613 1035 1002 425
str9_ctwo.png 405879 1036 570 425
str9_ctwo.png 406096 1037 581 445
str9_ctwo.png 406196 1038 577 407
str9_ctwo.png 407396 1039 504 393
str9_ctwo.png 407629 1040 413 346
str9_ctwo.png 407863 1041 740 320
str9_ctwo.png 407996 1042 400 337
str9_ctwo.png 408246 1043 1421 381
str9_ctwo.png 408479 1044 1511 503
str9_ctwo.png 408580 1045 1465 485
str9_ctwo.png 408863 1046 1499 522
str9_ctwo.png 409063 1047 1394 371
str9_ctwo.png 409697 1048 562 455
str9_ctwo.png 410294 1049 1291 437
#34
str9_ctwo.png 318558 918 615 545
str9_ctwo.png 318808 919 563 544
str9_ctwo.png 319508 920 1363 481
str9_ctwo.png 319658 921 1400 471
str9_ctwo.png 320092 922 1386 491
str9_ctwo.png 320859 923 1382 476
str9_ctwo.png 321175 924 1377 480
str9_ctwo.png 322563 925 547 501
str9_ctwo.png 322813 926 630 578
#35
str9_ctwo.png 321229 1061 540 534
str9_ctwo.png 321829 1062 527 501
str9_ctwo.png 321979 1063 1333 452
str9_ctwo.png 322179 1064 1382 452
str9_ctwo.png 322380 1065 1340 443
str9_ctwo.png 322480 1066 1370 498
str9_ctwo.png 322746 1067 1341 452
str9_ctwo.png 323296 1068 1375 540
str9_ctwo.png 323563 1069 1423 605
str9_ctwo.png 323996 1070 1447 633
str9_ctwo.png 324296 1071 1475 650
str9_ctwo.png 324630 1072 1361 523
str9_ctwo.png 324946 1073 1336 558
str9_ctwo.png 325063 1074 1334 428
str9_ctwo.png 325763 1075 1357 421
#36
str9_ctwo.png 343354 1052 1000 464
str9_ctwo.png 343770 1053 532 460
str9_ctwo.png 344254 1054 1415 416
str9_ctwo.png 345204 1056 632 476
str9_ctwo.png 345537 1057 462 441
str9_ctwo.png 346221 1058 1439 432
str9_ctwo.png 346488 1059 1426 449
str9_ctwo.png 346704 1060 1429 446
str9_ctwo.png 346804 1061 1439 415
str9_ctwo.png 347037 1062 1439 435
str9_ctwo.png 347554 1063 1450 422
str9_ctwo.png 347771 1064 492 491
str9_ctwo.png 348170 1065 492 521
#37
str9_ctwo.png 316790 1023 921 497
str9_ctwo.png 317040 1024 572 529
str9_ctwo.png 317590 1025 434 514
str9_ctwo.png 317907 1026 509 496
str9_ctwo.png 318574 1027 547 525
str9_ctwo.png 318774 1028 401 474
str9_ctwo.png 318874 1029 412 487
str9_ctwo.png 319024 1030 411 478
str9_ctwo.png 319274 1031 1348 505
str9_ctwo.png 319392 1032 1294 456
str9_ctwo.png 319475 1033 1284 491
str9_ctwo.png 319775 1034 895 481
str9_ctwo.png 320108 1035 903 502
str9_ctwo.png 320258 1036 969 470
str9_ctwo.png 320808 1037 636 457
str9_ctwo.png 321108 1038 500 508
str9_ctwo.png 321525 1039 837 483
#38
str9_ctwo.png 319011 887 631 517
str9_ctwo.png 319128 888 562 544
str9_ctwo.png 319344 889 417 506
str9_ctwo.png 319510 890 452 492
str9_ctwo.png 320044 891 1404 492
str9_ctwo.png 320561 892 1389 449
str9_ctwo.png 320794 893 530 515
str9_ctwo.png 321077 894 432 505
str9_ctwo.png 321327 895 420 507
str9_ctwo.png 321610 896 416 519
str9_ctwo.png 321877 897 424 497
str9_ctwo.png 322160 898 577 534
str9_ctwo.png 322527 899 407 490
str9_ctwo.png 323227 900 400 488
#39
str9_ctwo.png 297145 748 1357 355
str9_ctwo.png 297495 749 1350 320
str9_ctwo.png 297628 750 1393 491
str9_ctwo.png 297811 751 1372 490
str9_ctwo.png 298011 752 305 437
str9_ctwo.png 298227 753 563 437
str9_ctwo.png 298511 754 1468 411
str9_ctwo.png 298611 755 1367 364
str9_ctwo.png 299244 756 437 425
str9_ctwo.png 299578 757 562 455
str9_ctwo.png 300212 758 1020 397
str9_ctwo.png 300363 759 367 461
str9_ctwo.png 300479 760 502 437
str9_ctwo.png 300862 761 437 418
str9_ctwo.png 301012 762 542 445
#40
str9_ctwo.png 325692 966 999 396
str9_ctwo.png 325926 967 1335 417
str9_ctwo.png 326159 968 465 519
str9_ctwo.png 326292 969 487 551
str9_ctwo.png 326476 970 539 529
str9_ctwo.png 326676 971 462 494
str9_ctwo.png 327092 972 542 472
str9_ctwo.png 327410 973 651 504
str9_ctwo.png 327627 974 606 512
str9_ctwo.png 328127 975 492 469
str9_ctwo.png 328577 976 1348 389
str9_ctwo.png 330143 977 520 479
str9_ctwo.png 330444 978 515 514
#41
str9_ctwo.png 297002 799 1004 436
str9_ctwo.png 297252 800 499 527
str9_ctwo.png 297435 801 434 535
str9_ctwo.png 297852 802 352 511
str9_ctwo.png 298119 803 312 503
str9_ctwo.png 298402 804 482 533
str9_ctwo.png 298652 805 1497 487
str9_ctwo.png 298769 806 1329 486
str9_ctwo.png 299036 807 274 525
str9_ctwo.png 299119 808 435 519
str9_ctwo.png 299519 809 1560 480
str9_ctwo.png 299620 810 1386 490
str9_ctwo.png 299770 811 1371 465
str9_ctwo.png 299953 812 1427 561
str9_ctwo.png 300353 813 1394 452
str9_ctwo.png 300486 814 1467 439
str9_ctwo.png 300686 815 285 532
str9_ctwo.png 300819 816 533 509
str9_ctwo.png 301310 817 441 514
#42
str9_ctwo.png 325980 1036 485 459
str9_ctwo.png 326214 1037 558 469
str9_ctwo.png 326563 1038 454 403
str9_ctwo.png 327164 1039 1352 410
str9_ctwo.png 327931 1040 386 448
str9_ctwo.png 328130 1041 517 458
str9_ctwo.png 328497 1042 406 386
str9_ctwo.png 328780 1043 542 453
str9_ctwo.png 329197 1044 444 413
str9_ctwo.png 329430 1045 1387 368
str9_ctwo.png 329581 1046 1365 385
str9_ctwo.png 329731 1047 1378 491
str9_ctwo.png 330147 1048 1356 352
str9_ctwo.png 330514 1049 1456 531
#43
