str9_mask.png 138967 450 1005 173
str9_mask.png 139100 451 989 194
str9_mask.png 139467 452 1026 156
str9_mask.png 139633 453 1021 163
str9_mask.png 139917 454 1039 157
str9_mask.png 140167 455 1241 186
str9_mask.png 140334 456 1120 206
str9_mask.png 140434 457 1175 237
str9_mask.png 140718 458 1322 328
str9_mask.png 141001 459 1342 354
str9_mask.png 141268 460 1446 527
str9_mask.png 141501 461 1474 588
str9_mask.png 141651 462 1408 726
str9_mask.png 141901 463 1396 750
str9_mask.png 142118 464 1201 909
str9_mask.png 142368 465 1143 935
str9_mask.png 142651 466 888 957
str9_mask.png 142884 467 903 915
str9_mask.png 143101 468 630 920
str9_mask.png 143234 469 728 917
str9_mask.png 143417 470 666 877
str9_mask.png 144190 471 484 705
str9_mask.png 144492 472 415 642
str9_mask.png 144625 473 355 511
str9_mask.png 144809 474 342 432
str9_mask.png 145042 475 509 298
str9_mask.png 145258 476 572 337
str9_mask.png 145492 477 757 229
str9_mask.png 145725 478 1003 185
str9_mask.png 146058 479 838 914
str9_mask.png 146208 480 721 901
str9_mask.png 146477 481 909 942
str9_mask.png 146596 482 982 960
str9_mask.png 146863 483 1274 943
str9_mask.png 147064 484 1119 930
str9_mask.png 147564 485 856 991
str9_mask.png 147830 486 878 928
str9_mask.png 148130 487 587 957
str9_mask.png 148213 488 680 937
str9_mask.png 148363 489 660 855
#1
str9_mask.png 171438 569 716 88
str9_mask.png 171555 570 900 114
str9_mask.png 171772 571 928 125
str9_mask.png 172172 572 899 80
str9_mask.png 172438 573 1127 178
str9_mask.png 173021 574 1348 260
str9_mask.png 173555 575 1449 537
str9_mask.png 173788 576 1370 721
str9_mask.png 174040 577 1313 778
str9_mask.png 174307 578 1373 735
str9_mask.png 174757 579 1400 726
str9_mask.png 174890 580 1325 770
str9_mask.png 175123 581 1156 902
str9_mask.png 175407 582 1101 935
str9_mask.png 175573 583 893 975
str9_mask.png 175923 584 630 916
str9_mask.png 176140 585 640 931
str9_mask.png 176240 586 693 952
str9_mask.png 176473 587 690 896
str9_mask.png 176673 588 435 658
str9_mask.png 176939 589 375 472
str9_mask.png 177206 590 483 280
str9_mask.png 177389 591 583 296
str9_mask.png 177756 592 709 172
str9_mask.png 178039 593 583 209
str9_mask.png 178206 594 962 118
str9_mask.png 178356 595 961 127
str9_mask.png 178656 596 1209 160
str9_mask.png 179056 597 1231 165
str9_mask.png 179323 598 1204 183
str9_mask.png 179573 599 1238 175
str9_mask.png 179873 600 1368 244
str9_mask.png 180139 601 1142 199
str9_mask.png 180494 602 1166 196
str9_mask.png 180760 603 1175 168
str9_mask.png 181010 604 1150 138
#2
str9_mask.png 119809 354 922 409
str9_mask.png 119932 355 907 404
str9_mask.png 120265 356 589 156
str9_mask.png 120498 357 492 210
str9_mask.png 120682 358 729 104
str9_mask.png 121032 359 504 200
str9_mask.png 121215 360 495 206
str9_mask.png 121365 361 715 107
str9_mask.png 122098 362 712 75
str9_mask.png 122398 363 715 86
str9_mask.png 122615 364 950 53
str9_mask.png 122765 365 1202 139
str9_mask.png 123082 366 1408 217
str9_mask.png 123266 367 1023 894
str9_mask.png 123499 368 1155 835
str9_mask.png 123699 369 673 858
str9_mask.png 123949 370 387 529
str9_mask.png 124415 371 730 808
str9_mask.png 124632 372 431 558
str9_mask.png 124732 373 448 582
str9_mask.png 124982 374 390 423
str9_mask.png 125298 375 384 383
str9_mask.png 125515 376 1291 228
str9_mask.png 126216 377 1419 267
str9_mask.png 126649 378 1331 704
str9_mask.png 126899 379 1342 661
str9_mask.png 127082 380 1346 675
str9_mask.png 127465 381 1133 871
str9_mask.png 127732 382 1114 877
str9_mask.png 128099 383 1189 847
str9_mask.png 128382 384 1094 133
str9_mask.png 128582 385 946 50
str9_mask.png 128832 386 939 44
str9_mask.png 129015 387 1146 112
str9_mask.png 129365 388 461 151
str9_mask.png 129498 389 493 183
#3
str9_mask.png 162508 543 974 390
str9_mask.png 162992 544 948 52
str9_mask.png 163175 545 952 14
str9_mask.png 165008 546 533 202
str9_mask.png 165242 547 406 327
str9_mask.png 165608 548 399 329
str9_mask.png 165892 549 517 578
str9_mask.png 166475 550 543 599
str9_mask.png 166758 551 706 836
str9_mask.png 167308 552 738 837
str9_mask.png 167642 553 725 922
str9_mask.png 167892 554 738 865
str9_mask.png 168142 555 750 848
str9_mask.png 168342 556 981 920
str9_mask.png 168608 557 1232 902
str9_mask.png 169009 558 1397 721
str9_mask.png 169326 559 1491 519
str9_mask.png 169559 560 1415 308
str9_mask.png 169709 561 1448 291
str9_mask.png 169859 562 1495 404
str9_mask.png 170009 563 1189 187
str9_mask.png 170226 564 639 955
str9_mask.png 170375 565 695 880
str9_mask.png 170592 566 736 846
str9_mask.png 170842 567 939 882
str9_mask.png 171092 568 723 823
str9_mask.png 171292 569 759 832
str9_mask.png 171425 570 957 931
str9_mask.png 172428 571 416 349
#4
str9_mask.png 149610 364 932 110
str9_mask.png 149943 365 450 172
str9_mask.png 150076 366 541 233
str9_mask.png 150476 367 981 97
str9_mask.png 150893 368 1114 997
str9_mask.png 150976 369 1115 982
str9_mask.png 151326 370 1357 795
str9_mask.png 152343 371 1164 219
str9_mask.png 152477 372 567 405
str9_mask.png 152660 373 458 637
str9_mask.png 152793 374 482 620
str9_mask.png 153026 375 721 913
str9_mask.png 153543 376 940 985
str9_mask.png 153892 377 770 152
str9_mask.png 154026 378 981 128
str9_mask.png 154593 379 558 269
str9_mask.png 154843 380 589 296
str9_mask.png 155076 381 769 209
str9_mask.png 155376 382 1298 339
str9_mask.png 155559 383 1198 294
str9_mask.png 155743 384 1169 265
str9_mask.png 155876 385 1174 261
str9_mask.png 156043 386 1174 256
str9_mask.png 156309 387 1350 777
str9_mask.png 157059 388 1161 233
str9_mask.png 157259 389 1221 170
str9_mask.png 157993 390 1177 216
str9_mask.png 158909 391 565 246
str9_mask.png 159226 392 1124 956
#5
str9_mask.png 146305 369 1037 357
str9_mask.png 147238 370 647 120
str9_mask.png 147338 371 690 88
str9_mask.png 147538 372 680 87
str9_mask.png 147822 373 524 87
str9_mask.png 148072 374 660 135
str9_mask.png 148238 375 620 174
str9_mask.png 148572 376 430 308
str9_mask.png 148788 377 457 277
str9_mask.png 149588 378 1316 107
str9_mask.png 149756 379 1128 129
str9_mask.png 149889 380 1162 119
str9_mask.png 150090 381 1321 212
str9_mask.png 150357 382 1437 676
str9_mask.png 150674 383 1209 880
str9_mask.png 151107 384 1338 776
str9_mask.png 151324 385 1413 685
str9_mask.png 151707 386 910 916
str9_mask.png 151924 387 615 916
str9_mask.png 152307 388 661 908
str9_mask.png 152590 389 666 907
str9_mask.png 152890 390 610 901
str9_mask.png 153140 391 672 909
str9_mask.png 153540 392 581 711
str9_mask.png 153673 393 508 641
str9_mask.png 154323 394 387 445
str9_mask.png 154740 395 409 351
str9_mask.png 155123 396 424 353
str9_mask.png 155407 397 312 397
str9_mask.png 155973 398 442 355
#6
str9_mask.png 161757 418 953 516
str9_mask.png 162190 419 904 16
str9_mask.png 162490 420 914 27
str9_mask.png 163024 421 419 163
str9_mask.png 163340 422 511 220
str9_mask.png 163923 423 519 305
str9_mask.png 164273 424 512 266
str9_mask.png 164491 425 519 233
str9_mask.png 165075 426 355 430
str9_mask.png 165661 427 735 915
str9_mask.png 166796 428 1399 332
str9_mask.png 169113 429 503 266
str9_mask.png 169279 430 496 275
str9_mask.png 169413 431 527 298
str9_mask.png 170263 432 464 488
str9_mask.png 170446 433 602 775
str9_mask.png 170646 434 808 902
str9_mask.png 170830 435 957 1020
str9_mask.png 171113 436 1101 924
#7
str9_mask.png 115518 279 881 195
str9_mask.png 115885 280 522 350
str9_mask.png 116085 281 880 715
str9_mask.png 116435 282 716 525
str9_mask.png 117018 283 903 469
str9_mask.png 117818 284 834 650
str9_mask.png 118185 285 868 550
str9_mask.png 119018 286 899 505
str9_mask.png 120101 287 916 370
str9_mask.png 121618 288 696 299
str9_mask.png 121901 289 511 231
str9_mask.png 122268 290 782 608
str9_mask.png 122551 291 663 378
str9_mask.png 122851 292 835 486
str9_mask.png 123435 293 919 387
str9_mask.png 124051 294 1131 775
str9_mask.png 124251 295 1290 736
str9_mask.png 124568 296 1017 265
str9_mask.png 124835 297 622 276
str9_mask.png 125134 298 510 472
#8
str9_mask.png 148394 473 1054 395
str9_mask.png 148724 474 534 153
str9_mask.png 148923 475 664 83
str9_mask.png 149140 476 900 89
str9_mask.png 149507 477 920 64
str9_mask.png 149740 478 1147 146
str9_mask.png 149890 479 905 89
str9_mask.png 150140 480 1138 151
str9_mask.png 150840 481 1140 175
str9_mask.png 151740 482 1135 171
str9_mask.png 152107 483 1353 317
str9_mask.png 152423 484 1319 258
str9_mask.png 152773 485 1384 718
str9_mask.png 153190 486 1312 753
str9_mask.png 153557 487 1387 704
str9_mask.png 154307 488 1336 773
str9_mask.png 154890 489 1157 925
str9_mask.png 155290 490 883 954
str9_mask.png 155656 491 1168 930
str9_mask.png 155956 492 648 910
str9_mask.png 156673 493 687 904
str9_mask.png 156840 494 683 906
str9_mask.png 157190 495 437 699
str9_mask.png 157523 496 461 695
str9_mask.png 157640 497 639 908
str9_mask.png 157990 498 419 716
str9_mask.png 158390 499 296 455
#9
str9_mask.png 141451 358 967 549
str9_mask.png 141718 359 967 237
str9_mask.png 141851 360 928 146
str9_mask.png 143268 361 700 184
str9_mask.png 143735 362 464 263
str9_mask.png 143851 363 496 265
str9_mask.png 144084 364 694 207
str9_mask.png 144467 365 465 301
str9_mask.png 144867 366 388 482
str9_mask.png 145467 367 474 686
str9_mask.png 145767 368 655 842
str9_mask.png 146084 369 1026 869
str9_mask.png 146301 370 1369 714
str9_mask.png 147550 371 1496 529
str9_mask.png 147701 372 1463 538
str9_mask.png 147934 373 1210 866
str9_mask.png 148234 374 1183 309
str9_mask.png 148484 375 1146 171
str9_mask.png 148951 376 794 162
#10
str9_mask.png 123842 394 562 255
str9_mask.png 124225 395 992 116
str9_mask.png 124625 396 1042 109
str9_mask.png 124826 397 1021 120
str9_mask.png 125144 398 1256 188
str9_mask.png 125362 399 1187 168
str9_mask.png 125479 400 1186 185
str9_mask.png 126047 401 969 116
str9_mask.png 126301 402 946 137
str9_mask.png 126470 403 770 97
str9_mask.png 126587 404 775 112
str9_mask.png 126939 405 559 251
str9_mask.png 127407 406 989 894
str9_mask.png 127557 407 975 961
str9_mask.png 127774 408 744 919
str9_mask.png 128157 409 1308 884
str9_mask.png 128324 410 1378 776
str9_mask.png 128624 411 1396 741
str9_mask.png 128908 412 729 866
str9_mask.png 129074 413 749 864
str9_mask.png 129191 414 733 901
str9_mask.png 129541 415 1447 721
str9_mask.png 129659 416 1386 733
str9_mask.png 129826 417 1412 729
str9_mask.png 130109 418 1345 785
str9_mask.png 130343 419 1458 486
str9_mask.png 130560 420 1376 299
str9_mask.png 130994 421 1187 180
str9_mask.png 131178 422 1396 304
str9_mask.png 131428 423 1320 294
str9_mask.png 132115 424 312 399
str9_mask.png 132319 425 388 414
str9_mask.png 132504 426 459 540
str9_mask.png 133057 427 1068 433
#11
str9_mask.png 147433 381 619 166
str9_mask.png 147650 382 909 101
str9_mask.png 148302 383 1133 119
str9_mask.png 148823 384 1157 153
str9_mask.png 149640 385 1136 134
str9_mask.png 149823 386 1319 259
str9_mask.png 150240 387 1477 284
str9_mask.png 150623 388 1348 255
str9_mask.png 150840 389 1304 247
str9_mask.png 151023 390 1291 259
str9_mask.png 151156 391 1285 274
str9_mask.png 151423 392 1481 316
str9_mask.png 151606 393 1486 428
str9_mask.png 151806 394 1556 489
str9_mask.png 152306 395 1411 472
str9_mask.png 152990 396 1392 685
str9_mask.png 153476 397 1156 917
str9_mask.png 153746 398 1116 921
str9_mask.png 154163 399 1166 921
str9_mask.png 154396 400 1104 928
str9_mask.png 154563 401 898 978
str9_mask.png 154963 402 866 970
str9_mask.png 155229 403 885 954
str9_mask.png 155996 404 898 977
str9_mask.png 156229 405 623 924
str9_mask.png 156496 406 543 941
str9_mask.png 157029 407 530 965
#12
str9_mask.png 162448 474 1139 397
str9_mask.png 162782 475 1390 309
str9_mask.png 162932 476 912 119
str9_mask.png 163116 477 469 198
str9_mask.png 163215 478 566 230
str9_mask.png 163399 479 1014 95
str9_mask.png 163666 480 992 97
str9_mask.png 164016 481 1100 751
str9_mask.png 164233 482 1339 767
str9_mask.png 164467 483 894 938
str9_mask.png 164783 484 789 154
str9_mask.png 164950 485 660 118
str9_mask.png 165149 486 500 264
str9_mask.png 165533 487 387 440
str9_mask.png 165800 488 558 249
str9_mask.png 166166 489 482 222
str9_mask.png 166516 490 565 233
str9_mask.png 166866 491 1425 264
str9_mask.png 166983 492 1348 292
str9_mask.png 167200 493 1168 194
str9_mask.png 167867 494 377 408
str9_mask.png 168353 495 537 715
str9_mask.png 168553 496 736 944
str9_mask.png 168819 497 1399 771
str9_mask.png 168953 498 1358 762
str9_mask.png 169153 499 1386 709
str9_mask.png 169470 500 1318 760
str9_mask.png 169770 501 1156 911
str9_mask.png 170136 502 1412 567
str9_mask.png 170420 503 1387 705
str9_mask.png 170770 504 1390 679
str9_mask.png 171153 505 687 883
str9_mask.png 171371 506 435 680
str9_mask.png 171487 507 487 680
str9_mask.png 171720 508 369 450
str9_mask.png 172270 509 730 156
#13
str9_mask.png 141934 421 1030 402
str9_mask.png 142034 422 1133 392
str9_mask.png 142201 423 1045 161
str9_mask.png 142351 424 928 72
str9_mask.png 142651 425 1125 164
str9_mask.png 143034 426 1142 185
str9_mask.png 143834 427 1275 281
str9_mask.png 144268 428 1374 307
str9_mask.png 144801 429 1436 490
str9_mask.png 145467 430 1350 692
str9_mask.png 146134 431 1193 886
str9_mask.png 146450 432 1142 918
str9_mask.png 146667 433 894 968
str9_mask.png 147217 434 664 920
str9_mask.png 147801 435 494 732
str9_mask.png 148150 436 438 664
str9_mask.png 148717 437 371 506
str9_mask.png 149050 438 356 439
str9_mask.png 149317 439 440 275
str9_mask.png 149700 440 617 195
str9_mask.png 149883 441 693 138
str9_mask.png 150383 442 725 150
str9_mask.png 150650 443 938 101
str9_mask.png 151266 444 951 122
#14
str9_mask.png 196164 559 707 94
str9_mask.png 197448 560 1174 95
str9_mask.png 197565 561 1178 115
str9_mask.png 197781 562 1179 123
str9_mask.png 198198 563 684 68
str9_mask.png 198415 564 704 102
str9_mask.png 198531 565 492 229
str9_mask.png 198915 566 554 209
str9_mask.png 199281 567 416 398
str9_mask.png 199598 568 385 418
str9_mask.png 199781 569 390 399
str9_mask.png 199965 570 558 684
str9_mask.png 200148 571 497 658
str9_mask.png 200415 572 712 859
str9_mask.png 200931 573 1016 913
str9_mask.png 201231 574 1244 933
str9_mask.png 201398 575 1336 707
str9_mask.png 201548 576 1401 695
str9_mask.png 202032 577 1405 670
str9_mask.png 202182 578 1500 467
str9_mask.png 202632 579 1366 237
str9_mask.png 202948 580 1332 248
str9_mask.png 203265 581 1172 122
str9_mask.png 203715 582 1194 109
str9_mask.png 204265 583 1468 487
str9_mask.png 204498 584 1531 424
str9_mask.png 204781 585 515 307
str9_mask.png 205014 586 541 200
str9_mask.png 205381 587 385 403
str9_mask.png 205564 588 506 633
#15
str9_mask.png 143744 491 970 491
str9_mask.png 143894 492 835 185
str9_mask.png 144061 493 976 157
str9_mask.png 144711 494 527 313
str9_mask.png 145127 495 550 328
str9_mask.png 145394 496 502 320
str9_mask.png 145827 497 491 311
str9_mask.png 145927 498 554 327
str9_mask.png 146461 499 563 326
str9_mask.png 146728 500 570 346
str9_mask.png 147261 501 1276 722
str9_mask.png 147461 502 1396 779
str9_mask.png 147995 503 1120 960
str9_mask.png 148295 504 912 983
str9_mask.png 148595 505 1133 957
str9_mask.png 148961 506 1103 959
str9_mask.png 149145 507 926 983
str9_mask.png 149395 508 895 961
str9_mask.png 149611 509 644 938
str9_mask.png 149895 510 559 709
str9_mask.png 150128 511 662 899
str9_mask.png 150311 512 696 917
str9_mask.png 150661 513 512 331
str9_mask.png 150894 514 508 330
str9_mask.png 151244 515 573 307
str9_mask.png 151494 516 789 212
str9_mask.png 151894 517 740 194
str9_mask.png 152078 518 1014 161
str9_mask.png 152661 519 978 124
str9_mask.png 152861 520 1215 200
str9_mask.png 153044 521 1174 238
str9_mask.png 153261 522 1170 237
str9_mask.png 153578 523 1189 179
#16
str9_mask.png 165127 455 1023 97
str9_mask.png 165577 456 1234 165
str9_mask.png 165810 457 1351 297
str9_mask.png 166061 458 1450 297
str9_mask.png 166228 459 1421 251
str9_mask.png 166662 460 1547 425
str9_mask.png 166895 461 1453 673
str9_mask.png 167345 462 1405 748
str9_mask.png 167928 463 1389 773
str9_mask.png 168128 464 1196 951
str9_mask.png 168645 465 914 953
str9_mask.png 169112 466 637 929
str9_mask.png 169645 467 445 728
str9_mask.png 169960 468 758 923
str9_mask.png 170477 469 509 707
str9_mask.png 170844 470 488 701
str9_mask.png 171060 471 436 649
str9_mask.png 171327 472 390 456
str9_mask.png 171827 473 574 253
str9_mask.png 172027 474 548 269
str9_mask.png 172160 475 784 161
str9_mask.png 172544 476 992 110
str9_mask.png 172962 477 1442 304
str9_mask.png 173362 478 1539 479
str9_mask.png 173612 479 1467 477
str9_mask.png 173845 480 1404 258
str9_mask.png 174028 481 1407 276
str9_mask.png 174211 482 1358 269
str9_mask.png 174495 483 1502 279
#17
str9_mask.png 165934 481 840 135
str9_mask.png 166217 482 999 34
str9_mask.png 166800 483 597 252
str9_mask.png 166967 484 740 101
str9_mask.png 167167 485 1018 103
str9_mask.png 167667 486 1077 560
str9_mask.png 168034 487 1036 153
str9_mask.png 168634 488 1240 159
str9_mask.png 168883 489 997 80
str9_mask.png 169451 490 681 115
str9_mask.png 169654 491 434 313
str9_mask.png 170104 492 587 725
str9_mask.png 170320 493 693 898
str9_mask.png 170587 494 954 964
str9_mask.png 170720 495 936 973
str9_mask.png 170937 496 1138 959
str9_mask.png 171170 497 1409 747
str9_mask.png 171654 498 1020 141
str9_mask.png 171854 499 897 68
str9_mask.png 173004 500 900 104
str9_mask.png 173354 501 869 102
str9_mask.png 173604 502 1056 129
str9_mask.png 173771 503 1065 149
str9_mask.png 174188 504 1062 157
str9_mask.png 174471 505 1066 147
str9_mask.png 174771 506 1045 111
str9_mask.png 175154 507 1053 133
str9_mask.png 175287 508 900 40
str9_mask.png 175654 509 910 43
#18
str9_mask.png 126243 418 855 188
str9_mask.png 126426 419 639 189
str9_mask.png 126576 420 513 248
str9_mask.png 126910 421 564 269
str9_mask.png 127210 422 869 146
str9_mask.png 127410 423 736 133
str9_mask.png 127643 424 950 128
str9_mask.png 128093 425 1167 146
str9_mask.png 128393 426 951 119
str9_mask.png 128726 427 968 129
str9_mask.png 128959 428 1207 186
str9_mask.png 129560 429 1172 183
str9_mask.png 130076 430 1370 280
str9_mask.png 130543 431 1388 631
str9_mask.png 130693 432 1368 732
str9_mask.png 131243 433 1357 751
str9_mask.png 131610 434 1096 941
str9_mask.png 131776 435 946 961
str9_mask.png 131960 436 673 951
str9_mask.png 132510 437 518 757
str9_mask.png 132626 438 513 743
str9_mask.png 132860 439 403 511
str9_mask.png 133109 440 387 438
str9_mask.png 133576 441 548 273
str9_mask.png 134209 442 501 294
str9_mask.png 134442 443 784 193
str9_mask.png 134709 444 745 189
str9_mask.png 134926 445 770 153
str9_mask.png 135076 446 963 137
str9_mask.png 135609 447 1181 182
#19
str9_mask.png 115411 416 739 199
str9_mask.png 115727 417 512 279
str9_mask.png 115961 418 581 308
str9_mask.png 116178 419 942 121
str9_mask.png 116394 420 1195 196
str9_mask.png 116794 421 1399 263
str9_mask.png 116878 422 1352 304
str9_mask.png 117095 423 1436 570
str9_mask.png 117279 424 1354 746
str9_mask.png 117595 425 1129 939
str9_mask.png 117795 426 926 958
str9_mask.png 117995 427 712 931
str9_mask.png 118212 428 511 741
str9_mask.png 118445 429 408 518
str9_mask.png 118761 430 478 255
str9_mask.png 119061 431 558 284
str9_mask.png 119378 432 751 159
str9_mask.png 119611 433 987 111
str9_mask.png 119911 434 1188 182
str9_mask.png 120378 435 1351 782
str9_mask.png 120745 436 964 960
str9_mask.png 120962 437 626 909
str9_mask.png 121312 438 705 908
str9_mask.png 121495 439 1159 959
str9_mask.png 121778 440 1391 420
str9_mask.png 121962 441 1376 328
str9_mask.png 122162 442 1172 197
str9_mask.png 122545 443 943 108
str9_mask.png 122878 444 715 136
str9_mask.png 123145 445 459 246
str9_mask.png 123228 446 513 278
str9_mask.png 123428 447 412 466
str9_mask.png 123761 448 505 745
str9_mask.png 124061 449 565 799
str9_mask.png 124345 450 674 906
str9_mask.png 124645 451 859 952
str9_mask.png 124845 452 904 962
str9_mask.png 125195 453 1036 222
#20
str9_mask.png 124836 402 502 257
str9_mask.png 125070 403 917 140
str9_mask.png 125870 404 920 936
str9_mask.png 126186 405 381 548
str9_mask.png 126319 406 408 544
str9_mask.png 126686 407 401 403
str9_mask.png 127069 408 1201 306
str9_mask.png 127619 409 1355 770
str9_mask.png 128336 410 1104 188
str9_mask.png 129236 412 1229 329
str9_mask.png 129802 413 1427 380
str9_mask.png 130602 414 673 214
str9_mask.png 131019 415 538 423
str9_mask.png 131302 416 700 930
str9_mask.png 131552 417 927 979
str9_mask.png 131902 418 1198 905
str9_mask.png 132269 419 852 189
str9_mask.png 132635 420 1158 179
str9_mask.png 132969 421 971 123
str9_mask.png 133535 422 452 368
#21
str9_mask.png 131768 418 958 509
str9_mask.png 132531 419 981 155
str9_mask.png 132731 420 979 78
str9_mask.png 132981 421 974 81
str9_mask.png 133714 422 1190 155
str9_mask.png 133948 423 1200 185
str9_mask.png 134131 424 1229 184
str9_mask.png 134465 425 1341 286
str9_mask.png 134715 426 1298 291
str9_mask.png 134915 427 1460 429
str9_mask.png 135315 428 1490 494
str9_mask.png 135565 429 1390 688
str9_mask.png 135815 430 1352 744
str9_mask.png 136148 431 1376 732
str9_mask.png 136615 432 1134 930
str9_mask.png 137898 433 641 903
str9_mask.png 138215 434 421 683
str9_mask.png 138331 435 447 647
str9_mask.png 138531 436 352 505
str9_mask.png 138797 437 346 408
str9_mask.png 139064 438 461 285
str9_mask.png 139247 439 465 254
str9_mask.png 139447 440 513 241
str9_mask.png 139647 441 450 209
str9_mask.png 139897 442 552 231
str9_mask.png 140181 443 706 156
str9_mask.png 140531 444 711 126
str9_mask.png 141281 445 796 124
str9_mask.png 141514 446 945 94
#22
str9_mask.png 115307 363 778 273
str9_mask.png 115573 364 879 191
str9_mask.png 115723 365 947 187
str9_mask.png 116174 366 979 169
str9_mask.png 116774 367 630 211
str9_mask.png 117007 368 512 251
str9_mask.png 117273 369 825 222
str9_mask.png 117373 370 952 172
str9_mask.png 117973 371 993 167
str9_mask.png 118357 372 1157 229
str9_mask.png 118706 373 1323 322
str9_mask.png 119006 374 1430 447
str9_mask.png 119507 375 1455 525
str9_mask.png 119807 376 1397 681
str9_mask.png 120257 377 1202 902
str9_mask.png 120674 378 952 932
str9_mask.png 120924 379 683 906
str9_mask.png 121257 380 664 870
str9_mask.png 121390 381 504 700
str9_mask.png 121656 382 392 550
str9_mask.png 121823 383 384 487
str9_mask.png 122057 384 338 466
str9_mask.png 122407 385 576 307
str9_mask.png 122657 386 558 264
str9_mask.png 123007 387 589 287
str9_mask.png 123223 388 724 231
str9_mask.png 123823 389 931 191
str9_mask.png 123923 390 966 199
str9_mask.png 124473 391 1177 243
str9_mask.png 124623 392 1199 260
#23
str9_mask.png 156710 538 901 402
str9_mask.png 156948 539 794 205
str9_mask.png 157474 540 1040 89
str9_mask.png 157647 541 1007 113
str9_mask.png 157913 542 761 163
str9_mask.png 158480 543 549 249
str9_mask.png 158780 544 597 279
str9_mask.png 158996 545 491 244
str9_mask.png 159446 546 444 288
str9_mask.png 159680 547 398 445
str9_mask.png 160146 548 497 661
str9_mask.png 160396 549 553 677
str9_mask.png 160613 550 586 673
str9_mask.png 160830 551 497 642
str9_mask.png 161130 552 706 849
str9_mask.png 161380 553 769 891
str9_mask.png 161632 554 686 870
str9_mask.png 161792 555 791 855
str9_mask.png 162213 556 1012 918
str9_mask.png 162560 557 982 902
str9_mask.png 162962 558 1067 918
str9_mask.png 163144 559 1249 913
str9_mask.png 163473 560 1234 916
str9_mask.png 163783 561 1258 897
str9_mask.png 164002 562 1268 889
str9_mask.png 164130 563 1306 885
str9_mask.png 164568 564 1400 703
str9_mask.png 165107 565 1400 716
str9_mask.png 165257 566 1490 564
str9_mask.png 165540 567 1445 502
str9_mask.png 165974 568 1380 310
str9_mask.png 166257 569 1467 315
str9_mask.png 166457 570 1307 299
#24
str9_mask.png 113874 351 816 394
str9_mask.png 114341 352 771 123
str9_mask.png 114474 353 791 99
str9_mask.png 114591 354 970 87
str9_mask.png 115408 355 1000 78
str9_mask.png 115977 356 1183 123
str9_mask.png 116311 357 1383 268
str9_mask.png 116628 358 1460 499
str9_mask.png 116794 359 1387 678
str9_mask.png 117194 360 1115 867
str9_mask.png 117411 361 886 913
str9_mask.png 117594 362 652 884
str9_mask.png 117811 363 521 816
str9_mask.png 117994 364 678 838
str9_mask.png 118177 365 704 853
str9_mask.png 118744 366 680 864
str9_mask.png 118927 367 629 903
str9_mask.png 119110 368 599 936
str9_mask.png 119377 369 657 865
str9_mask.png 119610 370 700 852
str9_mask.png 119760 371 723 841
str9_mask.png 119944 372 578 234
str9_mask.png 120077 373 592 209
str9_mask.png 120410 374 504 186
str9_mask.png 120727 375 473 207
str9_mask.png 121481 376 795 116
str9_mask.png 122201 377 433 481
str9_mask.png 122417 378 421 489
str9_mask.png 122584 379 397 492
str9_mask.png 123451 380 415 378
#25
str9_mask.png 141937 404 950 485
str9_mask.png 142355 405 949 522
str9_mask.png 142688 406 895 488
str9_mask.png 142772 407 867 501
str9_mask.png 142888 408 863 460
str9_mask.png 142972 409 892 469
str9_mask.png 143288 410 888 429
str9_mask.png 143622 411 860 430
str9_mask.png 144105 412 857 473
str9_mask.png 144722 413 857 459
str9_mask.png 145688 414 857 449
str9_mask.png 145888 415 840 468
str9_mask.png 146388 416 840 437
str9_mask.png 146772 417 865 426
str9_mask.png 147055 418 869 330
str9_mask.png 147255 419 842 447
str9_mask.png 147472 420 861 455
str9_mask.png 147705 421 855 472
str9_mask.png 148638 422 859 488
str9_mask.png 149055 423 856 492
str9_mask.png 149738 424 835 508
str9_mask.png 150022 425 831 470
str9_mask.png 150805 426 888 424
str9_mask.png 151005 427 894 425
str9_mask.png 151122 428 966 468
str9_mask.png 151856 429 899 445
#26
str9_mask.png 157768 494 786 402
str9_mask.png 158078 495 749 262
str9_mask.png 158195 496 808 169
str9_mask.png 158412 497 982 132
str9_mask.png 158961 498 1245 166
str9_mask.png 159861 499 104 344
str9_mask.png 160111 500 940 488
str9_mask.png 160711 501 484 656
str9_mask.png 160911 502 768 877
str9_mask.png 161145 503 985 940
str9_mask.png 161628 504 1367 839
str9_mask.png 161811 505 1378 819
str9_mask.png 161945 506 1425 744
str9_mask.png 162194 507 1452 743
str9_mask.png 162629 508 1279 797
str9_mask.png 162912 509 1318 731
str9_mask.png 163279 510 1401 763
str9_mask.png 163513 511 1396 509
str9_mask.png 163765 512 1417 387
str9_mask.png 163865 513 1325 346
str9_mask.png 164067 514 1232 290
str9_mask.png 164283 515 1068 152
str9_mask.png 164666 516 894 130
str9_mask.png 164937 517 580 108
str9_mask.png 165337 518 933 968
str9_mask.png 165687 519 981 964
str9_mask.png 166070 520 556 255
str9_mask.png 166487 521 450 341
str9_mask.png 166754 522 784 173
str9_mask.png 167037 523 549 666
#27
str9_mask.png 115443 380 911 475
str9_mask.png 115950 381 844 131
str9_mask.png 116566 382 829 122
str9_mask.png 116716 383 626 187
str9_mask.png 116882 384 831 150
str9_mask.png 117166 385 847 144
str9_mask.png 117649 386 605 209
str9_mask.png 117850 387 462 448
str9_mask.png 118283 388 544 631
str9_mask.png 118566 389 689 752
str9_mask.png 118933 390 793 850
str9_mask.png 119266 391 954 907
str9_mask.png 119633 392 958 918
str9_mask.png 119900 393 1261 902
str9_mask.png 120400 394 1214 906
str9_mask.png 120616 395 1249 910
str9_mask.png 120884 396 1331 768
str9_mask.png 121150 397 1398 622
str9_mask.png 121300 398 1425 531
str9_mask.png 121734 399 1414 371
str9_mask.png 121900 400 1212 267
str9_mask.png 122067 401 1142 232
str9_mask.png 122449 402 1090 198
str9_mask.png 123250 403 675 132
str9_mask.png 123383 404 839 115
str9_mask.png 123783 405 867 105
str9_mask.png 124233 406 1029 600
str9_mask.png 124666 407 986 550
#28
str9_mask.png 169710 512 806 249
str9_mask.png 169860 513 753 203
str9_mask.png 170310 514 547 250
str9_mask.png 170477 515 666 158
str9_mask.png 170943 516 932 129
str9_mask.png 171760 517 935 165
str9_mask.png 172012 518 935 117
str9_mask.png 172379 519 1370 644
str9_mask.png 172529 520 1386 726
str9_mask.png 172829 521 1133 880
str9_mask.png 172979 522 1338 771
str9_mask.png 173279 523 1382 742
str9_mask.png 173562 524 1336 768
str9_mask.png 173862 525 420 228
str9_mask.png 174079 526 519 279
str9_mask.png 174628 527 793 849
str9_mask.png 174764 528 503 367
str9_mask.png 174880 529 452 292
str9_mask.png 175130 530 482 229
str9_mask.png 175397 531 483 232
str9_mask.png 175580 532 402 213
str9_mask.png 175813 533 581 273
str9_mask.png 176280 534 982 155
str9_mask.png 176530 535 985 148
str9_mask.png 176663 536 1201 202
str9_mask.png 176996 537 1409 320
str9_mask.png 177463 538 843 763
str9_mask.png 177646 539 721 856
str9_mask.png 177996 540 536 695
str9_mask.png 178329 541 415 515
str9_mask.png 178563 542 944 883
str9_mask.png 178846 543 952 921
str9_mask.png 179429 544 465 507
#29
str9_mask.png 160517 500 1142 417
str9_mask.png 160767 501 1065 151
str9_mask.png 160951 502 988 148
str9_mask.png 161234 503 983 96
str9_mask.png 162184 504 1001 100
str9_mask.png 162417 505 1201 138
str9_mask.png 162834 506 1347 251
str9_mask.png 163217 507 1388 300
str9_mask.png 163467 508 1467 515
str9_mask.png 163918 509 1346 753
str9_mask.png 164235 510 1445 516
str9_mask.png 165151 511 1355 760
str9_mask.png 165418 512 1376 746
str9_mask.png 166235 513 1207 906
str9_mask.png 166684 514 1138 947
str9_mask.png 167318 515 944 965
str9_mask.png 167668 516 900 950
str9_mask.png 168201 517 693 932
str9_mask.png 168501 518 659 900
str9_mask.png 169018 519 621 881
str9_mask.png 169268 520 444 698
str9_mask.png 169351 521 493 709
str9_mask.png 169551 522 459 679
str9_mask.png 170350 523 412 480
#30
str9_mask.png 144895 516 659 226
str9_mask.png 145094 517 492 286
str9_mask.png 145294 518 565 299
str9_mask.png 145461 519 726 171
str9_mask.png 145727 520 960 122
str9_mask.png 146377 521 1149 175
str9_mask.png 146561 522 1193 198
str9_mask.png 146711 523 950 126
str9_mask.png 146894 524 1197 239
str9_mask.png 147211 525 941 122
str9_mask.png 147444 526 1360 318
str9_mask.png 147545 527 1347 349
str9_mask.png 147728 528 953 147
str9_mask.png 148128 529 1383 700
str9_mask.png 148395 530 1323 788
str9_mask.png 148744 531 1136 967
str9_mask.png 148961 532 1341 746
str9_mask.png 149161 533 1379 737
str9_mask.png 149494 534 1311 810
str9_mask.png 149811 535 1383 740
str9_mask.png 150111 536 748 953
str9_mask.png 150378 537 954 974
str9_mask.png 150528 538 676 936
str9_mask.png 150728 539 730 915
str9_mask.png 150911 540 948 973
str9_mask.png 151244 541 916 941
str9_mask.png 151411 542 1146 933
str9_mask.png 151661 543 1128 945
str9_mask.png 151994 544 435 596
str9_mask.png 152160 545 454 673
str9_mask.png 152360 546 373 514
str9_mask.png 152544 547 525 260
str9_mask.png 152760 548 742 178
str9_mask.png 152944 549 981 132
str9_mask.png 153427 550 1219 187
str9_mask.png 153661 551 1348 841
str9_mask.png 153777 552 1331 788
str9_mask.png 153961 553 1385 730
str9_mask.png 154161 554 816 942
str9_mask.png 154294 555 689 903
str9_mask.png 154478 556 432 622
str9_mask.png 154644 557 385 491
#31
str9_mask.png 138028 492 882 424
str9_mask.png 138261 493 601 229
str9_mask.png 138528 494 946 93
str9_mask.png 138728 495 651 156
str9_mask.png 138911 496 478 251
str9_mask.png 139678 497 748 230
str9_mask.png 140078 498 729 162
str9_mask.png 140661 499 972 63
str9_mask.png 141045 500 1152 234
str9_mask.png 141180 501 1219 127
str9_mask.png 141514 503 1162 149
str9_mask.png 141864 504 1392 295
str9_mask.png 142264 505 1307 312
str9_mask.png 142631 506 1425 452
str9_mask.png 142931 507 1353 289
str9_mask.png 143414 508 1455 477
str9_mask.png 143747 509 1409 462
str9_mask.png 144231 510 1328 728
str9_mask.png 144581 511 1370 699
str9_mask.png 144781 512 1076 916
str9_mask.png 144981 513 884 905
str9_mask.png 145231 514 681 860
str9_mask.png 145447 515 1168 901
str9_mask.png 146132 516 452 611
str9_mask.png 146287 517 376 462
str9_mask.png 146521 518 394 383
str9_mask.png 146704 519 571 201
str9_mask.png 146920 520 749 171
str9_mask.png 147154 521 553 252
str9_mask.png 147370 522 746 135
str9_mask.png 147670 523 983 76
str9_mask.png 147996 524 1226 157
#32
str9_mask.png 141884 471 898 145
str9_mask.png 142051 472 976 131
str9_mask.png 142367 473 998 91
str9_mask.png 142551 474 1215 159
str9_mask.png 142967 475 1204 196
str9_mask.png 143250 476 1407 291
str9_mask.png 143368 477 1377 285
str9_mask.png 143601 478 1496 453
str9_mask.png 143868 479 1406 673
str9_mask.png 144101 480 1390 707
str9_mask.png 144584 481 1164 881
str9_mask.png 144935 482 945 920
str9_mask.png 145118 483 1156 899
str9_mask.png 145535 484 962 902
str9_mask.png 145918 485 731 875
str9_mask.png 146384 486 507 593
str9_mask.png 146584 487 1158 923
str9_mask.png 147218 488 442 517
str9_mask.png 147435 489 427 398
str9_mask.png 147601 490 580 225
str9_mask.png 148101 491 722 203
str9_mask.png 148218 492 740 178
str9_mask.png 148734 493 536 263
str9_mask.png 148934 494 539 263
str9_mask.png 149168 495 495 208
str9_mask.png 149484 496 469 192
str9_mask.png 150101 497 729 193
str9_mask.png 150351 498 727 193
str9_mask.png 150618 499 754 132
str9_mask.png 151068 500 758 204
str9_mask.png 151301 501 922 141
str9_mask.png 151468 502 939 134
#33
str9_mask.png 183602 508 1041 419
str9_mask.png 184064 509 660 93
str9_mask.png 184164 510 561 123
str9_mask.png 184547 511 488 106
str9_mask.png 185297 512 547 139
str9_mask.png 185597 513 578 183
str9_mask.png 185947 514 1024 42
str9_mask.png 186570 515 1399 243
str9_mask.png 186721 516 1376 641
str9_mask.png 186921 517 1384 631
str9_mask.png 187121 518 1307 193
str9_mask.png 187304 519 1155 87
str9_mask.png 188204 520 837 947
str9_mask.png 188404 521 911 904
str9_mask.png 188587 522 667 831
str9_mask.png 188921 523 1395 593
str9_mask.png 189054 524 1346 686
str9_mask.png 189504 525 1295 529
str9_mask.png 189654 526 807 110
str9_mask.png 189871 527 508 210
str9_mask.png 190371 528 868 51
str9_mask.png 190654 529 540 137
str9_mask.png 190904 530 425 168
str9_mask.png 191271 531 373 176
str9_mask.png 191487 532 875 12
str9_mask.png 191653 533 758 18
str9_mask.png 192203 535 1369 187
str9_mask.png 192737 536 1483 446
str9_mask.png 193154 537 887 919
str9_mask.png 193387 538 346 458
str9_mask.png 193471 539 393 426
#34
str9_mask.png 136675 383 1147 446
str9_mask.png 136941 384 550 325
str9_mask.png 137058 385 556 352
str9_mask.png 137258 386 540 244
str9_mask.png 137425 387 532 236
str9_mask.png 137791 388 748 227
str9_mask.png 137975 389 985 199
str9_mask.png 138875 390 1452 526
str9_mask.png 139208 391 1393 684
str9_mask.png 139475 392 1391 777
str9_mask.png 139692 393 1193 938
str9_mask.png 139942 394 965 942
str9_mask.png 140358 395 720 924
str9_mask.png 140625 396 730 925
str9_mask.png 140842 397 723 873
str9_mask.png 141025 398 532 691
str9_mask.png 141341 399 414 464
str9_mask.png 141591 400 407 461
str9_mask.png 142286 401 1337 814
str9_mask.png 142506 402 1046 751
str9_mask.png 142706 403 859 588
str9_mask.png 143256 404 969 575
str9_mask.png 143456 405 973 587
str9_mask.png 143823 406 1384 756
str9_mask.png 144735 407 577 274
str9_mask.png 144968 408 1075 641
str9_mask.png 145085 409 1090 658
str9_mask.png 145586 410 1013 763
str9_mask.png 145887 411 998 756
str9_mask.png 146104 412 1008 766
str9_mask.png 146637 413 963 734
#35
str9_mask.png 138962 467 794 388
str9_mask.png 139239 468 737 146
str9_mask.png 139422 469 936 104
str9_mask.png 139772 470 1178 144
str9_mask.png 140006 471 1405 282
str9_mask.png 140257 472 1133 207
str9_mask.png 140490 473 1173 207
str9_mask.png 140624 474 1307 306
str9_mask.png 140990 475 1408 525
str9_mask.png 141340 476 1315 740
str9_mask.png 141640 477 1416 539
str9_mask.png 141874 478 891 913
str9_mask.png 142124 479 657 905
str9_mask.png 142274 480 423 692
str9_mask.png 142406 481 456 685
str9_mask.png 142673 482 511 692
str9_mask.png 142906 483 670 891
str9_mask.png 143123 484 725 901
str9_mask.png 143606 485 926 960
str9_mask.png 143823 486 1150 936
str9_mask.png 144323 487 379 500
str9_mask.png 144506 488 359 432
str9_mask.png 144790 489 448 282
str9_mask.png 144990 490 548 256
str9_mask.png 145523 491 755 370
str9_mask.png 145656 492 720 147
str9_mask.png 146256 493 946 104
str9_mask.png 146690 494 991 130
str9_mask.png 146856 495 1176 163
str9_mask.png 147206 496 1188 173
str9_mask.png 147789 497 1150 140
str9_mask.png 148073 498 1363 313
str9_mask.png 148307 499 1172 203
str9_mask.png 148923 500 1118 149
#36
str9_mask.png 152500 484 1027 482
str9_mask.png 152700 485 513 304
str9_mask.png 153016 486 516 217
str9_mask.png 153200 487 520 230
str9_mask.png 153483 488 732 97
str9_mask.png 153800 489 962 66
str9_mask.png 154333 490 1255 154
str9_mask.png 154499 491 1206 152
str9_mask.png 154950 492 1418 368
str9_mask.png 155084 493 1476 513
str9_mask.png 155684 494 1405 719
str9_mask.png 155984 495 1183 966
str9_mask.png 156217 496 950 948
str9_mask.png 156617 497 731 905
str9_mask.png 156784 498 435 561
str9_mask.png 156867 499 425 582
str9_mask.png 157017 500 422 566
str9_mask.png 157183 501 395 384
str9_mask.png 157466 502 477 249
str9_mask.png 157900 503 685 160
str9_mask.png 158200 504 950 79
str9_mask.png 158816 505 937 135
str9_mask.png 159066 506 1271 392
str9_mask.png 159266 507 1067 158
str9_mask.png 159450 508 1079 246
str9_mask.png 159783 509 1490 312
str9_mask.png 160000 510 1270 117
str9_mask.png 160283 511 1514 331
str9_mask.png 160733 512 1503 506
str9_mask.png 160917 513 1328 746
str9_mask.png 161267 514 945 912
str9_mask.png 161483 515 910 437
str9_mask.png 161918 516 900 489
#37
str9_mask.png 134563 444 560 238
str9_mask.png 135514 445 1414 609
str9_mask.png 135715 446 1364 686
str9_mask.png 136033 447 1135 889
str9_mask.png 136247 448 878 933
str9_mask.png 136647 449 887 926
str9_mask.png 137014 450 468 617
str9_mask.png 137781 451 928 109
str9_mask.png 137964 452 1167 194
str9_mask.png 138497 453 882 101
str9_mask.png 138947 454 698 182
str9_mask.png 139214 455 1185 480
str9_mask.png 139614 456 836 392
str9_mask.png 140081 457 813 273
str9_mask.png 140931 458 968 290
str9_mask.png 141247 459 965 332
str9_mask.png 141497 460 916 313
str9_mask.png 141597 461 918 332
str9_mask.png 141747 462 907 318
str9_mask.png 141897 463 1358 281
str9_mask.png 142297 464 1344 731
str9_mask.png 142614 465 548 339
str9_mask.png 142997 466 828 71
str9_mask.png 143431 467 1016 56
str9_mask.png 143914 468 1266 242
#38
str9_mask.png 134199 421 1072 439
str9_mask.png 134615 422 980 534
str9_mask.png 135199 423 774 393
str9_mask.png 135399 424 586 299
str9_mask.png 135682 425 732 202
str9_mask.png 135882 426 983 153
str9_mask.png 136349 427 1161 192
str9_mask.png 136565 428 958 142
str9_mask.png 136965 429 958 102
str9_mask.png 137332 430 1440 409
str9_mask.png 137549 431 1328 785
str9_mask.png 137815 432 1140 948
str9_mask.png 138015 433 1190 926
str9_mask.png 138165 434 786 913
str9_mask.png 138382 435 603 824
str9_mask.png 138499 436 505 686
str9_mask.png 138682 437 367 477
str9_mask.png 138831 438 397 459
str9_mask.png 139031 439 1351 472
str9_mask.png 139131 440 1478 500
str9_mask.png 139331 441 1475 303
str9_mask.png 139748 442 1486 528
str9_mask.png 139965 443 1187 242
str9_mask.png 140181 444 1188 194
str9_mask.png 140615 445 1000 134
str9_mask.png 140865 446 763 159
str9_mask.png 141098 447 566 237
str9_mask.png 141281 448 563 229
str9_mask.png 141581 449 566 232
str9_mask.png 141865 450 556 255
str9_mask.png 142181 451 919 248
str9_mask.png 142514 452 901 263
str9_mask.png 142681 453 898 280
str9_mask.png 143015 454 916 254
str9_mask.png 144123 455 909 277
#39
str9_mask.png 127557 371 934 416
str9_mask.png 127990 372 854 42
str9_mask.png 128823 373 1298 216
str9_mask.png 129140 374 1113 82
str9_mask.png 129756 375 1454 521
str9_mask.png 129940 376 1364 696
str9_mask.png 130273 377 1391 685
str9_mask.png 130440 378 1319 758
str9_mask.png 130640 379 1159 912
str9_mask.png 130790 380 1121 925
str9_mask.png 130923 381 903 936
str9_mask.png 131173 382 655 893
str9_mask.png 131390 383 403 719
str9_mask.png 131623 384 472 647
str9_mask.png 131806 385 380 392
str9_mask.png 132089 386 366 372
str9_mask.png 132406 387 535 230
str9_mask.png 132639 388 460 210
str9_mask.png 132973 389 577 205
str9_mask.png 133272 390 723 155
str9_mask.png 133472 391 756 141
str9_mask.png 133572 392 753 159
str9_mask.png 133689 393 781 144
str9_mask.png 135090 394 1403 245
str9_mask.png 135440 395 1110 128
str9_mask.png 135673 396 1319 213
str9_mask.png 135923 397 1475 476
str9_mask.png 136189 398 1183 801
str9_mask.png 136356 399 873 915
str9_mask.png 136689 400 908 919
#40
str9_mask.png 135936 418 942 513
str9_mask.png 136203 419 884 104
str9_mask.png 136370 420 892 78
str9_mask.png 136637 421 898 90
str9_mask.png 137087 422 878 61
str9_mask.png 137387 423 729 88
str9_mask.png 137687 424 982 315
str9_mask.png 137920 425 956 404
str9_mask.png 138037 426 941 396
str9_mask.png 138270 427 955 466
str9_mask.png 139170 428 687 214
str9_mask.png 139370 429 794 202
str9_mask.png 139486 430 782 130
str9_mask.png 139637 431 759 148
str9_mask.png 139937 432 597 203
str9_mask.png 140753 433 592 227
str9_mask.png 140870 434 426 413
str9_mask.png 141003 435 438 399
str9_mask.png 141770 436 501 628
str9_mask.png 142003 437 525 648
str9_mask.png 142470 438 868 501
str9_mask.png 142736 439 1215 482
str9_mask.png 142920 440 1506 400
str9_mask.png 143020 441 1409 373
str9_mask.png 143154 442 1462 447
str9_mask.png 143571 443 1369 701
str9_mask.png 144654 444 1184 921
str9_mask.png 144938 445 917 948
str9_mask.png 145371 446 724 897
#41
str9_mask.png 123741 411 1050 198
str9_mask.png 124258 412 1240 235
str9_mask.png 124491 413 1243 234
str9_mask.png 124891 414 1275 262
str9_mask.png 125175 415 1134 258
str9_mask.png 125408 416 1378 336
str9_mask.png 125875 417 1476 511
str9_mask.png 126408 418 1378 705
str9_mask.png 126825 419 1333 762
str9_mask.png 127092 420 1129 910
str9_mask.png 127558 421 827 952
str9_mask.png 128125 422 594 939
str9_mask.png 128392 423 483 925
str9_mask.png 128524 424 628 896
str9_mask.png 128774 425 635 867
str9_mask.png 128908 426 353 708
str9_mask.png 129224 427 272 617
str9_mask.png 129474 428 243 546
str9_mask.png 129724 429 358 349
str9_mask.png 130024 430 454 294
str9_mask.png 130224 431 676 243
str9_mask.png 130774 432 925 221
str9_mask.png 131241 433 985 217
str9_mask.png 131741 434 954 402
#42
str9_mask.png 140196 460 960 502
str9_mask.png 140413 461 753 124
str9_mask.png 140696 462 909 65
str9_mask.png 141063 463 474 188
str9_mask.png 141179 464 527 192
str9_mask.png 141412 465 562 208
str9_mask.png 141579 466 729 82
str9_mask.png 141829 467 1173 91
str9_mask.png 142079 468 1345 199
str9_mask.png 142213 469 1157 132
str9_mask.png 143263 470 1160 156
str9_mask.png 143846 471 1388 317
str9_mask.png 143963 472 1152 174
str9_mask.png 144463 473 1447 520
str9_mask.png 144629 474 1431 471
str9_mask.png 144896 475 1419 485
str9_mask.png 145179 476 1359 728
str9_mask.png 145496 477 1370 697
str9_mask.png 145779 478 1335 733
str9_mask.png 146029 479 1358 718
str9_mask.png 146296 480 1165 870
str9_mask.png 146713 481 898 910
str9_mask.png 146863 482 420 552
str9_mask.png 147062 483 373 410
str9_mask.png 147529 484 475 618
str9_mask.png 147812 485 698 836
str9_mask.png 148129 486 741 835
str9_mask.png 148412 487 942 902
str9_mask.png 149162 488 497 611
str9_mask.png 149395 489 522 623
str9_mask.png 149679 490 467 612
#43
